x, y, z, u

0, 0, 0, 3.40475e-50, 

0, 1, 0, 3.40475e-50, 

0, 2, 0, 2.64138e-50, 

0, 3, 0, 1.71301e-50, 

0, 4, 0, 9.66979e-51, 

0, 5, 0, 4.88159e-51, 

0, 6, 0, 2.25004e-51, 

0, 7, 0, 9.63309e-52, 

0, 8, 0, 3.88855e-52, 

0, 9, 0, 1.4999e-52, 

0, 10, 0, 5.59525e-53, 

0, 11, 0, 2.04062e-53, 

0, 12, 0, 7.34609e-54, 

0, 13, 0, 2.63205e-54, 

0, 14, 0, 9.45022e-55, 

0, 15, 0, 3.41815e-55, 

0, 16, 0, 1.24998e-55, 

0, 17, 0, 4.63e-56, 

0, 18, 0, 1.73732e-56, 

0, 19, 0, 6.59395e-57, 

0, 20, 0, 2.52425e-57, 

0, 21, 0, 9.70806e-58, 

0, 22, 0, 3.7339e-58, 

0, 23, 0, 1.42937e-58, 

0, 24, 0, 5.42101e-59, 

0, 25, 0, 2.02854e-59, 

0, 26, 0, 7.46415e-60, 

0, 27, 0, 2.69386e-60, 

0, 28, 0, 9.52059e-61, 

0, 29, 0, 3.29269e-61, 

0, 30, 0, 1.11462e-61, 

0, 31, 0, 3.697e-62, 

0, 32, 0, 1.20371e-62, 

0, 33, 0, 3.85711e-63, 

0, 34, 0, 1.22028e-63, 

0, 35, 0, 3.82602e-64, 

0, 36, 0, 1.19389e-64, 

0, 37, 0, 3.72466e-65, 

0, 38, 0, 1.16731e-65, 

0, 39, 0, 3.69288e-66, 

0, 40, 0, 1.18486e-66, 

0, 41, 0, 3.87259e-67, 

0, 42, 0, 1.29437e-67, 

0, 43, 0, 4.4381e-68, 

0, 44, 0, 1.56437e-68, 

0, 45, 0, 5.67382e-69, 

0, 46, 0, 2.11631e-69, 

0, 47, 0, 8.10128e-70, 

0, 48, 0, 3.17141e-70, 

0, 49, 0, 1.26363e-70, 

0, 50, 0, 5.10263e-71, 

0, 51, 0, 2.09907e-71, 

0, 52, 0, 9.42266e-72, 

0, 53, 0, 6.41781e-72, 

0, 54, 0, 9.99109e-72, 

0, 55, 0, 2.51495e-71, 

0, 56, 0, 7.11947e-71, 

0, 57, 0, 2.08383e-70, 

0, 58, 0, 6.23992e-70, 

0, 59, 0, 1.91188e-69, 

0, 60, 0, 5.99971e-69, 

0, 61, 0, 1.92926e-68, 

0, 62, 0, 6.35568e-68, 

0, 63, 0, 2.14334e-67, 

0, 64, 0, 7.38844e-67, 

0, 65, 0, 2.59817e-66, 

0, 66, 0, 9.29622e-66, 

0, 67, 0, 3.37379e-65, 

0, 68, 0, 1.23752e-64, 

0, 69, 0, 4.56975e-64, 

0, 70, 0, 1.69165e-63, 

0, 71, 0, 6.25041e-63, 

0, 72, 0, 2.29504e-62, 

0, 73, 0, 8.33895e-62, 

0, 74, 0, 2.98636e-61, 

0, 75, 0, 1.05033e-60, 

0, 76, 0, 3.61675e-60, 

0, 77, 0, 1.21627e-59, 

0, 78, 0, 3.98706e-59, 

0, 79, 0, 1.2725e-58, 

0, 80, 0, 3.95198e-58, 

0, 81, 0, 1.19444e-57, 

0, 82, 0, 3.51569e-57, 

0, 83, 0, 1.00904e-56, 

0, 84, 0, 2.82898e-56, 

0, 85, 0, 7.7655e-56, 

0, 86, 0, 2.09271e-55, 

0, 87, 0, 5.55421e-55, 

0, 88, 0, 1.45694e-54, 

0, 89, 0, 3.7918e-54, 

0, 90, 0, 9.83119e-54, 

0, 91, 0, 2.55003e-53, 

0, 92, 0, 6.64459e-53, 

0, 93, 0, 1.74619e-52, 

0, 94, 0, 4.64481e-52, 

0, 95, 0, 1.25438e-51, 

0, 96, 0, 3.44764e-51, 

0, 97, 0, 9.66006e-51, 

0, 98, 0, 2.76179e-50, 

0, 99, 0, 8.05726e-50, 

0, 100, 0, 2.39685e-49, 

0, 101, 0, 7.25866e-49, 

0, 102, 0, 2.23244e-48, 

0, 103, 0, 6.95002e-48, 

0, 104, 0, 2.18115e-47, 

0, 105, 0, 6.86627e-47, 

0, 106, 0, 2.15556e-46, 

0, 107, 0, 6.70345e-46, 

0, 108, 0, 2.04956e-45, 

0, 109, 0, 6.10934e-45, 

0, 110, 0, 1.759e-44, 

0, 111, 0, 4.84222e-44, 

0, 112, 0, 1.26025e-43, 

0, 113, 0, 3.06282e-43, 

0, 114, 0, 6.85463e-43, 

0, 115, 0, 1.39006e-42, 

0, 116, 0, 2.50439e-42, 

0, 117, 0, 3.90484e-42, 

0, 118, 0, 5.06313e-42, 

0, 119, 0, 5.06313e-42, 

1, 0, 0, 3.40475e-50, 

1, 1, 0, 3.40475e-50, 

1, 2, 0, 2.64138e-50, 

1, 3, 0, 1.71301e-50, 

1, 4, 0, 9.66979e-51, 

1, 5, 0, 4.88159e-51, 

1, 6, 0, 2.25004e-51, 

1, 7, 0, 9.63309e-52, 

1, 8, 0, 3.88855e-52, 

1, 9, 0, 1.4999e-52, 

1, 10, 0, 5.59525e-53, 

1, 11, 0, 2.04062e-53, 

1, 12, 0, 7.34609e-54, 

1, 13, 0, 2.63205e-54, 

1, 14, 0, 9.45022e-55, 

1, 15, 0, 3.41815e-55, 

1, 16, 0, 1.24998e-55, 

1, 17, 0, 4.63e-56, 

1, 18, 0, 1.73732e-56, 

1, 19, 0, 6.59395e-57, 

1, 20, 0, 2.52425e-57, 

1, 21, 0, 9.70806e-58, 

1, 22, 0, 3.7339e-58, 

1, 23, 0, 1.42937e-58, 

1, 24, 0, 5.42101e-59, 

1, 25, 0, 2.02854e-59, 

1, 26, 0, 7.46415e-60, 

1, 27, 0, 2.69386e-60, 

1, 28, 0, 9.52059e-61, 

1, 29, 0, 3.29269e-61, 

1, 30, 0, 1.11462e-61, 

1, 31, 0, 3.697e-62, 

1, 32, 0, 1.20371e-62, 

1, 33, 0, 3.85711e-63, 

1, 34, 0, 1.22028e-63, 

1, 35, 0, 3.82602e-64, 

1, 36, 0, 1.19389e-64, 

1, 37, 0, 3.72466e-65, 

1, 38, 0, 1.16731e-65, 

1, 39, 0, 3.69288e-66, 

1, 40, 0, 1.18486e-66, 

1, 41, 0, 3.87259e-67, 

1, 42, 0, 1.29437e-67, 

1, 43, 0, 4.4381e-68, 

1, 44, 0, 1.56437e-68, 

1, 45, 0, 5.67382e-69, 

1, 46, 0, 2.11631e-69, 

1, 47, 0, 8.10128e-70, 

1, 48, 0, 3.17141e-70, 

1, 49, 0, 1.26363e-70, 

1, 50, 0, 5.10263e-71, 

1, 51, 0, 2.09907e-71, 

1, 52, 0, 9.42266e-72, 

1, 53, 0, 6.41781e-72, 

1, 54, 0, 9.99109e-72, 

1, 55, 0, 2.51495e-71, 

1, 56, 0, 7.11947e-71, 

1, 57, 0, 2.08383e-70, 

1, 58, 0, 6.23992e-70, 

1, 59, 0, 1.91188e-69, 

1, 60, 0, 5.99971e-69, 

1, 61, 0, 1.92926e-68, 

1, 62, 0, 6.35568e-68, 

1, 63, 0, 2.14334e-67, 

1, 64, 0, 7.38844e-67, 

1, 65, 0, 2.59817e-66, 

1, 66, 0, 9.29622e-66, 

1, 67, 0, 3.37379e-65, 

1, 68, 0, 1.23752e-64, 

1, 69, 0, 4.56975e-64, 

1, 70, 0, 1.69165e-63, 

1, 71, 0, 6.25041e-63, 

1, 72, 0, 2.29504e-62, 

1, 73, 0, 8.33895e-62, 

1, 74, 0, 2.98636e-61, 

1, 75, 0, 1.05033e-60, 

1, 76, 0, 3.61675e-60, 

1, 77, 0, 1.21627e-59, 

1, 78, 0, 3.98706e-59, 

1, 79, 0, 1.2725e-58, 

1, 80, 0, 3.95198e-58, 

1, 81, 0, 1.19444e-57, 

1, 82, 0, 3.51569e-57, 

1, 83, 0, 1.00904e-56, 

1, 84, 0, 2.82898e-56, 

1, 85, 0, 7.7655e-56, 

1, 86, 0, 2.09271e-55, 

1, 87, 0, 5.55421e-55, 

1, 88, 0, 1.45694e-54, 

1, 89, 0, 3.7918e-54, 

1, 90, 0, 9.83119e-54, 

1, 91, 0, 2.55003e-53, 

1, 92, 0, 6.64459e-53, 

1, 93, 0, 1.74619e-52, 

1, 94, 0, 4.64481e-52, 

1, 95, 0, 1.25438e-51, 

1, 96, 0, 3.44764e-51, 

1, 97, 0, 9.66006e-51, 

1, 98, 0, 2.76179e-50, 

1, 99, 0, 8.05726e-50, 

1, 100, 0, 2.39685e-49, 

1, 101, 0, 7.25866e-49, 

1, 102, 0, 2.23244e-48, 

1, 103, 0, 6.95002e-48, 

1, 104, 0, 2.18115e-47, 

1, 105, 0, 6.86627e-47, 

1, 106, 0, 2.15556e-46, 

1, 107, 0, 6.70345e-46, 

1, 108, 0, 2.04956e-45, 

1, 109, 0, 6.10934e-45, 

1, 110, 0, 1.759e-44, 

1, 111, 0, 4.84222e-44, 

1, 112, 0, 1.26025e-43, 

1, 113, 0, 3.06282e-43, 

1, 114, 0, 6.85463e-43, 

1, 115, 0, 1.39006e-42, 

1, 116, 0, 2.50439e-42, 

1, 117, 0, 3.90484e-42, 

1, 118, 0, 5.06313e-42, 

1, 119, 0, 5.06313e-42, 

2, 0, 0, 2.50301e-50, 

2, 1, 0, 2.50301e-50, 

2, 2, 0, 1.91644e-50, 

2, 3, 0, 1.22105e-50, 

2, 4, 0, 6.75939e-51, 

2, 5, 0, 3.34458e-51, 

2, 6, 0, 1.51144e-51, 

2, 7, 0, 6.3503e-52, 

2, 8, 0, 2.51921e-52, 

2, 9, 0, 9.56704e-53, 

2, 10, 0, 3.52129e-53, 

2, 11, 0, 1.27007e-53, 

2, 12, 0, 4.53277e-54, 

2, 13, 0, 1.61398e-54, 

2, 14, 0, 5.77223e-55, 

2, 15, 0, 2.08395e-55, 

2, 16, 0, 7.61986e-56, 

2, 17, 0, 2.82584e-56, 

2, 18, 0, 1.06254e-56, 

2, 19, 0, 4.04291e-57, 

2, 20, 0, 1.5515e-57, 

2, 21, 0, 5.97932e-58, 

2, 22, 0, 2.30293e-58, 

2, 23, 0, 8.82014e-59, 

2, 24, 0, 3.34337e-59, 

2, 25, 0, 1.24913e-59, 

2, 26, 0, 4.58448e-60, 

2, 27, 0, 1.64881e-60, 

2, 28, 0, 5.80231e-61, 

2, 29, 0, 1.99689e-61, 

2, 30, 0, 6.72361e-62, 

2, 31, 0, 2.21764e-62, 

2, 32, 0, 7.17981e-63, 

2, 33, 0, 2.28813e-63, 

2, 34, 0, 7.20254e-64, 

2, 35, 0, 2.24832e-64, 

2, 36, 0, 6.99076e-65, 

2, 37, 0, 2.17544e-65, 

2, 38, 0, 6.80873e-66, 

2, 39, 0, 2.15392e-66, 

2, 40, 0, 6.92009e-67, 

2, 41, 0, 2.2679e-67, 

2, 42, 0, 7.61052e-68, 

2, 43, 0, 2.62286e-68, 

2, 44, 0, 9.30092e-69, 

2, 45, 0, 3.39567e-69, 

2, 46, 0, 1.27524e-69, 

2, 47, 0, 4.91432e-70, 

2, 48, 0, 1.93567e-70, 

2, 49, 0, 7.75345e-71, 

2, 50, 0, 3.14398e-71, 

2, 51, 0, 1.29705e-71, 

2, 52, 0, 5.82888e-72, 

2, 53, 0, 3.9595e-72, 

2, 54, 0, 6.12516e-72, 

2, 55, 0, 1.53274e-71, 

2, 56, 0, 4.31471e-71, 

2, 57, 0, 1.25567e-70, 

2, 58, 0, 3.73822e-70, 

2, 59, 0, 1.13881e-69, 

2, 60, 0, 3.55411e-69, 

2, 61, 0, 1.13702e-68, 

2, 62, 0, 3.7286e-68, 

2, 63, 0, 1.25245e-67, 

2, 64, 0, 4.30368e-67, 

2, 65, 0, 1.50987e-66, 

2, 66, 0, 5.39463e-66, 

2, 67, 0, 1.95691e-65, 

2, 68, 0, 7.18159e-65, 

2, 69, 0, 2.65573e-64, 

2, 70, 0, 9.85384e-64, 

2, 71, 0, 3.65219e-63, 

2, 72, 0, 1.34611e-62, 

2, 73, 0, 4.91235e-62, 

2, 74, 0, 1.76763e-61, 

2, 75, 0, 6.24836e-61, 

2, 76, 0, 2.16279e-60, 

2, 77, 0, 7.31131e-60, 

2, 78, 0, 2.40904e-59, 

2, 79, 0, 7.72669e-59, 

2, 80, 0, 2.41084e-58, 

2, 81, 0, 7.31772e-58, 

2, 82, 0, 2.16215e-57, 

2, 83, 0, 6.22608e-57, 

2, 84, 0, 1.75027e-56, 

2, 85, 0, 4.81408e-56, 

2, 86, 0, 1.29895e-55, 

2, 87, 0, 3.44898e-55, 

2, 88, 0, 9.0432e-55, 

2, 89, 0, 2.35048e-54, 

2, 90, 0, 6.08109e-54, 

2, 91, 0, 1.57269e-53, 

2, 92, 0, 4.08316e-53, 

2, 93, 0, 1.06861e-52, 

2, 94, 0, 2.8298e-52, 

2, 95, 0, 7.60718e-52, 

2, 96, 0, 2.08153e-51, 

2, 97, 0, 5.80862e-51, 

2, 98, 0, 1.65501e-50, 

2, 99, 0, 4.81622e-50, 

2, 100, 0, 1.43078e-49, 

2, 101, 0, 4.33317e-49, 

2, 102, 0, 1.33487e-48, 

2, 103, 0, 4.16996e-48, 

2, 104, 0, 1.31569e-47, 

2, 105, 0, 4.17239e-47, 

2, 106, 0, 1.32226e-46, 

2, 107, 0, 4.15956e-46, 

2, 108, 0, 1.28904e-45, 

2, 109, 0, 3.90184e-45, 

2, 110, 0, 1.14272e-44, 

2, 111, 0, 3.20433e-44, 

2, 112, 0, 8.50467e-44, 

2, 113, 0, 2.10937e-43, 

2, 114, 0, 4.81925e-43, 

2, 115, 0, 9.97436e-43, 

2, 116, 0, 1.83224e-42, 

2, 117, 0, 2.90654e-42, 

2, 118, 0, 3.81648e-42, 

2, 119, 0, 3.81648e-42, 

3, 0, 0, 1.47313e-50, 

3, 1, 0, 1.47313e-50, 

3, 2, 0, 1.10714e-50, 

3, 3, 0, 6.87471e-51, 

3, 4, 0, 3.69709e-51, 

3, 5, 0, 1.77515e-51, 

3, 6, 0, 7.78595e-52, 

3, 7, 0, 3.17868e-52, 

3, 8, 0, 1.22771e-52, 

3, 9, 0, 4.55101e-53, 

3, 10, 0, 1.64006e-53, 

3, 11, 0, 5.8116e-54, 

3, 12, 0, 2.04505e-54, 

3, 13, 0, 7.20588e-55, 

3, 14, 0, 2.55915e-55, 

3, 15, 0, 9.20412e-56, 

3, 16, 0, 3.36175e-56, 

3, 17, 0, 1.24801e-56, 

3, 18, 0, 4.70453e-57, 

3, 19, 0, 1.79602e-57, 

3, 20, 0, 6.91643e-58, 

3, 21, 0, 2.67371e-58, 

3, 22, 0, 1.03204e-58, 

3, 23, 0, 3.9566e-59, 

3, 24, 0, 1.49919e-59, 

3, 25, 0, 5.59075e-60, 

3, 26, 0, 2.04511e-60, 

3, 27, 0, 7.32119e-61, 

3, 28, 0, 2.56151e-61, 

3, 29, 0, 8.75635e-62, 

3, 30, 0, 2.92646e-62, 

3, 31, 0, 9.57682e-63, 

3, 32, 0, 3.07597e-63, 

3, 33, 0, 9.72679e-64, 

3, 34, 0, 3.03957e-64, 

3, 35, 0, 9.42714e-65, 

3, 36, 0, 2.9156e-65, 

3, 37, 0, 9.03732e-66, 

3, 38, 0, 2.82204e-66, 

3, 39, 0, 8.92328e-67, 

3, 40, 0, 2.87109e-67, 

3, 41, 0, 9.44168e-68, 

3, 42, 0, 3.18529e-68, 

3, 43, 0, 1.10547e-68, 

3, 44, 0, 3.95302e-69, 

3, 45, 0, 1.45671e-69, 

3, 46, 0, 5.52425e-70, 

3, 47, 0, 2.14948e-70, 

3, 48, 0, 8.54288e-71, 

3, 49, 0, 3.44884e-71, 

3, 50, 0, 1.40732e-71, 

3, 51, 0, 5.83185e-72, 

3, 52, 0, 2.62571e-72, 

3, 53, 0, 1.77643e-72, 

3, 54, 0, 2.72135e-72, 

3, 55, 0, 6.7503e-72, 

3, 56, 0, 1.88504e-71, 

3, 57, 0, 5.44192e-71, 

3, 58, 0, 1.60716e-70, 

3, 59, 0, 4.85809e-70, 

3, 60, 0, 1.50507e-69, 

3, 61, 0, 4.78285e-69, 

3, 62, 0, 1.55924e-68, 

3, 63, 0, 5.21192e-68, 

3, 64, 0, 1.7841e-67, 

3, 65, 0, 6.24283e-67, 

3, 66, 0, 2.22747e-66, 

3, 67, 0, 8.07959e-66, 

3, 68, 0, 2.96864e-65, 

3, 69, 0, 1.10044e-64, 

3, 70, 0, 4.09755e-64, 

3, 71, 0, 1.5256e-63, 

3, 72, 0, 5.65327e-63, 

3, 73, 0, 2.07555e-62, 

3, 74, 0, 7.51752e-62, 

3, 75, 0, 2.67566e-61, 

3, 76, 0, 9.32668e-61, 

3, 77, 0, 3.17507e-60, 

3, 78, 0, 1.05338e-59, 

3, 79, 0, 3.40097e-59, 

3, 80, 0, 1.06776e-58, 

3, 81, 0, 3.25955e-58, 

3, 82, 0, 9.67998e-58, 

3, 83, 0, 2.79957e-57, 

3, 84, 0, 7.89765e-57, 

3, 85, 0, 2.17771e-56, 

3, 86, 0, 5.88443e-56, 

3, 87, 0, 1.56285e-55, 

3, 88, 0, 4.09383e-55, 

3, 89, 0, 1.06171e-54, 

3, 90, 0, 2.73749e-54, 

3, 91, 0, 7.04796e-54, 

3, 92, 0, 1.81999e-53, 

3, 93, 0, 4.73432e-53, 

3, 94, 0, 1.24565e-52, 

3, 95, 0, 3.32702e-52, 

3, 96, 0, 9.04815e-52, 

3, 97, 0, 2.51142e-51, 

3, 98, 0, 7.12532e-51, 

3, 99, 0, 2.06789e-50, 

3, 100, 0, 6.13796e-50, 

3, 101, 0, 1.86142e-49, 

3, 102, 0, 5.75635e-49, 

3, 103, 0, 1.81006e-48, 

3, 104, 0, 5.76541e-48, 

3, 105, 0, 1.85136e-47, 

3, 106, 0, 5.9591e-47, 

3, 107, 0, 1.90973e-46, 

3, 108, 0, 6.04649e-46, 

3, 109, 0, 1.87487e-45, 

3, 110, 0, 5.63801e-45, 

3, 111, 0, 1.62651e-44, 

3, 112, 0, 4.44784e-44, 

3, 113, 0, 1.13765e-43, 

3, 114, 0, 2.68092e-43, 

3, 115, 0, 5.71943e-43, 

3, 116, 0, 1.081e-42, 

3, 117, 0, 1.75795e-42, 

3, 118, 0, 2.34926e-42, 

3, 119, 0, 2.34926e-42, 

4, 0, 0, 7.23727e-51, 

4, 1, 0, 7.23727e-51, 

4, 2, 0, 5.32224e-51, 

4, 3, 0, 3.20517e-51, 

4, 4, 0, 1.66471e-51, 

4, 5, 0, 7.70637e-52, 

4, 6, 0, 3.25858e-52, 

4, 7, 0, 1.28401e-52, 

4, 8, 0, 4.79686e-53, 

4, 9, 0, 1.72501e-53, 

4, 10, 0, 6.05244e-54, 

4, 11, 0, 2.0966e-54, 

4, 12, 0, 7.24373e-55, 

4, 13, 0, 2.51712e-55, 

4, 14, 0, 8.85399e-56, 

4, 15, 0, 3.16644e-56, 

4, 16, 0, 1.15396e-56, 

4, 17, 0, 4.28621e-57, 

4, 18, 0, 1.61976e-57, 

4, 19, 0, 6.20613e-58, 

4, 20, 0, 2.39949e-58, 

4, 21, 0, 9.30947e-59, 

4, 22, 0, 3.60317e-59, 

4, 23, 0, 1.38329e-59, 

4, 24, 0, 5.24049e-60, 

4, 25, 0, 1.95065e-60, 

4, 26, 0, 7.11048e-61, 

4, 27, 0, 2.53259e-61, 

4, 28, 0, 8.80416e-62, 

4, 29, 0, 2.987e-62, 

4, 30, 0, 9.89935e-63, 

4, 31, 0, 3.21074e-63, 

4, 32, 0, 1.02188e-63, 

4, 33, 0, 3.20248e-64, 

4, 34, 0, 9.92322e-65, 

4, 35, 0, 3.05439e-65, 

4, 36, 0, 9.38671e-66, 

4, 37, 0, 2.89566e-66, 

4, 38, 0, 9.01572e-67, 

4, 39, 0, 2.84839e-67, 

4, 40, 0, 9.17769e-68, 

4, 41, 0, 3.0293e-68, 

4, 42, 0, 1.02804e-68, 

4, 43, 0, 3.59624e-69, 

4, 44, 0, 1.29834e-69, 

4, 45, 0, 4.83615e-70, 

4, 46, 0, 1.85491e-70, 

4, 47, 0, 7.29927e-71, 

4, 48, 0, 2.93182e-71, 

4, 49, 0, 1.19463e-71, 

4, 50, 0, 4.91151e-72, 

4, 51, 0, 2.0463e-72, 

4, 52, 0, 9.23474e-73, 

4, 53, 0, 6.21744e-73, 

4, 54, 0, 9.41229e-73, 

4, 55, 0, 2.31057e-72, 

4, 56, 0, 6.39304e-72, 

4, 57, 0, 1.82893e-71, 

4, 58, 0, 5.35343e-71, 

4, 59, 0, 1.60448e-70, 

4, 60, 0, 4.93162e-70, 

4, 61, 0, 1.55612e-69, 

4, 62, 0, 5.04223e-69, 

4, 63, 0, 1.6771e-68, 

4, 64, 0, 5.7198e-68, 

4, 65, 0, 1.99675e-67, 

4, 66, 0, 7.11767e-67, 

4, 67, 0, 2.58287e-66, 

4, 68, 0, 9.50711e-66, 

4, 69, 0, 3.53501e-65, 

4, 70, 0, 1.32185e-64, 

4, 71, 0, 4.94735e-64, 

4, 72, 0, 1.84448e-63, 

4, 73, 0, 6.81767e-63, 

4, 74, 0, 2.48722e-62, 

4, 75, 0, 8.9194e-62, 

4, 76, 0, 3.13295e-61, 

4, 77, 0, 1.07471e-60, 

4, 78, 0, 3.59221e-60, 

4, 79, 0, 1.16811e-59, 

4, 80, 0, 3.69216e-59, 

4, 81, 0, 1.1341e-58, 

4, 82, 0, 3.38655e-58, 

4, 83, 0, 9.84033e-58, 

4, 84, 0, 2.78634e-57, 

4, 85, 0, 7.70323e-57, 

4, 86, 0, 2.08437e-56, 

4, 87, 0, 5.53599e-56, 

4, 88, 0, 1.4481e-55, 

4, 89, 0, 3.7449e-55, 

4, 90, 0, 9.61505e-55, 

4, 91, 0, 2.46202e-54, 

4, 92, 0, 6.31667e-54, 

4, 93, 0, 1.63141e-53, 

4, 94, 0, 4.26036e-53, 

4, 95, 0, 1.12954e-52, 

4, 96, 0, 3.05104e-52, 

4, 97, 0, 8.41989e-52, 

4, 98, 0, 2.3788e-51, 

4, 99, 0, 6.88834e-51, 

4, 100, 0, 2.04501e-50, 

4, 101, 0, 6.22043e-50, 

4, 102, 0, 1.9355e-49, 

4, 103, 0, 6.14452e-49, 

4, 104, 0, 1.98306e-48, 

4, 105, 0, 6.4761e-48, 

4, 106, 0, 2.12777e-47, 

4, 107, 0, 6.98549e-47, 

4, 108, 0, 2.27341e-46, 

4, 109, 0, 7.26824e-46, 

4, 110, 0, 2.25954e-45, 

4, 111, 0, 6.75326e-45, 

4, 112, 0, 1.91614e-44, 

4, 113, 0, 5.0892e-44, 

4, 114, 0, 1.24525e-43, 

4, 115, 0, 2.75521e-43, 

4, 116, 0, 5.38689e-43, 

4, 117, 0, 9.01927e-43, 

4, 118, 0, 1.22997e-42, 

4, 119, 0, 1.22997e-42, 

5, 0, 0, 3.04633e-51, 

5, 1, 0, 3.04633e-51, 

5, 2, 0, 2.18747e-51, 

5, 3, 0, 1.27347e-51, 

5, 4, 0, 6.36206e-52, 

5, 5, 0, 2.82653e-52, 

5, 6, 0, 1.14657e-52, 

5, 7, 0, 4.33867e-53, 

5, 8, 0, 1.55992e-53, 

5, 9, 0, 5.41577e-54, 

5, 10, 0, 1.8417e-54, 

5, 11, 0, 6.21126e-55, 

5, 12, 0, 2.09952e-55, 

5, 13, 0, 7.17359e-56, 

5, 14, 0, 2.49334e-56, 

5, 15, 0, 8.85135e-57, 

5, 16, 0, 3.21483e-57, 

5, 17, 0, 1.19392e-57, 

5, 18, 0, 4.5218e-58, 

5, 19, 0, 1.73884e-58, 

5, 20, 0, 6.75101e-59, 

5, 21, 0, 2.62953e-59, 

5, 22, 0, 1.02084e-59, 

5, 23, 0, 3.9257e-60, 

5, 24, 0, 1.48729e-60, 

5, 25, 0, 5.5266e-61, 

5, 26, 0, 2.00756e-61, 

5, 27, 0, 7.11386e-62, 

5, 28, 0, 2.45675e-62, 

5, 29, 0, 8.27008e-63, 

5, 30, 0, 2.71692e-63, 

5, 31, 0, 8.72982e-64, 

5, 32, 0, 2.75178e-64, 

5, 33, 0, 8.54204e-65, 

5, 34, 0, 2.62302e-65, 

5, 35, 0, 8.00811e-66, 

5, 36, 0, 2.44413e-66, 

5, 37, 0, 7.50017e-67, 

5, 38, 0, 2.32748e-67, 

5, 39, 0, 7.34532e-68, 

5, 40, 0, 2.36981e-68, 

5, 41, 0, 7.85171e-69, 

5, 42, 0, 2.68114e-69, 

5, 43, 0, 9.45794e-70, 

5, 44, 0, 3.4496e-70, 

5, 45, 0, 1.2998e-70, 

5, 46, 0, 5.04648e-71, 

5, 47, 0, 2.0101e-71, 

5, 48, 0, 8.16636e-72, 

5, 49, 0, 3.36106e-72, 

5, 50, 0, 1.39314e-72, 

5, 51, 0, 5.83847e-73, 

5, 52, 0, 2.6416e-73, 

5, 53, 0, 1.7689e-73, 

5, 54, 0, 2.64287e-73, 

5, 55, 0, 6.41508e-73, 

5, 56, 0, 1.75774e-72, 

5, 57, 0, 4.98145e-72, 

5, 58, 0, 1.4449e-71, 

5, 59, 0, 4.29355e-71, 

5, 60, 0, 1.30943e-70, 

5, 61, 0, 4.10352e-70, 

5, 62, 0, 1.32203e-69, 

5, 63, 0, 4.37741e-69, 

5, 64, 0, 1.48817e-68, 

5, 65, 0, 5.18566e-68, 

5, 66, 0, 1.84771e-67, 

5, 67, 0, 6.71141e-67, 

5, 68, 0, 2.47596e-66, 

5, 69, 0, 9.23849e-66, 

5, 70, 0, 3.47041e-65, 

5, 71, 0, 1.30607e-64, 

5, 72, 0, 4.89997e-64, 

5, 73, 0, 1.82364e-63, 

5, 74, 0, 6.7016e-63, 

5, 75, 0, 2.42142e-62, 

5, 76, 0, 8.57039e-62, 

5, 77, 0, 2.96232e-61, 

5, 78, 0, 9.97522e-61, 

5, 79, 0, 3.26694e-60, 

5, 80, 0, 1.03957e-59, 

5, 81, 0, 3.21298e-59, 

5, 82, 0, 9.64735e-59, 

5, 83, 0, 2.8164e-58, 

5, 84, 0, 8.00432e-58, 

5, 85, 0, 2.21853e-57, 

5, 86, 0, 6.01034e-57, 

5, 87, 0, 1.59597e-56, 

5, 88, 0, 4.16742e-56, 

5, 89, 0, 1.07419e-55, 

5, 90, 0, 2.74488e-55, 

5, 91, 0, 6.98597e-55, 

5, 92, 0, 1.77965e-54, 

5, 93, 0, 4.56059e-54, 

5, 94, 0, 1.18144e-53, 

5, 95, 0, 3.10801e-53, 

5, 96, 0, 8.33657e-53, 

5, 97, 0, 2.28764e-52, 

5, 98, 0, 6.4387e-52, 

5, 99, 0, 1.86191e-51, 

5, 100, 0, 5.53603e-51, 

5, 101, 0, 1.69209e-50, 

5, 102, 0, 5.31e-50, 

5, 103, 0, 1.70689e-49, 

5, 104, 0, 5.601e-49, 

5, 105, 0, 1.86758e-48, 

5, 106, 0, 6.2912e-48, 

5, 107, 0, 2.12608e-47, 

5, 108, 0, 7.14886e-47, 

5, 109, 0, 2.36911e-46, 

5, 110, 0, 7.65537e-46, 

5, 111, 0, 2.38324e-45, 

5, 112, 0, 7.05326e-45, 

5, 113, 0, 1.95501e-44, 

5, 114, 0, 4.98989e-44, 

5, 115, 0, 1.14976e-43, 

5, 116, 0, 2.33346e-43, 

5, 117, 0, 4.03297e-43, 

5, 118, 0, 5.6212e-43, 

5, 119, 0, 5.6212e-43, 

6, 0, 0, 1.11966e-51, 

6, 1, 0, 1.11966e-51, 

6, 2, 0, 7.83916e-52, 

6, 3, 0, 4.40185e-52, 

6, 4, 0, 2.10925e-52, 

6, 5, 0, 8.9635e-53, 

6, 6, 0, 3.4753e-53, 

6, 7, 0, 1.25793e-53, 

6, 8, 0, 4.33527e-54, 

6, 9, 0, 1.44732e-54, 

6, 10, 0, 4.75209e-55, 

6, 11, 0, 1.55484e-55, 

6, 12, 0, 5.12569e-56, 

6, 13, 0, 1.71742e-56, 

6, 14, 0, 5.88548e-57, 

6, 15, 0, 2.0705e-57, 

6, 16, 0, 7.48564e-58, 

6, 17, 0, 2.7774e-58, 

6, 18, 0, 1.05374e-58, 

6, 19, 0, 4.06608e-59, 

6, 20, 0, 1.58523e-59, 

6, 21, 0, 6.1994e-60, 

6, 22, 0, 2.41446e-60, 

6, 23, 0, 9.30257e-61, 

6, 24, 0, 3.5253e-61, 

6, 25, 0, 1.30798e-61, 

6, 26, 0, 4.73568e-62, 

6, 27, 0, 1.66978e-62, 

6, 28, 0, 5.72935e-63, 

6, 29, 0, 1.9138e-63, 

6, 30, 0, 6.23276e-64, 

6, 31, 0, 1.98399e-64, 

6, 32, 0, 6.19361e-65, 

6, 33, 0, 1.9042e-65, 

6, 34, 0, 5.79383e-66, 

6, 35, 0, 1.75417e-66, 

6, 36, 0, 5.31599e-67, 

6, 37, 0, 1.62238e-67, 

6, 38, 0, 5.01699e-68, 

6, 39, 0, 1.58134e-68, 

6, 40, 0, 5.10799e-69, 

6, 41, 0, 1.69876e-69, 

6, 42, 0, 5.83717e-70, 

6, 43, 0, 2.07677e-70, 

6, 44, 0, 7.65415e-71, 

6, 45, 0, 2.91834e-71, 

6, 46, 0, 1.14732e-71, 

6, 47, 0, 4.62739e-72, 

6, 48, 0, 1.9021e-72, 

6, 49, 0, 7.90954e-73, 

6, 50, 0, 3.30596e-73, 

6, 51, 0, 1.39385e-73, 

6, 52, 0, 6.32271e-74, 

6, 53, 0, 4.20941e-74, 

6, 54, 0, 6.20239e-74, 

6, 55, 0, 1.48804e-73, 

6, 56, 0, 4.03737e-73, 

6, 57, 0, 1.13361e-72, 

6, 58, 0, 3.25922e-72, 

6, 59, 0, 9.60628e-72, 

6, 60, 0, 2.90848e-71, 

6, 61, 0, 9.0582e-71, 

6, 62, 0, 2.90361e-70, 

6, 63, 0, 9.57791e-70, 

6, 64, 0, 3.24812e-69, 

6, 65, 0, 1.13055e-68, 

6, 66, 0, 4.02905e-68, 

6, 67, 0, 1.4656e-67, 

6, 68, 0, 5.42124e-67, 

6, 69, 0, 2.03038e-66, 

6, 70, 0, 7.66289e-66, 

6, 71, 0, 2.89973e-65, 

6, 72, 0, 1.09457e-64, 

6, 73, 0, 4.10066e-64, 

6, 74, 0, 1.51741e-63, 

6, 75, 0, 5.52182e-63, 

6, 76, 0, 1.96847e-62, 

6, 77, 0, 6.85257e-62, 

6, 78, 0, 2.32366e-61, 

6, 79, 0, 7.66143e-61, 

6, 80, 0, 2.4535e-60, 

6, 81, 0, 7.6277e-60, 

6, 82, 0, 2.30239e-59, 

6, 83, 0, 6.75166e-59, 

6, 84, 0, 1.92561e-58, 

6, 85, 0, 5.34981e-58, 

6, 86, 0, 1.45086e-57, 

6, 87, 0, 3.8509e-57, 

6, 88, 0, 1.00354e-56, 

6, 89, 0, 2.57745e-56, 

6, 90, 0, 6.55262e-56, 

6, 91, 0, 1.657e-55, 

6, 92, 0, 4.18972e-55, 

6, 93, 0, 1.065e-54, 

6, 94, 0, 2.73621e-54, 

6, 95, 0, 7.14176e-54, 

6, 96, 0, 1.90251e-53, 

6, 97, 0, 5.19328e-53, 

6, 98, 0, 1.45723e-52, 

6, 99, 0, 4.2128e-52, 

6, 100, 0, 1.25641e-51, 

6, 101, 0, 3.86649e-51, 

6, 102, 0, 1.22673e-50, 

6, 103, 0, 4.00449e-50, 

6, 104, 0, 1.34056e-49, 

6, 105, 0, 4.58129e-49, 

6, 106, 0, 1.58885e-48, 

6, 107, 0, 5.55154e-48, 

6, 108, 0, 1.93743e-47, 

6, 109, 0, 6.68603e-47, 

6, 110, 0, 2.25583e-46, 

6, 111, 0, 7.34692e-46, 

6, 112, 0, 2.2772e-45, 

6, 113, 0, 6.61158e-45, 

6, 114, 0, 1.76604e-44, 

6, 115, 0, 4.24938e-44, 

6, 116, 0, 8.97179e-44, 

6, 117, 0, 1.60313e-43, 

6, 118, 0, 2.28582e-43, 

6, 119, 0, 2.28582e-43, 

7, 0, 0, 3.64876e-52, 

7, 1, 0, 3.64876e-52, 

7, 2, 0, 2.48857e-52, 

7, 3, 0, 1.34587e-52, 

7, 4, 0, 6.1736e-53, 

7, 5, 0, 2.5035e-53, 

7, 6, 0, 9.25186e-54, 

7, 7, 0, 3.19354e-54, 

7, 8, 0, 1.05154e-54, 

7, 9, 0, 3.36434e-55, 

7, 10, 0, 1.06301e-55, 

7, 11, 0, 3.36354e-56, 

7, 12, 0, 1.07827e-56, 

7, 13, 0, 3.53387e-57, 

7, 14, 0, 1.1915e-57, 

7, 15, 0, 4.14681e-58, 

7, 16, 0, 1.49046e-58, 

7, 17, 0, 5.5198e-59, 

7, 18, 0, 2.09661e-59, 

7, 19, 0, 8.1151e-60, 

7, 20, 0, 3.17641e-60, 

7, 21, 0, 1.24716e-60, 

7, 22, 0, 4.87311e-61, 

7, 23, 0, 1.88133e-61, 

7, 24, 0, 7.13271e-62, 

7, 25, 0, 2.64308e-62, 

7, 26, 0, 9.54088e-63, 

7, 27, 0, 3.3485e-63, 

7, 28, 0, 1.14193e-63, 

7, 29, 0, 3.78642e-64, 

7, 30, 0, 1.22289e-64, 

7, 31, 0, 3.85769e-65, 

7, 32, 0, 1.19306e-65, 

7, 33, 0, 3.63381e-66, 

7, 34, 0, 1.09576e-66, 

7, 35, 0, 3.29048e-67, 

7, 36, 0, 9.90182e-68, 

7, 37, 0, 3.00542e-68, 

7, 38, 0, 9.26079e-69, 

7, 39, 0, 2.91505e-69, 

7, 40, 0, 9.42648e-70, 

7, 41, 0, 3.1464e-70, 

7, 42, 0, 1.08782e-70, 

7, 43, 0, 3.90317e-71, 

7, 44, 0, 1.45357e-71, 

7, 45, 0, 5.60771e-72, 

7, 46, 0, 2.23228e-72, 

7, 47, 0, 9.1158e-73, 

7, 48, 0, 3.79092e-73, 

7, 49, 0, 1.59252e-73, 

7, 50, 0, 6.71133e-74, 

7, 51, 0, 2.84634e-74, 

7, 52, 0, 1.2943e-74, 

7, 53, 0, 8.56468e-75, 

7, 54, 0, 1.24407e-74, 

7, 55, 0, 2.94986e-74, 

7, 56, 0, 7.92729e-74, 

7, 57, 0, 2.20623e-73, 

7, 58, 0, 6.29125e-73, 

7, 59, 0, 1.84064e-72, 

7, 60, 0, 5.53735e-72, 

7, 61, 0, 1.71549e-71, 

7, 62, 0, 5.47665e-71, 

7, 63, 0, 1.80144e-70, 

7, 64, 0, 6.09952e-70, 

7, 65, 0, 2.1223e-69, 

7, 66, 0, 7.56977e-69, 

7, 67, 0, 2.75894e-68, 

7, 68, 0, 1.02356e-67, 

7, 69, 0, 3.84825e-67, 

7, 70, 0, 1.45908e-66, 

7, 71, 0, 5.55023e-66, 

7, 72, 0, 2.10703e-65, 

7, 73, 0, 7.94154e-65, 

7, 74, 0, 2.95715e-64, 

7, 75, 0, 1.083e-63, 

7, 76, 0, 3.88561e-63, 

7, 77, 0, 1.36129e-62, 

7, 78, 0, 4.645e-62, 

7, 79, 0, 1.54083e-61, 

7, 80, 0, 4.96293e-61, 

7, 81, 0, 1.55125e-60, 

7, 82, 0, 4.70514e-60, 

7, 83, 0, 1.38549e-59, 

7, 84, 0, 3.96433e-59, 

7, 85, 0, 1.10375e-58, 

7, 86, 0, 2.9959e-58, 

7, 87, 0, 7.94695e-58, 

7, 88, 0, 2.06646e-57, 

7, 89, 0, 5.28739e-57, 

7, 90, 0, 1.33711e-56, 

7, 91, 0, 3.35895e-56, 

7, 92, 0, 8.4286e-56, 

7, 93, 0, 2.125e-55, 

7, 94, 0, 5.41477e-55, 

7, 95, 0, 1.40248e-54, 

7, 96, 0, 3.71193e-54, 

7, 97, 0, 1.00857e-53, 

7, 98, 0, 2.82408e-53, 

7, 99, 0, 8.17277e-53, 

7, 100, 0, 2.44901e-52, 

7, 101, 0, 7.60432e-52, 

7, 102, 0, 2.44554e-51, 

7, 103, 0, 8.13139e-51, 

7, 104, 0, 2.78656e-50, 

7, 105, 0, 9.79685e-50, 

7, 106, 0, 3.5121e-49, 

7, 107, 0, 1.27406e-48, 

7, 108, 0, 4.63415e-48, 

7, 109, 0, 1.67217e-47, 

7, 110, 0, 5.91361e-47, 

7, 111, 0, 2.02203e-46, 

7, 112, 0, 6.58449e-46, 

7, 113, 0, 2.00788e-45, 

7, 114, 0, 5.62524e-45, 

7, 115, 0, 1.41584e-44, 

7, 116, 0, 3.1135e-44, 

7, 117, 0, 5.75615e-44, 

7, 118, 0, 8.39908e-44, 

7, 119, 0, 8.39908e-44, 

8, 0, 0, 1.06832e-52, 

8, 1, 0, 1.06832e-52, 

8, 2, 0, 7.0945e-53, 

8, 3, 0, 3.69254e-53, 

8, 4, 0, 1.61955e-53, 

8, 5, 0, 6.25724e-54, 

8, 6, 0, 2.19974e-54, 

8, 7, 0, 7.2239e-55, 

8, 8, 0, 2.26652e-55, 

8, 9, 0, 6.92969e-56, 

8, 10, 0, 2.10072e-56, 

8, 11, 0, 6.40928e-57, 

8, 12, 0, 1.99248e-57, 

8, 13, 0, 6.37133e-58, 

8, 14, 0, 2.10898e-58, 

8, 15, 0, 7.24863e-59, 

8, 16, 0, 2.58647e-59, 

8, 17, 0, 9.55112e-60, 

8, 18, 0, 3.62926e-60, 

8, 19, 0, 1.40832e-60, 

8, 20, 0, 5.53251e-61, 

8, 21, 0, 2.18047e-61, 

8, 22, 0, 8.54718e-62, 

8, 23, 0, 3.30659e-62, 

8, 24, 0, 1.2544e-62, 

8, 25, 0, 4.64366e-63, 

8, 26, 0, 1.67184e-63, 

8, 27, 0, 5.843e-64, 

8, 28, 0, 1.98151e-64, 

8, 29, 0, 6.52588e-65, 

8, 30, 0, 2.09141e-65, 

8, 31, 0, 6.54225e-66, 

8, 32, 0, 2.00562e-66, 

8, 33, 0, 6.05507e-67, 

8, 34, 0, 1.81041e-67, 

8, 35, 0, 5.39416e-68, 

8, 36, 0, 1.6123e-68, 

8, 37, 0, 4.86776e-69, 

8, 38, 0, 1.49469e-69, 

8, 39, 0, 4.6984e-70, 

8, 40, 0, 1.52081e-70, 

8, 41, 0, 5.09377e-71, 

8, 42, 0, 1.77153e-71, 

8, 43, 0, 6.40856e-72, 

8, 44, 0, 2.41075e-72, 

8, 45, 0, 9.40721e-73, 

8, 46, 0, 3.79033e-73, 

8, 47, 0, 1.56656e-73, 

8, 48, 0, 6.58824e-74, 

8, 49, 0, 2.79485e-74, 

8, 50, 0, 1.18712e-74, 

8, 51, 0, 5.06281e-75, 

8, 52, 0, 2.30715e-75, 

8, 53, 0, 1.51709e-75, 

8, 54, 0, 2.17213e-75, 

8, 55, 0, 5.09123e-75, 

8, 56, 0, 1.3558e-74, 

8, 57, 0, 3.74271e-74, 

8, 58, 0, 1.05947e-73, 

8, 59, 0, 3.08001e-73, 

8, 60, 0, 9.21707e-73, 

8, 61, 0, 2.84378e-72, 

8, 62, 0, 9.05241e-72, 

8, 63, 0, 2.97254e-71, 

8, 64, 0, 1.00592e-70, 

8, 65, 0, 3.5019e-70, 

8, 66, 0, 1.25096e-69, 

8, 67, 0, 4.57041e-69, 

8, 68, 0, 1.70104e-68, 

8, 69, 0, 6.42005e-68, 

8, 70, 0, 2.44486e-67, 

8, 71, 0, 9.34467e-67, 

8, 72, 0, 3.56555e-66, 

8, 73, 0, 1.35097e-65, 

8, 74, 0, 5.05768e-65, 

8, 75, 0, 1.86236e-64, 

8, 76, 0, 6.71828e-64, 

8, 77, 0, 2.36645e-63, 

8, 78, 0, 8.11801e-63, 

8, 79, 0, 2.70698e-62, 

8, 80, 0, 8.763e-62, 

8, 81, 0, 2.75206e-61, 

8, 82, 0, 8.38343e-61, 

8, 83, 0, 2.4778e-60, 

8, 84, 0, 7.11049e-60, 

8, 85, 0, 1.98346e-59, 

8, 86, 0, 5.38723e-59, 

8, 87, 0, 1.42793e-58, 

8, 88, 0, 3.70456e-58, 

8, 89, 0, 9.44213e-58, 

8, 90, 0, 2.37503e-57, 

8, 91, 0, 5.92675e-57, 

8, 92, 0, 1.47593e-56, 

8, 93, 0, 3.69108e-56, 

8, 94, 0, 9.33009e-56, 

8, 95, 0, 2.39896e-55, 

8, 96, 0, 6.31188e-55, 

8, 97, 0, 1.70851e-54, 

8, 98, 0, 4.77934e-54, 

8, 99, 0, 1.38662e-53, 

8, 100, 0, 4.18272e-53, 

8, 101, 0, 1.31346e-52, 

8, 102, 0, 4.29338e-52, 

8, 103, 0, 1.45867e-51, 

8, 104, 0, 5.13518e-51, 

8, 105, 0, 1.86444e-50, 

8, 106, 0, 6.93659e-50, 

8, 107, 0, 2.62306e-49, 

8, 108, 0, 9.983e-49, 

8, 109, 0, 3.78034e-48, 

8, 110, 0, 1.40595e-47, 

8, 111, 0, 5.06142e-47, 

8, 112, 0, 1.73564e-46, 

8, 113, 0, 5.56892e-46, 

8, 114, 0, 1.63848e-45, 

8, 115, 0, 4.31733e-45, 

8, 116, 0, 9.89257e-45, 

8, 117, 0, 1.89244e-44, 

8, 118, 0, 2.82565e-44, 

8, 119, 0, 2.82565e-44, 

9, 0, 0, 2.84399e-53, 

9, 1, 0, 2.84399e-53, 

9, 2, 0, 1.83885e-53, 

9, 3, 0, 9.20911e-54, 

9, 4, 0, 3.86028e-54, 

9, 5, 0, 1.41977e-54, 

9, 6, 0, 4.74199e-55, 

9, 7, 0, 1.47902e-55, 

9, 8, 0, 4.41238e-56, 

9, 9, 0, 1.28597e-56, 

9, 10, 0, 3.73017e-57, 

9, 11, 0, 1.09429e-57, 

9, 12, 0, 3.28989e-58, 

9, 13, 0, 1.02382e-58, 

9, 14, 0, 3.31965e-59, 

9, 15, 0, 1.12464e-59, 

9, 16, 0, 3.97786e-60, 

9, 17, 0, 1.4629e-60, 

9, 18, 0, 5.55585e-61, 

9, 19, 0, 2.15996e-61, 

9, 20, 0, 8.512e-62, 

9, 21, 0, 3.36638e-62, 

9, 22, 0, 1.32358e-62, 

9, 23, 0, 5.13094e-63, 

9, 24, 0, 1.94795e-63, 

9, 25, 0, 7.20588e-64, 

9, 26, 0, 2.58856e-64, 

9, 27, 0, 9.01404e-65, 

9, 28, 0, 3.04186e-65, 

9, 29, 0, 9.95776e-66, 

9, 30, 0, 3.16924e-66, 

9, 31, 0, 9.83907e-67, 

9, 32, 0, 2.99242e-67, 

9, 33, 0, 8.96197e-68, 

9, 34, 0, 2.65872e-68, 

9, 35, 0, 7.86459e-69, 

9, 36, 0, 2.33593e-69, 

9, 37, 0, 7.01731e-70, 

9, 38, 0, 2.14751e-70, 

9, 39, 0, 6.74108e-71, 

9, 40, 0, 2.18379e-71, 

9, 41, 0, 7.33759e-72, 

9, 42, 0, 2.56603e-72, 

9, 43, 0, 9.35443e-73, 

9, 44, 0, 3.55259e-73, 

9, 45, 0, 1.40136e-73, 

9, 46, 0, 5.71131e-74, 

9, 47, 0, 2.38745e-74, 

9, 48, 0, 1.0147e-74, 

9, 49, 0, 4.34401e-75, 

9, 50, 0, 1.8586e-75, 

9, 51, 0, 7.96692e-76, 

9, 52, 0, 3.63705e-76, 

9, 53, 0, 2.37605e-76, 

9, 54, 0, 3.35344e-76, 

9, 55, 0, 7.77272e-76, 

9, 56, 0, 2.05252e-75, 

9, 57, 0, 5.62508e-75, 

9, 58, 0, 1.58239e-74, 

9, 59, 0, 4.57656e-74, 

9, 60, 0, 1.36414e-73, 

9, 61, 0, 4.19726e-73, 

9, 62, 0, 1.33399e-72, 

9, 63, 0, 4.37841e-72, 

9, 64, 0, 1.4825e-71, 

9, 65, 0, 5.16854e-71, 

9, 66, 0, 1.85045e-70, 

9, 67, 0, 6.78006e-70, 

9, 68, 0, 2.53197e-69, 

9, 69, 0, 9.59212e-69, 

9, 70, 0, 3.66757e-68, 

9, 71, 0, 1.4077e-67, 

9, 72, 0, 5.3943e-67, 

9, 73, 0, 2.05274e-66, 

9, 74, 0, 7.71823e-66, 

9, 75, 0, 2.85433e-65, 

9, 76, 0, 1.03411e-64, 

9, 77, 0, 3.65825e-64, 

9, 78, 0, 1.26034e-63, 

9, 79, 0, 4.22058e-63, 

9, 80, 0, 1.37201e-62, 

9, 81, 0, 4.32619e-62, 

9, 82, 0, 1.32277e-61, 

9, 83, 0, 3.92225e-61, 

9, 84, 0, 1.12843e-60, 

9, 85, 0, 3.15284e-60, 

9, 86, 0, 8.56734e-60, 

9, 87, 0, 2.26884e-59, 

9, 88, 0, 5.87227e-59, 

9, 89, 0, 1.49091e-58, 

9, 90, 0, 3.73021e-58, 

9, 91, 0, 9.2476e-58, 

9, 92, 0, 2.28583e-57, 

9, 93, 0, 5.6718e-57, 

9, 94, 0, 1.42275e-56, 

9, 95, 0, 3.63345e-56, 

9, 96, 0, 9.51069e-56, 

9, 97, 0, 2.5672e-55, 

9, 98, 0, 7.18393e-55, 

9, 99, 0, 2.09304e-54, 

9, 100, 0, 6.36882e-54, 

9, 101, 0, 2.02766e-53, 

9, 102, 0, 6.75668e-53, 

9, 103, 0, 2.35353e-52, 

9, 104, 0, 8.54335e-52, 

9, 105, 0, 3.21598e-51, 

9, 106, 0, 1.24675e-50, 

9, 107, 0, 4.93396e-50, 

9, 108, 0, 1.97207e-49, 

9, 109, 0, 7.86279e-49, 

9, 110, 0, 3.08376e-48, 

9, 111, 0, 1.17138e-47, 

9, 112, 0, 4.23662e-47, 

9, 113, 0, 1.43172e-46, 

9, 114, 0, 4.42591e-46, 

9, 115, 0, 1.22093e-45, 

9, 116, 0, 2.91416e-45, 

9, 117, 0, 5.76562e-45, 

9, 118, 0, 8.80532e-45, 

9, 119, 0, 8.80532e-45, 

10, 0, 0, 6.96008e-54, 

10, 1, 0, 6.96008e-54, 

10, 2, 0, 4.38307e-54, 

10, 3, 0, 2.11288e-54, 

10, 4, 0, 8.46607e-55, 

10, 5, 0, 2.96357e-55, 

10, 6, 0, 9.39828e-56, 

10, 7, 0, 2.78094e-56, 

10, 8, 0, 7.87583e-57, 

10, 9, 0, 2.18346e-57, 

10, 10, 0, 6.04521e-58, 

10, 11, 0, 1.70061e-58, 

10, 12, 0, 4.93078e-59, 

10, 13, 0, 1.48941e-59, 

10, 14, 0, 4.71914e-60, 

10, 15, 0, 1.57263e-60, 

10, 16, 0, 5.50424e-61, 

10, 17, 0, 2.0132e-61, 

10, 18, 0, 7.63345e-62, 

10, 19, 0, 2.97071e-62, 

10, 20, 0, 1.17364e-62, 

10, 21, 0, 4.65561e-63, 

10, 22, 0, 1.83551e-63, 

10, 23, 0, 7.12944e-64, 

10, 24, 0, 2.70893e-64, 

10, 25, 0, 1.00164e-64, 

10, 26, 0, 3.59183e-65, 

10, 27, 0, 1.24699e-65, 

10, 28, 0, 4.19057e-66, 

10, 29, 0, 1.36477e-66, 

10, 30, 0, 4.31783e-67, 

10, 31, 0, 1.33173e-67, 

10, 32, 0, 4.02229e-68, 

10, 33, 0, 1.19615e-68, 

10, 34, 0, 3.52411e-69, 

10, 35, 0, 1.03572e-69, 

10, 36, 0, 3.05878e-70, 

10, 37, 0, 9.14663e-71, 

10, 38, 0, 2.79035e-71, 

10, 39, 0, 8.74684e-72, 

10, 40, 0, 2.83536e-72, 

10, 41, 0, 9.55361e-73, 

10, 42, 0, 3.35774e-73, 

10, 43, 0, 1.23271e-73, 

10, 44, 0, 4.72274e-74, 

10, 45, 0, 1.88161e-74, 

10, 46, 0, 7.74996e-75, 

10, 47, 0, 3.27363e-75, 

10, 48, 0, 1.40482e-75, 

10, 49, 0, 6.06421e-76, 

10, 50, 0, 2.61159e-76, 

10, 51, 0, 1.12448e-76, 

10, 52, 0, 5.14033e-77, 

10, 53, 0, 3.33573e-77, 

10, 54, 0, 4.64161e-77, 

10, 55, 0, 1.06445e-76, 

10, 56, 0, 2.78954e-76, 

10, 57, 0, 7.59772e-76, 

10, 58, 0, 2.12662e-75, 

10, 59, 0, 6.1274e-75, 

10, 60, 0, 1.82183e-74, 

10, 61, 0, 5.59844e-74, 

10, 62, 0, 1.7791e-73, 

10, 63, 0, 5.84451e-73, 

10, 64, 0, 1.98234e-72, 

10, 65, 0, 6.92785e-72, 

10, 66, 0, 2.48758e-71, 

10, 67, 0, 9.14442e-71, 

10, 68, 0, 3.42684e-70, 

10, 69, 0, 1.30287e-69, 

10, 70, 0, 4.99938e-69, 

10, 71, 0, 1.9256e-68, 

10, 72, 0, 7.4039e-68, 

10, 73, 0, 2.82668e-67, 

10, 74, 0, 1.06619e-66, 

10, 75, 0, 3.95518e-66, 

10, 76, 0, 1.43736e-65, 

10, 77, 0, 5.10053e-65, 

10, 78, 0, 1.7628e-64, 

10, 79, 0, 5.92232e-64, 

10, 80, 0, 1.93152e-63, 

10, 81, 0, 6.11018e-63, 

10, 82, 0, 1.87399e-62, 

10, 83, 0, 5.57187e-62, 

10, 84, 0, 1.60648e-61, 

10, 85, 0, 4.49453e-61, 

10, 86, 0, 1.22166e-60, 

10, 87, 0, 3.23207e-60, 

10, 88, 0, 8.34529e-60, 

10, 89, 0, 2.11064e-59, 

10, 90, 0, 5.25323e-59, 

10, 91, 0, 1.29404e-58, 

10, 92, 0, 3.17572e-58, 

10, 93, 0, 7.82116e-58, 

10, 94, 0, 1.94793e-57, 

10, 95, 0, 4.94444e-57, 

10, 96, 0, 1.28872e-56, 

10, 97, 0, 3.47299e-56, 

10, 98, 0, 9.73652e-56, 

10, 99, 0, 2.85401e-55, 

10, 100, 0, 8.78047e-55, 

10, 101, 0, 2.84204e-54, 

10, 102, 0, 9.6855e-54, 

10, 103, 0, 3.47152e-53, 

10, 104, 0, 1.30456e-52, 

10, 105, 0, 5.11254e-52, 

10, 106, 0, 2.07378e-51, 

10, 107, 0, 8.62218e-51, 

10, 108, 0, 3.63176e-50, 

10, 109, 0, 1.52898e-49, 

10, 110, 0, 6.33757e-49, 

10, 111, 0, 2.54393e-48, 

10, 112, 0, 9.71221e-48, 

10, 113, 0, 3.45763e-47, 

10, 114, 0, 1.12272e-46, 

10, 115, 0, 3.24029e-46, 

10, 116, 0, 8.04891e-46, 

10, 117, 0, 1.64537e-45, 

10, 118, 0, 2.56821e-45, 

10, 119, 0, 2.56821e-45, 

11, 0, 0, 1.58208e-54, 

11, 1, 0, 1.58208e-54, 

11, 2, 0, 9.71065e-55, 

11, 3, 0, 4.50978e-55, 

11, 4, 0, 1.72862e-55, 

11, 5, 0, 5.76201e-56, 

11, 6, 0, 1.73504e-56, 

11, 7, 0, 4.86809e-57, 

11, 8, 0, 1.30731e-57, 

11, 9, 0, 3.44168e-58, 

11, 10, 0, 9.07449e-59, 

11, 11, 0, 2.44148e-59, 

11, 12, 0, 6.80764e-60, 

11, 13, 0, 1.99034e-60, 

11, 14, 0, 6.14642e-61, 

11, 15, 0, 2.01015e-61, 

11, 16, 0, 6.94864e-62, 

11, 17, 0, 2.52363e-62, 

11, 18, 0, 9.54136e-63, 

11, 19, 0, 3.7133e-63, 

11, 20, 0, 1.46956e-63, 

11, 21, 0, 5.84371e-64, 

11, 22, 0, 2.30942e-64, 

11, 23, 0, 8.98624e-65, 

11, 24, 0, 3.41743e-65, 

11, 25, 0, 1.26336e-65, 

11, 26, 0, 4.52443e-66, 

11, 27, 0, 1.56705e-66, 

11, 28, 0, 5.24859e-67, 

11, 29, 0, 1.70221e-67, 

11, 30, 0, 5.35923e-68, 

11, 31, 0, 1.64401e-68, 

11, 32, 0, 4.93687e-69, 

11, 33, 0, 1.45943e-69, 

11, 34, 0, 4.27452e-70, 

11, 35, 0, 1.24926e-70, 

11, 36, 0, 3.67104e-71, 

11, 37, 0, 1.09325e-71, 

11, 38, 0, 3.32551e-72, 

11, 39, 0, 1.041e-72, 

11, 40, 0, 3.37581e-73, 

11, 41, 0, 1.14013e-73, 

11, 42, 0, 4.02456e-74, 

11, 43, 0, 1.48674e-74, 

11, 44, 0, 5.74061e-75, 

11, 45, 0, 2.30766e-75, 

11, 46, 0, 9.59499e-76, 

11, 47, 0, 4.09093e-76, 

11, 48, 0, 1.77065e-76, 

11, 49, 0, 7.69936e-77, 

11, 50, 0, 3.33462e-77, 

11, 51, 0, 1.44124e-77, 

11, 52, 0, 6.59394e-78, 

11, 53, 0, 4.24985e-78, 

11, 54, 0, 5.83206e-78, 

11, 55, 0, 1.32414e-77, 

11, 56, 0, 3.44706e-77, 

11, 57, 0, 9.34153e-77, 

11, 58, 0, 2.60519e-76, 

11, 59, 0, 7.48925e-76, 

11, 60, 0, 2.22469e-75, 

11, 61, 0, 6.83859e-75, 

11, 62, 0, 2.17624e-74, 

11, 63, 0, 7.16545e-74, 

11, 64, 0, 2.43751e-73, 

11, 65, 0, 8.54725e-73, 

11, 66, 0, 3.08008e-72, 

11, 67, 0, 1.13637e-71, 

11, 68, 0, 4.27352e-71, 

11, 69, 0, 1.63017e-70, 

11, 70, 0, 6.27419e-70, 

11, 71, 0, 2.42316e-69, 

11, 72, 0, 9.33938e-69, 

11, 73, 0, 3.57322e-68, 

11, 74, 0, 1.35038e-67, 

11, 75, 0, 5.01852e-67, 

11, 76, 0, 1.82707e-66, 

11, 77, 0, 6.49556e-66, 

11, 78, 0, 2.24944e-65, 

11, 79, 0, 7.57375e-65, 

11, 80, 0, 2.47592e-64, 

11, 81, 0, 7.85152e-64, 

11, 82, 0, 2.41387e-63, 

11, 83, 0, 7.19289e-63, 

11, 84, 0, 2.07749e-62, 

11, 85, 0, 5.8184e-62, 

11, 86, 0, 1.58165e-61, 

11, 87, 0, 4.17999e-61, 

11, 88, 0, 1.0767e-60, 

11, 89, 0, 2.71289e-60, 

11, 90, 0, 6.71809e-60, 

11, 91, 0, 1.64477e-59, 

11, 92, 0, 4.00898e-59, 

11, 93, 0, 9.80446e-59, 

11, 94, 0, 2.42602e-58, 

11, 95, 0, 6.12553e-58, 

11, 96, 0, 1.59142e-57, 

11, 97, 0, 4.28751e-57, 

11, 98, 0, 1.20623e-56, 

11, 99, 0, 3.56469e-56, 

11, 100, 0, 1.11166e-55, 

11, 101, 0, 3.6693e-55, 

11, 102, 0, 1.28343e-54, 

11, 103, 0, 4.75241e-54, 

11, 104, 0, 1.85674e-53, 

11, 105, 0, 7.60871e-53, 

11, 106, 0, 3.24278e-52, 

11, 107, 0, 1.42185e-51, 

11, 108, 0, 6.33128e-51, 

11, 109, 0, 2.82123e-50, 

11, 110, 0, 1.23782e-49, 

11, 111, 0, 5.25457e-49, 

11, 112, 0, 2.1177e-48, 

11, 113, 0, 7.93801e-48, 

11, 114, 0, 2.70468e-47, 

11, 115, 0, 8.15615e-47, 

11, 116, 0, 2.10542e-46, 

11, 117, 0, 4.44071e-46, 

11, 118, 0, 7.07669e-46, 

11, 119, 0, 7.07669e-46, 

12, 0, 0, 3.37262e-55, 

12, 1, 0, 3.37262e-55, 

12, 2, 0, 2.01975e-55, 

12, 3, 0, 9.04905e-56, 

12, 4, 0, 3.3225e-56, 

12, 5, 0, 1.05573e-56, 

12, 6, 0, 3.02049e-57, 

12, 7, 0, 8.03655e-58, 

12, 8, 0, 2.04527e-58, 

12, 9, 0, 5.10628e-59, 

12, 10, 0, 1.27957e-59, 

12, 11, 0, 3.28407e-60, 

12, 12, 0, 8.78039e-61, 

12, 13, 0, 2.47721e-61, 

12, 14, 0, 7.43452e-62, 

12, 15, 0, 2.38005e-62, 

12, 16, 0, 8.10789e-63, 

12, 17, 0, 2.9187e-63, 

12, 18, 0, 1.09874e-63, 

12, 19, 0, 4.27117e-64, 

12, 20, 0, 1.69173e-64, 

12, 21, 0, 6.73896e-65, 

12, 22, 0, 2.66832e-65, 

12, 23, 0, 1.03988e-65, 

12, 24, 0, 3.95802e-66, 

12, 25, 0, 1.46323e-66, 

12, 26, 0, 5.23572e-67, 

12, 27, 0, 1.81031e-67, 

12, 28, 0, 6.04835e-68, 

12, 29, 0, 1.95541e-68, 

12, 30, 0, 6.1335e-69, 

12, 31, 0, 1.87367e-69, 

12, 32, 0, 5.60114e-70, 

12, 33, 0, 1.648e-70, 

12, 34, 0, 4.80394e-71, 

12, 35, 0, 1.39755e-71, 

12, 36, 0, 4.08951e-72, 

12, 37, 0, 1.21354e-72, 

12, 38, 0, 3.68176e-73, 

12, 39, 0, 1.15091e-73, 

12, 40, 0, 3.73259e-74, 

12, 41, 0, 1.26288e-74, 

12, 42, 0, 4.47372e-75, 

12, 43, 0, 1.66135e-75, 

12, 44, 0, 6.45781e-76, 

12, 45, 0, 2.61602e-76, 

12, 46, 0, 1.09664e-76, 

12, 47, 0, 4.71343e-77, 

12, 48, 0, 2.05514e-77, 

12, 49, 0, 8.99191e-78, 

12, 50, 0, 3.91291e-78, 

12, 51, 0, 1.69634e-78, 

12, 52, 0, 7.76381e-79, 

12, 53, 0, 4.96916e-79, 

12, 54, 0, 6.72784e-79, 

12, 55, 0, 1.51346e-78, 

12, 56, 0, 3.91787e-78, 

12, 57, 0, 1.05778e-77, 

12, 58, 0, 2.94352e-77, 

12, 59, 0, 8.4561e-77, 

12, 60, 0, 2.51372e-76, 

12, 61, 0, 7.74222e-76, 

12, 62, 0, 2.4711e-75, 

12, 63, 0, 8.16627e-75, 

12, 64, 0, 2.78941e-74, 

12, 65, 0, 9.82313e-74, 

12, 66, 0, 3.55473e-73, 

12, 67, 0, 1.31663e-72, 

12, 68, 0, 4.96872e-72, 

12, 69, 0, 1.90098e-71, 

12, 70, 0, 7.33408e-71, 

12, 71, 0, 2.83775e-70, 

12, 72, 0, 1.09522e-69, 

12, 73, 0, 4.19429e-69, 

12, 74, 0, 1.58616e-68, 

12, 75, 0, 5.89793e-68, 

12, 76, 0, 2.14836e-67, 

12, 77, 0, 7.64274e-67, 

12, 78, 0, 2.64901e-66, 

12, 79, 0, 8.92933e-66, 

12, 80, 0, 2.92326e-65, 

12, 81, 0, 9.28547e-65, 

12, 82, 0, 2.85975e-64, 

12, 83, 0, 8.53576e-64, 

12, 84, 0, 2.46866e-63, 

12, 85, 0, 6.9192e-63, 

12, 86, 0, 1.88073e-62, 

12, 87, 0, 4.96462e-62, 

12, 88, 0, 1.27577e-61, 

12, 89, 0, 3.20273e-61, 

12, 90, 0, 7.89276e-61, 

12, 91, 0, 1.92116e-60, 

12, 92, 0, 4.65284e-60, 

12, 93, 0, 1.13062e-59, 

12, 94, 0, 2.78148e-59, 

12, 95, 0, 6.99258e-59, 

12, 96, 0, 1.81298e-58, 

12, 97, 0, 4.89027e-58, 

12, 98, 0, 1.38322e-57, 

12, 99, 0, 4.13076e-57, 

12, 100, 0, 1.30947e-56, 

12, 101, 0, 4.42274e-56, 

12, 102, 0, 1.59403e-55, 

12, 103, 0, 6.12486e-55, 

12, 104, 0, 2.49946e-54, 

12, 105, 0, 1.07595e-53, 

12, 106, 0, 4.83861e-53, 

12, 107, 0, 2.24538e-52, 

12, 108, 0, 1.05986e-51, 

12, 109, 0, 5.00753e-51, 

12, 110, 0, 2.32754e-50, 

12, 111, 0, 1.04487e-49, 

12, 112, 0, 4.44207e-49, 

12, 113, 0, 1.7509e-48, 

12, 114, 0, 6.24967e-48, 

12, 115, 0, 1.96548e-47, 

12, 116, 0, 5.2625e-47, 

12, 117, 0, 1.14323e-46, 

12, 118, 0, 1.85768e-46, 

12, 119, 0, 1.85768e-46, 

13, 0, 0, 6.80373e-56, 

13, 1, 0, 6.80373e-56, 

13, 2, 0, 3.98086e-56, 

13, 3, 0, 1.72369e-56, 

13, 4, 0, 6.0736e-57, 

13, 5, 0, 1.84278e-57, 

13, 6, 0, 5.0159e-58, 

13, 7, 0, 1.26647e-58, 

13, 8, 0, 3.05437e-59, 

13, 9, 0, 7.22543e-60, 

13, 10, 0, 1.71783e-60, 

13, 11, 0, 4.19532e-61, 

13, 12, 0, 1.07228e-61, 

13, 13, 0, 2.90977e-62, 

13, 14, 0, 8.45964e-63, 

13, 15, 0, 2.64332e-63, 

13, 16, 0, 8.85209e-64, 

13, 17, 0, 3.15208e-64, 

13, 18, 0, 1.17951e-64, 

13, 19, 0, 4.57387e-65, 

13, 20, 0, 1.81121e-65, 

13, 21, 0, 7.22179e-66, 

13, 22, 0, 2.86337e-66, 

13, 23, 0, 1.11726e-66, 

13, 24, 0, 4.25585e-67, 

13, 25, 0, 1.57363e-67, 

13, 26, 0, 5.62822e-68, 

13, 27, 0, 1.94395e-68, 

13, 28, 0, 6.4843e-69, 

13, 29, 0, 2.09191e-69, 

13, 30, 0, 6.54493e-70, 

13, 31, 0, 1.99352e-70, 

13, 32, 0, 5.9403e-71, 

13, 33, 0, 1.74179e-71, 

13, 34, 0, 5.05927e-72, 

13, 35, 0, 1.4666e-72, 

13, 36, 0, 4.2771e-73, 

13, 37, 0, 1.26542e-73, 

13, 38, 0, 3.83015e-74, 

13, 39, 0, 1.19558e-74, 

13, 40, 0, 3.87648e-75, 

13, 41, 0, 1.31305e-75, 

13, 42, 0, 4.66373e-76, 

13, 43, 0, 1.73906e-76, 

13, 44, 0, 6.79647e-77, 

13, 45, 0, 2.77067e-77, 

13, 46, 0, 1.16935e-77, 

13, 47, 0, 5.05948e-78, 

13, 48, 0, 2.2194e-78, 

13, 49, 0, 9.7596e-79, 

13, 50, 0, 4.26301e-79, 

13, 51, 0, 1.8524e-79, 

13, 52, 0, 8.47697e-80, 

13, 53, 0, 5.3877e-80, 

13, 54, 0, 7.20034e-80, 

13, 55, 0, 1.60624e-79, 

13, 56, 0, 4.13947e-79, 

13, 57, 0, 1.11496e-78, 

13, 58, 0, 3.10062e-78, 

13, 59, 0, 8.91602e-78, 

13, 60, 0, 2.65685e-77, 

13, 61, 0, 8.21271e-77, 

13, 62, 0, 2.6331e-76, 

13, 63, 0, 8.74567e-76, 

13, 64, 0, 3.00302e-75, 

13, 65, 0, 1.06296e-74, 

13, 66, 0, 3.86476e-74, 

13, 67, 0, 1.43735e-73, 

13, 68, 0, 5.44256e-73, 

13, 69, 0, 2.08756e-72, 

13, 70, 0, 8.06782e-72, 

13, 71, 0, 3.12465e-71, 

13, 72, 0, 1.20632e-70, 

13, 73, 0, 4.6188e-70, 

13, 74, 0, 1.74574e-69, 

13, 75, 0, 6.48669e-69, 

13, 76, 0, 2.36118e-68, 

13, 77, 0, 8.3955e-68, 

13, 78, 0, 2.9093e-67, 

13, 79, 0, 9.80836e-67, 

13, 80, 0, 3.21284e-66, 

13, 81, 0, 1.02146e-65, 

13, 82, 0, 3.14944e-65, 

13, 83, 0, 9.41126e-65, 

13, 84, 0, 2.72442e-64, 

13, 85, 0, 7.63958e-64, 

13, 86, 0, 2.07595e-63, 

13, 87, 0, 5.47314e-63, 

13, 88, 0, 1.40312e-62, 

13, 89, 0, 3.51004e-62, 

13, 90, 0, 8.61033e-62, 

13, 91, 0, 2.08443e-61, 

13, 92, 0, 5.01863e-61, 

13, 93, 0, 1.21249e-60, 

13, 94, 0, 2.96816e-60, 

13, 95, 0, 7.43731e-60, 

13, 96, 0, 1.9269e-59, 

13, 97, 0, 5.21237e-59, 

13, 98, 0, 1.48535e-58, 

13, 99, 0, 4.49406e-58, 

13, 100, 0, 1.45283e-57, 

13, 101, 0, 5.04037e-57, 

13, 102, 0, 1.88028e-56, 

13, 103, 0, 7.5338e-56, 

13, 104, 0, 3.22755e-55, 

13, 105, 0, 1.46653e-54, 

13, 106, 0, 6.98787e-54, 

13, 107, 0, 3.44302e-53, 

13, 108, 0, 1.72634e-52, 

13, 109, 0, 8.65678e-52, 

13, 110, 0, 4.26256e-51, 

13, 111, 0, 2.0218e-50, 

13, 112, 0, 9.05305e-50, 

13, 113, 0, 3.74488e-49, 

13, 114, 0, 1.39716e-48, 

13, 115, 0, 4.57168e-48, 

13, 116, 0, 1.26671e-47, 

13, 117, 0, 2.82859e-47, 

13, 118, 0, 4.68007e-47, 

13, 119, 0, 4.68007e-47, 

14, 0, 0, 1.30979e-56, 

14, 1, 0, 1.30979e-56, 

14, 2, 0, 7.49953e-57, 

14, 3, 0, 3.14512e-57, 

14, 4, 0, 1.06601e-57, 

14, 5, 0, 3.09529e-58, 

14, 6, 0, 8.0307e-59, 

14, 7, 0, 1.92683e-59, 

14, 8, 0, 4.40635e-60, 

14, 9, 0, 9.87342e-61, 

14, 10, 0, 2.22413e-61, 

14, 11, 0, 5.15669e-62, 

14, 12, 0, 1.25607e-62, 

14, 13, 0, 3.26686e-63, 

14, 14, 0, 9.16807e-64, 

14, 15, 0, 2.78684e-64, 

14, 16, 0, 9.14856e-65, 

14, 17, 0, 3.21487e-65, 

14, 18, 0, 1.1936e-65, 

14, 19, 0, 4.61026e-66, 

14, 20, 0, 1.82306e-66, 

14, 21, 0, 7.26943e-67, 

14, 22, 0, 2.88428e-67, 

14, 23, 0, 1.12635e-67, 

14, 24, 0, 4.29319e-68, 

14, 25, 0, 1.5879e-68, 

14, 26, 0, 5.67872e-69, 

14, 27, 0, 1.96047e-69, 

14, 28, 0, 6.53407e-70, 

14, 29, 0, 2.1056e-70, 

14, 30, 0, 6.57855e-71, 

14, 31, 0, 2.00043e-71, 

14, 32, 0, 5.94949e-72, 

14, 33, 0, 1.74074e-72, 

14, 34, 0, 5.04431e-73, 

14, 35, 0, 1.45862e-73, 

14, 36, 0, 4.24305e-74, 

14, 37, 0, 1.25232e-74, 

14, 38, 0, 3.78259e-75, 

14, 39, 0, 1.17895e-75, 

14, 40, 0, 3.81998e-76, 

14, 41, 0, 1.29443e-76, 

14, 42, 0, 4.60504e-77, 

14, 43, 0, 1.72211e-77, 

14, 44, 0, 6.7572e-78, 

14, 45, 0, 2.76799e-78, 

14, 46, 0, 1.17436e-78, 

14, 47, 0, 5.10761e-79, 

14, 48, 0, 2.25105e-79, 

14, 49, 0, 9.93702e-80, 

14, 50, 0, 4.35272e-80, 

14, 51, 0, 1.89442e-80, 

14, 52, 0, 8.66446e-81, 

14, 53, 0, 5.46848e-81, 

14, 54, 0, 7.21822e-81, 

14, 55, 0, 1.59833e-80, 

14, 56, 0, 4.1057e-80, 

14, 57, 0, 1.10482e-79, 

14, 58, 0, 3.07528e-79, 

14, 59, 0, 8.86648e-79, 

14, 60, 0, 2.65295e-78, 

14, 61, 0, 8.24383e-78, 

14, 62, 0, 2.65898e-77, 

14, 63, 0, 8.88777e-77, 

14, 64, 0, 3.07101e-76, 

14, 65, 0, 1.0934e-75, 

14, 66, 0, 3.99584e-75, 

14, 67, 0, 1.49235e-74, 

14, 68, 0, 5.66858e-74, 

14, 69, 0, 2.17872e-73, 

14, 70, 0, 8.42856e-73, 

14, 71, 0, 3.26456e-72, 

14, 72, 0, 1.25941e-71, 

14, 73, 0, 4.81572e-71, 

14, 74, 0, 1.81708e-70, 

14, 75, 0, 6.73915e-70, 

14, 76, 0, 2.44863e-69, 

14, 77, 0, 8.69269e-69, 

14, 78, 0, 3.00868e-68, 

14, 79, 0, 1.0136e-67, 

14, 80, 0, 3.31941e-67, 

14, 81, 0, 1.05556e-66, 

14, 82, 0, 3.2563e-66, 

14, 83, 0, 9.73692e-66, 

14, 84, 0, 2.8202e-65, 

14, 85, 0, 7.90937e-65, 

14, 86, 0, 2.14821e-64, 

14, 87, 0, 5.65601e-64, 

14, 88, 0, 1.44659e-63, 

14, 89, 0, 3.60651e-63, 

14, 90, 0, 8.80856e-63, 

14, 91, 0, 2.12168e-62, 

14, 92, 0, 5.0811e-62, 

14, 93, 0, 1.2214e-61, 

14, 94, 0, 2.97794e-61, 

14, 95, 0, 7.44584e-61, 

14, 96, 0, 1.93052e-60, 

14, 97, 0, 5.24669e-60, 

14, 98, 0, 1.50981e-59, 

14, 99, 0, 4.64168e-59, 

14, 100, 0, 1.53583e-58, 

14, 101, 0, 5.4975e-58, 

14, 102, 0, 2.1335e-57, 

14, 103, 0, 8.96319e-57, 

14, 104, 0, 4.05318e-56, 

14, 105, 0, 1.95347e-55, 

14, 106, 0, 9.90064e-55, 

14, 107, 0, 5.19283e-54, 

14, 108, 0, 2.76921e-53, 

14, 109, 0, 1.47383e-52, 

14, 110, 0, 7.68013e-52, 

14, 111, 0, 3.84213e-51, 

14, 112, 0, 1.80785e-50, 

14, 113, 0, 7.82774e-50, 

14, 114, 0, 3.0441e-49, 

14, 115, 0, 1.03352e-48, 

14, 116, 0, 2.95587e-48, 

14, 117, 0, 6.76981e-48, 

14, 118, 0, 1.13878e-47, 

14, 119, 0, 1.13878e-47, 

15, 0, 0, 2.42472e-57, 

15, 1, 0, 2.42472e-57, 

15, 2, 0, 1.3611e-57, 

15, 3, 0, 5.54237e-58, 

15, 4, 0, 1.81197e-58, 

15, 5, 0, 5.04885e-59, 

15, 6, 0, 1.25173e-59, 

15, 7, 0, 2.8597e-60, 

15, 8, 0, 6.20907e-61, 

15, 9, 0, 1.31826e-61, 

15, 10, 0, 2.81129e-62, 

15, 11, 0, 6.17537e-63, 

15, 12, 0, 1.42912e-63, 

15, 13, 0, 3.54908e-64, 

15, 14, 0, 9.57606e-65, 

15, 15, 0, 2.82117e-65, 

15, 16, 0, 9.04914e-66, 

15, 17, 0, 3.1299e-66, 

15, 18, 0, 1.15055e-66, 

15, 19, 0, 4.41915e-67, 

15, 20, 0, 1.74279e-67, 

15, 21, 0, 6.94277e-68, 

15, 22, 0, 2.7546e-68, 

15, 23, 0, 1.07608e-68, 

15, 24, 0, 4.10327e-69, 

15, 25, 0, 1.51815e-69, 

15, 26, 0, 5.43026e-70, 

15, 27, 0, 1.87478e-70, 

15, 28, 0, 6.24796e-71, 

15, 29, 0, 2.01301e-71, 

15, 30, 0, 6.28726e-72, 

15, 31, 0, 1.91096e-72, 

15, 32, 0, 5.67961e-73, 

15, 33, 0, 1.66027e-73, 

15, 34, 0, 4.80546e-74, 

15, 35, 0, 1.38752e-74, 

15, 36, 0, 4.02933e-75, 

15, 37, 0, 1.18703e-75, 

15, 38, 0, 3.57872e-76, 

15, 39, 0, 1.11359e-76, 

15, 40, 0, 3.60404e-77, 

15, 41, 0, 1.22074e-77, 

15, 42, 0, 4.34509e-78, 

15, 43, 0, 1.6274e-78, 

15, 44, 0, 6.40155e-79, 

15, 45, 0, 2.63086e-79, 

15, 46, 0, 1.12029e-79, 

15, 47, 0, 4.89048e-80, 

15, 48, 0, 2.16258e-80, 

15, 49, 0, 9.57231e-81, 

15, 50, 0, 4.20095e-81, 

15, 51, 0, 1.83013e-81, 

15, 52, 0, 8.36282e-82, 

15, 53, 0, 5.24187e-82, 

15, 54, 0, 6.83862e-82, 

15, 55, 0, 1.50466e-81, 

15, 56, 0, 3.85752e-81, 

15, 57, 0, 1.03858e-80, 

15, 58, 0, 2.89824e-80, 

15, 59, 0, 8.39208e-80, 

15, 60, 0, 2.52551e-79, 

15, 61, 0, 7.90141e-79, 

15, 62, 0, 2.56745e-78, 

15, 63, 0, 8.64644e-78, 

15, 64, 0, 3.00908e-77, 

15, 65, 0, 1.07825e-76, 

15, 66, 0, 3.96177e-76, 

15, 67, 0, 1.48578e-75, 

15, 68, 0, 5.65961e-75, 

15, 69, 0, 2.17854e-74, 

15, 70, 0, 8.43007e-74, 

15, 71, 0, 3.26246e-73, 

15, 72, 0, 1.25646e-72, 

15, 73, 0, 4.79314e-72, 

15, 74, 0, 1.8036e-71, 

15, 75, 0, 6.66987e-71, 

15, 76, 0, 2.41668e-70, 

15, 77, 0, 8.55783e-70, 

15, 78, 0, 2.95593e-69, 

15, 79, 0, 9.94335e-69, 

15, 80, 0, 3.25326e-68, 

15, 81, 0, 1.0341e-67, 

15, 82, 0, 3.19e-67, 

15, 83, 0, 9.54028e-67, 

15, 84, 0, 2.76361e-66, 

15, 85, 0, 7.74931e-66, 

15, 86, 0, 2.10322e-65, 

15, 87, 0, 5.52935e-65, 

15, 88, 0, 1.41085e-64, 

15, 89, 0, 3.50585e-64, 

15, 90, 0, 8.52772e-64, 

15, 91, 0, 2.04453e-63, 

15, 92, 0, 4.87311e-63, 

15, 93, 0, 1.1664e-62, 

15, 94, 0, 2.83524e-62, 

15, 95, 0, 7.08284e-62, 

15, 96, 0, 1.84069e-61, 

15, 97, 0, 5.0363e-61, 

15, 98, 0, 1.46733e-60, 

15, 99, 0, 4.5992e-60, 

15, 100, 0, 1.56417e-59, 

15, 101, 0, 5.80648e-59, 

15, 102, 0, 2.35806e-58, 

15, 103, 0, 1.04512e-57, 

15, 104, 0, 5.01732e-57, 

15, 105, 0, 2.57704e-56, 

15, 106, 0, 1.39376e-55, 

15, 107, 0, 7.79434e-55, 

15, 108, 0, 4.4213e-54, 

15, 109, 0, 2.4947e-53, 

15, 110, 0, 1.37298e-52, 

15, 111, 0, 7.22532e-52, 

15, 112, 0, 3.56187e-51, 

15, 113, 0, 1.6092e-50, 

15, 114, 0, 6.50246e-50, 

15, 115, 0, 2.28381e-49, 

15, 116, 0, 6.7237e-49, 

15, 117, 0, 1.57582e-48, 

15, 118, 0, 2.69075e-48, 

15, 119, 0, 2.69075e-48, 

16, 0, 0, 4.34633e-58, 

16, 1, 0, 4.34633e-58, 

16, 2, 0, 2.39668e-58, 

16, 3, 0, 9.50183e-59, 

16, 4, 0, 3.00562e-59, 

16, 5, 0, 8.06236e-60, 

16, 6, 0, 1.91588e-60, 

16, 7, 0, 4.17891e-61, 

16, 8, 0, 8.63213e-62, 

16, 9, 0, 1.73837e-62, 

16, 10, 0, 3.50907e-63, 

16, 11, 0, 7.29152e-64, 

16, 12, 0, 1.59852e-64, 

16, 13, 0, 3.77558e-65, 

16, 14, 0, 9.7513e-66, 

16, 15, 0, 2.77239e-66, 

16, 16, 0, 8.65665e-67, 

16, 17, 0, 2.93813e-67, 

16, 18, 0, 1.06684e-67, 

16, 19, 0, 4.06733e-68, 

16, 20, 0, 1.59747e-68, 

16, 21, 0, 6.35096e-69, 

16, 22, 0, 2.5177e-69, 

16, 23, 0, 9.83335e-70, 

16, 24, 0, 3.75005e-70, 

16, 25, 0, 1.38783e-70, 

16, 26, 0, 4.96594e-71, 

16, 27, 0, 1.71525e-71, 

16, 28, 0, 5.7194e-72, 

16, 29, 0, 1.84385e-72, 

16, 30, 0, 5.76264e-73, 

16, 31, 0, 1.75258e-73, 

16, 32, 0, 5.21142e-74, 

16, 33, 0, 1.5238e-74, 

16, 34, 0, 4.41009e-75, 

16, 35, 0, 1.27273e-75, 

16, 36, 0, 3.6925e-76, 

16, 37, 0, 1.08632e-76, 

16, 38, 0, 3.26963e-77, 

16, 39, 0, 1.01558e-77, 

16, 40, 0, 3.28127e-78, 

16, 41, 0, 1.10996e-78, 

16, 42, 0, 3.94818e-79, 

16, 43, 0, 1.47893e-79, 

16, 44, 0, 5.82307e-80, 

16, 45, 0, 2.39708e-80, 

16, 46, 0, 1.02288e-80, 

16, 47, 0, 4.47517e-81, 

16, 48, 0, 1.98296e-81, 

16, 49, 0, 8.7915e-82, 

16, 50, 0, 3.86244e-82, 

16, 51, 0, 1.68336e-82, 

16, 52, 0, 7.68324e-83, 

16, 53, 0, 4.78388e-83, 

16, 54, 0, 6.17358e-83, 

16, 55, 0, 1.35126e-82, 

16, 56, 0, 3.46212e-82, 

16, 57, 0, 9.34017e-82, 

16, 58, 0, 2.61724e-81, 

16, 59, 0, 7.6235e-81, 

16, 60, 0, 2.3111e-80, 

16, 61, 0, 7.29054e-80, 

16, 62, 0, 2.38952e-79, 

16, 63, 0, 8.11589e-79, 

16, 64, 0, 2.84673e-78, 

16, 65, 0, 1.02705e-77, 

16, 66, 0, 3.79442e-77, 

16, 67, 0, 1.42869e-76, 

16, 68, 0, 5.45529e-76, 

16, 69, 0, 2.10178e-75, 

16, 70, 0, 8.12914e-75, 

16, 71, 0, 3.14079e-74, 

16, 72, 0, 1.20647e-73, 

16, 73, 0, 4.58752e-73, 

16, 74, 0, 1.71997e-72, 

16, 75, 0, 6.33683e-72, 

16, 76, 0, 2.28775e-71, 

16, 77, 0, 8.07493e-71, 

16, 78, 0, 2.78148e-70, 

16, 79, 0, 9.33643e-70, 

16, 80, 0, 3.05003e-69, 

16, 81, 0, 9.68558e-69, 

16, 82, 0, 2.98624e-68, 

16, 83, 0, 8.92832e-68, 

16, 84, 0, 2.58561e-67, 

16, 85, 0, 7.24643e-67, 

16, 86, 0, 1.96478e-66, 

16, 87, 0, 5.15686e-66, 

16, 88, 0, 1.31262e-65, 

16, 89, 0, 3.25131e-65, 

16, 90, 0, 7.87814e-65, 

16, 91, 0, 1.88083e-64, 

16, 92, 0, 4.46438e-64, 

16, 93, 0, 1.06489e-63, 

16, 94, 0, 2.58341e-63, 

16, 95, 0, 6.45691e-63, 

16, 96, 0, 1.68491e-62, 

16, 97, 0, 4.65179e-62, 

16, 98, 0, 1.37631e-61, 

16, 99, 0, 4.41549e-61, 

16, 100, 0, 1.55129e-60, 

16, 101, 0, 6.00859e-60, 

16, 102, 0, 2.57082e-59, 

16, 103, 0, 1.21018e-58, 

16, 104, 0, 6.20354e-58, 

16, 105, 0, 3.40978e-57, 

16, 106, 0, 1.97218e-56, 

16, 107, 0, 1.17629e-55, 

16, 108, 0, 7.08868e-55, 

16, 109, 0, 4.23052e-54, 

16, 110, 0, 2.45155e-53, 

16, 111, 0, 1.35249e-52, 

16, 112, 0, 6.96031e-52, 

16, 113, 0, 3.26944e-51, 

16, 114, 0, 1.36806e-50, 

16, 115, 0, 4.95496e-50, 

16, 116, 0, 1.49746e-49, 

16, 117, 0, 3.58316e-49, 

16, 118, 0, 6.20115e-49, 

16, 119, 0, 6.20115e-49, 

17, 0, 0, 7.58995e-59, 

17, 1, 0, 7.58995e-59, 

17, 2, 0, 4.11989e-59, 

17, 3, 0, 1.59491e-59, 

17, 4, 0, 4.89763e-60, 

17, 5, 0, 1.26922e-60, 

17, 6, 0, 2.90112e-61, 

17, 7, 0, 6.06138e-62, 

17, 8, 0, 1.19448e-62, 

17, 9, 0, 2.28603e-63, 

17, 10, 0, 4.37094e-64, 

17, 11, 0, 8.58413e-65, 

17, 12, 0, 1.77825e-65, 

17, 13, 0, 3.97877e-66, 

17, 14, 0, 9.78916e-67, 

17, 15, 0, 2.6728e-67, 

17, 16, 0, 8.08913e-68, 

17, 17, 0, 2.68476e-68, 

17, 18, 0, 9.60348e-69, 

17, 19, 0, 3.62691e-69, 

17, 20, 0, 1.41648e-69, 

17, 21, 0, 5.61347e-70, 

17, 22, 0, 2.22154e-70, 

17, 23, 0, 8.66956e-71, 

17, 24, 0, 3.30533e-71, 

17, 25, 0, 1.22339e-71, 

17, 26, 0, 4.37942e-72, 

17, 27, 0, 1.51377e-72, 

17, 28, 0, 5.05274e-73, 

17, 29, 0, 1.631e-73, 

17, 30, 0, 5.10489e-74, 

17, 31, 0, 1.55494e-74, 

17, 32, 0, 4.63059e-75, 

17, 33, 0, 1.35569e-75, 

17, 34, 0, 3.92708e-76, 

17, 35, 0, 1.13375e-76, 

17, 36, 0, 3.28846e-77, 

17, 37, 0, 9.66554e-78, 

17, 38, 0, 2.90466e-78, 

17, 39, 0, 9.00391e-79, 

17, 40, 0, 2.90253e-79, 

17, 41, 0, 9.79667e-80, 

17, 42, 0, 3.47816e-80, 

17, 43, 0, 1.30117e-80, 

17, 44, 0, 5.12005e-81, 

17, 45, 0, 2.10778e-81, 

17, 46, 0, 8.99919e-82, 

17, 47, 0, 3.94039e-82, 

17, 48, 0, 1.74742e-82, 

17, 49, 0, 7.75219e-83, 

17, 50, 0, 3.40709e-83, 

17, 51, 0, 1.48488e-83, 

17, 52, 0, 6.76855e-84, 

17, 53, 0, 4.18776e-84, 

17, 54, 0, 5.35084e-84, 

17, 55, 0, 1.16653e-83, 

17, 56, 0, 2.99114e-83, 

17, 57, 0, 8.09817e-83, 

17, 58, 0, 2.28221e-82, 

17, 59, 0, 6.69756e-82, 

17, 60, 0, 2.04834e-81, 

17, 61, 0, 6.52366e-81, 

17, 62, 0, 2.15903e-80, 

17, 63, 0, 7.40139e-80, 

17, 64, 0, 2.61786e-79, 

17, 65, 0, 9.51124e-79, 

17, 66, 0, 3.53293e-78, 

17, 67, 0, 1.33511e-77, 

17, 68, 0, 5.10772e-77, 

17, 69, 0, 1.96839e-76, 

17, 70, 0, 7.60411e-76, 

17, 71, 0, 2.93085e-75, 

17, 72, 0, 1.12206e-74, 

17, 73, 0, 4.24957e-74, 

17, 74, 0, 1.58637e-73, 

17, 75, 0, 5.81899e-73, 

17, 76, 0, 2.09197e-72, 

17, 77, 0, 7.35581e-72, 

17, 78, 0, 2.5255e-71, 

17, 79, 0, 8.45485e-71, 

17, 80, 0, 2.75651e-70, 

17, 81, 0, 8.74101e-70, 

17, 82, 0, 2.69235e-69, 

17, 83, 0, 8.04375e-69, 

17, 84, 0, 2.32781e-68, 

17, 85, 0, 6.51804e-68, 

17, 86, 0, 1.76497e-67, 

17, 87, 0, 4.62372e-67, 

17, 88, 0, 1.17393e-66, 

17, 89, 0, 2.8986e-66, 

17, 90, 0, 6.99796e-66, 

17, 91, 0, 1.66432e-65, 

17, 92, 0, 3.93656e-65, 

17, 93, 0, 9.36556e-65, 

17, 94, 0, 2.27021e-64, 

17, 95, 0, 5.68535e-64, 

17, 96, 0, 1.49257e-63, 

17, 97, 0, 4.16887e-63, 

17, 98, 0, 1.25695e-62, 

17, 99, 0, 4.14697e-62, 

17, 100, 0, 1.51426e-61, 

17, 101, 0, 6.16435e-61, 

17, 102, 0, 2.80038e-60, 

17, 103, 0, 1.41008e-59, 

17, 104, 0, 7.75967e-59, 

17, 105, 0, 4.57775e-58, 

17, 106, 0, 2.8332e-57, 

17, 107, 0, 1.79982e-56, 

17, 108, 0, 1.14916e-55, 

17, 109, 0, 7.22821e-55, 

17, 110, 0, 4.39304e-54, 

17, 111, 0, 2.53039e-53, 

17, 112, 0, 1.35401e-52, 

17, 113, 0, 6.58754e-52, 

17, 114, 0, 2.84436e-51, 

17, 115, 0, 1.059e-50, 

17, 116, 0, 3.27631e-50, 

17, 117, 0, 7.98632e-50, 

17, 118, 0, 1.39882e-49, 

17, 119, 0, 1.39882e-49, 

18, 0, 0, 1.29808e-59, 

18, 1, 0, 1.29808e-59, 

18, 2, 0, 6.95057e-60, 

18, 3, 0, 2.63522e-60, 

18, 4, 0, 7.88323e-61, 

18, 5, 0, 1.98117e-61, 

18, 6, 0, 4.37291e-62, 

18, 7, 0, 8.78514e-63, 

18, 8, 0, 1.65736e-63, 

18, 9, 0, 3.02287e-64, 

18, 10, 0, 5.48385e-65, 

18, 11, 0, 1.01799e-65, 

18, 12, 0, 1.98903e-66, 

18, 13, 0, 4.20013e-67, 

18, 14, 0, 9.79399e-68, 

18, 15, 0, 2.55394e-68, 

18, 16, 0, 7.45407e-69, 

18, 17, 0, 2.40941e-69, 

18, 18, 0, 8.46439e-70, 

18, 19, 0, 3.15956e-70, 

18, 20, 0, 1.22499e-70, 

18, 21, 0, 4.83309e-71, 

18, 22, 0, 1.90766e-71, 

18, 23, 0, 7.43343e-72, 

18, 24, 0, 2.83196e-72, 

18, 25, 0, 1.04803e-72, 

18, 26, 0, 3.75308e-73, 

18, 27, 0, 1.2984e-73, 

18, 28, 0, 4.33962e-74, 

18, 29, 0, 1.40326e-74, 

18, 30, 0, 4.40123e-75, 

18, 31, 0, 1.34366e-75, 

18, 32, 0, 4.01065e-76, 

18, 33, 0, 1.17668e-76, 

18, 34, 0, 3.41439e-77, 

18, 35, 0, 9.8683e-78, 

18, 36, 0, 2.86321e-78, 

18, 37, 0, 8.41082e-79, 

18, 38, 0, 2.52386e-79, 

18, 39, 0, 7.80569e-80, 

18, 40, 0, 2.50906e-80, 

18, 41, 0, 8.44196e-81, 

18, 42, 0, 2.98793e-81, 

18, 43, 0, 1.11473e-81, 

18, 44, 0, 4.37702e-82, 

18, 45, 0, 1.79919e-82, 

18, 46, 0, 7.67454e-83, 

18, 47, 0, 3.35864e-83, 

18, 48, 0, 1.489e-83, 

18, 49, 0, 6.60437e-84, 

18, 50, 0, 2.90202e-84, 

18, 51, 0, 1.26436e-84, 

18, 52, 0, 5.75583e-85, 

18, 53, 0, 3.54035e-85, 

18, 54, 0, 4.4837e-85, 

18, 55, 0, 9.74889e-85, 

18, 56, 0, 2.50529e-84, 

18, 57, 0, 6.81711e-84, 

18, 58, 0, 1.93512e-83, 

18, 59, 0, 5.73002e-83, 

18, 60, 0, 1.77026e-82, 

18, 61, 0, 5.69842e-82, 

18, 62, 0, 1.9059e-81, 

18, 63, 0, 6.59814e-81, 

18, 64, 0, 2.35388e-80, 

18, 65, 0, 8.61195e-80, 

18, 66, 0, 3.21533e-79, 

18, 67, 0, 1.21899e-78, 

18, 68, 0, 4.66969e-78, 

18, 69, 0, 1.79889e-77, 

18, 70, 0, 6.93636e-77, 

18, 71, 0, 2.66529e-76, 

18, 72, 0, 1.01635e-75, 

18, 73, 0, 3.83177e-75, 

18, 74, 0, 1.42352e-74, 

18, 75, 0, 5.19648e-74, 

18, 76, 0, 1.85962e-73, 

18, 77, 0, 6.51163e-73, 

18, 78, 0, 2.22763e-72, 

18, 79, 0, 7.43547e-72, 

18, 80, 0, 2.41847e-71, 

18, 81, 0, 7.65522e-71, 

18, 82, 0, 2.35463e-70, 

18, 83, 0, 7.02657e-70, 

18, 84, 0, 2.03112e-69, 

18, 85, 0, 5.67978e-69, 

18, 86, 0, 1.5354e-68, 

18, 87, 0, 4.01357e-68, 

18, 88, 0, 1.01626e-67, 

18, 89, 0, 2.50132e-67, 

18, 90, 0, 6.01789e-67, 

18, 91, 0, 1.42632e-66, 

18, 92, 0, 3.36383e-66, 

18, 93, 0, 7.98934e-66, 

18, 94, 0, 1.93736e-65, 

18, 95, 0, 4.8693e-65, 

18, 96, 0, 1.28891e-64, 

18, 97, 0, 3.65307e-64, 

18, 98, 0, 1.12718e-63, 

18, 99, 0, 3.84657e-63, 

18, 100, 0, 1.4708e-62, 

18, 101, 0, 6.34795e-62, 

18, 102, 0, 3.08843e-61, 

18, 103, 0, 1.67505e-60, 

18, 104, 0, 9.93621e-60, 

18, 105, 0, 6.29813e-59, 

18, 106, 0, 4.1649e-58, 

18, 107, 0, 2.80904e-57, 

18, 108, 0, 1.89235e-56, 

18, 109, 0, 1.24878e-55, 

18, 110, 0, 7.92305e-55, 

18, 111, 0, 4.74346e-54, 

18, 112, 0, 2.62804e-53, 

18, 113, 0, 1.31919e-52, 

18, 114, 0, 5.85704e-52, 

18, 115, 0, 2.23471e-51, 

18, 116, 0, 7.05909e-51, 

18, 117, 0, 1.7493e-50, 

18, 118, 0, 3.09676e-50, 

18, 119, 0, 3.09676e-50, 

19, 0, 0, 2.18397e-60, 

19, 1, 0, 2.18397e-60, 

19, 2, 0, 1.15593e-60, 

19, 3, 0, 4.30487e-61, 

19, 4, 0, 1.25897e-61, 

19, 5, 0, 3.08033e-62, 

19, 6, 0, 6.5928e-63, 

19, 7, 0, 1.27897e-63, 

19, 8, 0, 2.31939e-64, 

19, 9, 0, 4.04635e-65, 

19, 10, 0, 6.98401e-66, 

19, 11, 0, 1.22706e-66, 

19, 12, 0, 2.25962e-67, 

19, 13, 0, 4.48921e-68, 

19, 14, 0, 9.87034e-69, 

19, 15, 0, 2.44311e-69, 

19, 16, 0, 6.83616e-70, 

19, 17, 0, 2.14162e-70, 

19, 18, 0, 7.3627e-71, 

19, 19, 0, 2.70948e-71, 

19, 20, 0, 1.04097e-71, 

19, 21, 0, 4.08341e-72, 

19, 22, 0, 1.6059e-72, 

19, 23, 0, 6.24348e-73, 

19, 24, 0, 2.37556e-73, 

19, 25, 0, 8.78679e-74, 

19, 26, 0, 3.14717e-74, 

19, 27, 0, 1.08968e-74, 

19, 28, 0, 3.64732e-75, 

19, 29, 0, 1.18178e-75, 

19, 30, 0, 3.71579e-76, 

19, 31, 0, 1.13758e-76, 

19, 32, 0, 3.40537e-77, 

19, 33, 0, 1.00186e-77, 

19, 34, 0, 2.91396e-78, 

19, 35, 0, 8.43612e-79, 

19, 36, 0, 2.44956e-79, 

19, 37, 0, 7.19346e-80, 

19, 38, 0, 2.15541e-80, 

19, 39, 0, 6.64909e-81, 

19, 40, 0, 2.12988e-81, 

19, 41, 0, 7.1371e-82, 

19, 42, 0, 2.51531e-82, 

19, 43, 0, 9.34575e-83, 

19, 44, 0, 3.65638e-83, 

19, 45, 0, 1.49852e-83, 

19, 46, 0, 6.37738e-84, 

19, 47, 0, 2.7862e-84, 

19, 48, 0, 1.23367e-84, 

19, 49, 0, 5.46684e-85, 

19, 50, 0, 2.40064e-85, 

19, 51, 0, 1.04542e-85, 

19, 52, 0, 4.75345e-86, 

19, 53, 0, 2.90843e-86, 

19, 54, 0, 3.6553e-86, 

19, 55, 0, 7.93773e-86, 

19, 56, 0, 2.04735e-85, 

19, 57, 0, 5.60752e-85, 

19, 58, 0, 1.60564e-84, 

19, 59, 0, 4.80358e-84, 

19, 60, 0, 1.50085e-83, 

19, 61, 0, 4.88734e-83, 

19, 62, 0, 1.65293e-82, 

19, 63, 0, 5.78045e-82, 

19, 64, 0, 2.07992e-81, 

19, 65, 0, 7.66085e-81, 

19, 66, 0, 2.87363e-80, 

19, 67, 0, 1.09231e-79, 

19, 68, 0, 4.1873e-79, 

19, 69, 0, 1.6114e-78, 

19, 70, 0, 6.19809e-78, 

19, 71, 0, 2.37305e-77, 

19, 72, 0, 9.00934e-77, 

19, 73, 0, 3.38002e-76, 

19, 74, 0, 1.24931e-75, 

19, 75, 0, 4.53763e-75, 

19, 76, 0, 1.61614e-74, 

19, 77, 0, 5.63478e-74, 

19, 78, 0, 1.92044e-73, 

19, 79, 0, 6.38992e-73, 

19, 80, 0, 2.07302e-72, 

19, 81, 0, 6.54796e-72, 

19, 82, 0, 2.01051e-71, 

19, 83, 0, 5.99012e-71, 

19, 84, 0, 1.72875e-70, 

19, 85, 0, 4.82557e-70, 

19, 86, 0, 1.30171e-69, 

19, 87, 0, 3.39411e-69, 

19, 88, 0, 8.56885e-69, 

19, 89, 0, 2.10218e-68, 

19, 90, 0, 5.04068e-68, 

19, 91, 0, 1.19103e-67, 

19, 92, 0, 2.80249e-67, 

19, 93, 0, 6.65092e-67, 

19, 94, 0, 1.61551e-66, 

19, 95, 0, 4.08232e-66, 

19, 96, 0, 1.09227e-65, 

19, 97, 0, 3.15274e-65, 

19, 98, 0, 1.00078e-64, 

19, 99, 0, 3.55862e-64, 

19, 100, 0, 1.43828e-63, 

19, 101, 0, 6.64892e-63, 

19, 102, 0, 3.49557e-62, 

19, 103, 0, 2.05389e-61, 

19, 104, 0, 1.31573e-60, 

19, 105, 0, 8.94731e-60, 

19, 106, 0, 6.29842e-59, 

19, 107, 0, 4.48798e-58, 

19, 108, 0, 3.17298e-57, 

19, 109, 0, 2.18513e-56, 

19, 110, 0, 1.43999e-55, 

19, 111, 0, 8.91901e-55, 

19, 112, 0, 5.09465e-54, 

19, 113, 0, 2.62853e-53, 

19, 114, 0, 1.19602e-52, 

19, 115, 0, 4.66294e-52, 

19, 116, 0, 1.50029e-51, 

19, 117, 0, 3.7725e-51, 

19, 118, 0, 6.74198e-51, 

19, 119, 0, 6.74198e-51, 

20, 0, 0, 3.62797e-61, 

20, 1, 0, 3.62797e-61, 

20, 2, 0, 1.90181e-61, 

20, 3, 0, 6.97696e-62, 

20, 4, 0, 2.00166e-62, 

20, 5, 0, 4.78667e-63, 

20, 6, 0, 9.9764e-64, 

20, 7, 0, 1.87726e-64, 

20, 8, 0, 3.28752e-65, 

20, 9, 0, 5.51008e-66, 

20, 10, 0, 9.08333e-67, 

20, 11, 0, 1.51449e-67, 

20, 12, 0, 2.63036e-68, 

20, 13, 0, 4.90692e-69, 

20, 14, 0, 1.01247e-69, 

20, 15, 0, 2.36313e-70, 

20, 16, 0, 6.296e-71, 

20, 17, 0, 1.9006e-71, 

20, 18, 0, 6.36701e-72, 

20, 19, 0, 2.30316e-72, 

20, 20, 0, 8.75067e-73, 

20, 21, 0, 3.40801e-73, 

20, 22, 0, 1.33399e-73, 

20, 23, 0, 5.17042e-74, 

20, 24, 0, 1.96351e-74, 

20, 25, 0, 7.25544e-75, 

20, 26, 0, 2.59824e-75, 

20, 27, 0, 9.00173e-76, 

20, 28, 0, 3.01715e-76, 

20, 29, 0, 9.79617e-77, 

20, 30, 0, 3.08831e-77, 

20, 31, 0, 9.48379e-78, 

20, 32, 0, 2.84828e-78, 

20, 33, 0, 8.40635e-79, 

20, 34, 0, 2.45187e-79, 

20, 35, 0, 7.1132e-80, 

20, 36, 0, 2.06769e-80, 

20, 37, 0, 6.07124e-81, 

20, 38, 0, 1.81644e-81, 

20, 39, 0, 5.58748e-82, 

20, 40, 0, 1.7826e-82, 

20, 41, 0, 5.94406e-83, 

20, 42, 0, 2.08362e-83, 

20, 43, 0, 7.70025e-84, 

20, 44, 0, 2.99765e-84, 

20, 45, 0, 1.22327e-84, 

20, 46, 0, 5.18767e-85, 

20, 47, 0, 2.26019e-85, 

20, 48, 0, 9.98695e-86, 

20, 49, 0, 4.4191e-86, 

20, 50, 0, 1.93875e-86, 

20, 51, 0, 8.43838e-87, 

20, 52, 0, 3.83318e-87, 

20, 53, 0, 2.3347e-87, 

20, 54, 0, 2.91576e-87, 

20, 55, 0, 6.33313e-87, 

20, 56, 0, 1.64188e-86, 

20, 57, 0, 4.53297e-86, 

20, 58, 0, 1.31106e-85, 

20, 59, 0, 3.96758e-85, 

20, 60, 0, 1.25489e-84, 

20, 61, 0, 4.13658e-84, 

20, 62, 0, 1.41515e-83, 

20, 63, 0, 4.9992e-83, 

20, 64, 0, 1.81381e-82, 

20, 65, 0, 6.72246e-82, 

20, 66, 0, 2.53189e-81, 

20, 67, 0, 9.6428e-81, 

20, 68, 0, 3.69658e-80, 

20, 69, 0, 1.42023e-79, 

20, 70, 0, 5.44646e-79, 

20, 71, 0, 2.07695e-78, 

20, 72, 0, 7.84838e-78, 

20, 73, 0, 2.92962e-77, 

20, 74, 0, 1.07727e-76, 

20, 75, 0, 3.89318e-76, 

20, 76, 0, 1.38012e-75, 

20, 77, 0, 4.79146e-75, 

20, 78, 0, 1.62694e-74, 

20, 79, 0, 5.39608e-74, 

20, 80, 0, 1.74584e-73, 

20, 81, 0, 5.50163e-73, 

20, 82, 0, 1.68569e-72, 

20, 83, 0, 5.01225e-72, 

20, 84, 0, 1.4435e-71, 

20, 85, 0, 4.02004e-71, 

20, 86, 0, 1.08158e-70, 

20, 87, 0, 2.8118e-70, 

20, 88, 0, 7.07568e-70, 

20, 89, 0, 1.72998e-69, 

20, 90, 0, 4.13463e-69, 

20, 91, 0, 9.74256e-69, 

20, 92, 0, 2.28858e-68, 

20, 93, 0, 5.43224e-68, 

20, 94, 0, 1.32355e-67, 

20, 95, 0, 3.36938e-67, 

20, 96, 0, 9.13963e-67, 

20, 97, 0, 2.69879e-66, 

20, 98, 0, 8.87326e-66, 

20, 99, 0, 3.31916e-65, 

20, 100, 0, 1.43456e-64, 

20, 101, 0, 7.18413e-64, 

20, 102, 0, 4.11446e-63, 

20, 103, 0, 2.62733e-62, 

20, 104, 0, 1.8152e-61, 

20, 105, 0, 1.31854e-60, 

20, 106, 0, 9.82306e-60, 

20, 107, 0, 7.34874e-59, 

20, 108, 0, 5.41937e-58, 

20, 109, 0, 3.87272e-57, 

20, 110, 0, 2.63718e-56, 

20, 111, 0, 1.68209e-55, 

20, 112, 0, 9.86594e-55, 

20, 113, 0, 5.21322e-54, 

20, 114, 0, 2.42349e-53, 

20, 115, 0, 9.62923e-53, 

20, 116, 0, 3.14884e-52, 

20, 117, 0, 8.02094e-52, 

20, 118, 0, 1.44561e-51, 

20, 119, 0, 1.44561e-51, 

21, 0, 0, 5.96808e-62, 

21, 1, 0, 5.96808e-62, 

21, 2, 0, 3.10412e-62, 

21, 3, 0, 1.12479e-62, 

21, 4, 0, 3.17606e-63, 

21, 5, 0, 7.4513e-64, 

21, 6, 0, 1.51867e-64, 

21, 7, 0, 2.78452e-65, 

21, 8, 0, 4.73177e-66, 

21, 9, 0, 7.6571e-67, 

21, 10, 0, 1.21135e-67, 

21, 11, 0, 1.92445e-68, 

21, 12, 0, 3.16004e-69, 

21, 13, 0, 5.53405e-70, 

21, 14, 0, 1.06769e-70, 

21, 15, 0, 2.33442e-71, 

21, 16, 0, 5.87586e-72, 

21, 17, 0, 1.69724e-72, 

21, 18, 0, 5.51142e-73, 

21, 19, 0, 1.95282e-73, 

21, 20, 0, 7.32051e-74, 

21, 21, 0, 2.82612e-74, 

21, 22, 0, 1.09977e-74, 

21, 23, 0, 4.24576e-75, 

21, 24, 0, 1.60811e-75, 

21, 25, 0, 5.93277e-76, 

21, 26, 0, 2.12318e-76, 

21, 27, 0, 7.35754e-77, 

21, 28, 0, 2.46873e-77, 

21, 29, 0, 8.03066e-78, 

21, 30, 0, 2.53824e-78, 

21, 31, 0, 7.81879e-79, 

21, 32, 0, 2.35619e-79, 

21, 33, 0, 6.97755e-80, 

21, 34, 0, 2.04133e-80, 

21, 35, 0, 5.93601e-81, 

21, 36, 0, 1.72774e-81, 

21, 37, 0, 5.07292e-82, 

21, 38, 0, 1.51541e-82, 

21, 39, 0, 4.64701e-83, 

21, 40, 0, 1.47582e-83, 

21, 41, 0, 4.89323e-84, 

21, 42, 0, 1.70438e-84, 

21, 43, 0, 6.25775e-85, 

21, 44, 0, 2.42104e-85, 

21, 45, 0, 9.82546e-86, 

21, 46, 0, 4.14766e-86, 

21, 47, 0, 1.8005e-86, 

21, 48, 0, 7.93404e-87, 

21, 49, 0, 3.50412e-87, 

21, 50, 0, 1.53565e-87, 

21, 51, 0, 6.68095e-88, 

21, 52, 0, 3.03292e-88, 

21, 53, 0, 1.8404e-88, 

21, 54, 0, 2.28727e-88, 

21, 55, 0, 4.97673e-88, 

21, 56, 0, 1.29876e-87, 

21, 57, 0, 3.61936e-87, 

21, 58, 0, 1.0587e-86, 

21, 59, 0, 3.24428e-86, 

21, 60, 0, 1.03952e-85, 

21, 61, 0, 3.47011e-85, 

21, 62, 0, 1.20092e-84, 

21, 63, 0, 4.28447e-84, 

21, 64, 0, 1.56668e-83, 

21, 65, 0, 5.83894e-83, 

21, 66, 0, 2.20642e-82, 

21, 67, 0, 8.41333e-82, 

21, 68, 0, 3.22313e-81, 

21, 69, 0, 1.2356e-80, 

21, 70, 0, 4.72232e-80, 

21, 71, 0, 1.79316e-79, 

21, 72, 0, 6.74365e-79, 

21, 73, 0, 2.50464e-78, 

21, 74, 0, 9.16397e-78, 

21, 75, 0, 3.29593e-77, 

21, 76, 0, 1.1632e-76, 

21, 77, 0, 4.02217e-76, 

21, 78, 0, 1.36088e-75, 

21, 79, 0, 4.49953e-75, 

21, 80, 0, 1.45175e-74, 

21, 81, 0, 4.56335e-74, 

21, 82, 0, 1.39483e-73, 

21, 83, 0, 4.13723e-73, 

21, 84, 0, 1.18839e-72, 

21, 85, 0, 3.30005e-72, 

21, 86, 0, 8.85055e-72, 

21, 87, 0, 2.29296e-71, 

21, 88, 0, 5.74923e-71, 

21, 89, 0, 1.40064e-70, 

21, 90, 0, 3.33668e-70, 

21, 91, 0, 7.84303e-70, 

21, 92, 0, 1.84042e-69, 

21, 93, 0, 4.37366e-69, 

21, 94, 0, 1.07055e-68, 

21, 95, 0, 2.75196e-68, 

21, 96, 0, 7.59569e-68, 

21, 97, 0, 2.308e-67, 

21, 98, 0, 7.93151e-67, 

21, 99, 0, 3.16025e-66, 

21, 100, 0, 1.48095e-65, 

21, 101, 0, 8.12434e-65, 

21, 102, 0, 5.09549e-64, 

21, 103, 0, 3.5332e-63, 

21, 104, 0, 2.61956e-62, 

21, 105, 0, 2.01853e-61, 

21, 106, 0, 1.57982e-60, 

21, 107, 0, 1.23217e-59, 

21, 108, 0, 9.41792e-59, 

21, 109, 0, 6.94415e-58, 

21, 110, 0, 4.86211e-57, 

21, 111, 0, 3.17981e-56, 

21, 112, 0, 1.90785e-55, 

21, 113, 0, 1.02912e-54, 

21, 114, 0, 4.87411e-54, 

21, 115, 0, 1.96905e-53, 

21, 116, 0, 6.53178e-53, 

21, 117, 0, 1.68306e-52, 

21, 118, 0, 3.05642e-52, 

21, 119, 0, 3.05642e-52, 

22, 0, 0, 9.74496e-63, 

22, 1, 0, 9.74496e-63, 

22, 2, 0, 5.0372e-63, 

22, 3, 0, 1.80722e-63, 

22, 4, 0, 5.03773e-64, 

22, 5, 0, 1.16362e-64, 

22, 6, 0, 2.32843e-65, 

22, 7, 0, 4.17848e-66, 

22, 8, 0, 6.92365e-67, 

22, 9, 0, 1.08742e-67, 

22, 10, 0, 1.65988e-68, 

22, 11, 0, 2.5258e-69, 

22, 12, 0, 3.93783e-70, 

22, 13, 0, 6.48658e-71, 

22, 14, 0, 1.16817e-71, 

22, 15, 0, 2.37868e-72, 

22, 16, 0, 5.60869e-73, 

22, 17, 0, 1.53711e-73, 

22, 18, 0, 4.8068e-74, 

22, 19, 0, 1.66099e-74, 

22, 20, 0, 6.12655e-75, 

22, 21, 0, 2.34036e-75, 

22, 22, 0, 9.04298e-76, 

22, 23, 0, 3.47397e-76, 

22, 24, 0, 1.31127e-76, 

22, 25, 0, 4.82654e-77, 

22, 26, 0, 1.72507e-77, 

22, 27, 0, 5.97595e-78, 

22, 28, 0, 2.00636e-78, 

22, 29, 0, 6.53625e-79, 

22, 30, 0, 2.07059e-79, 

22, 31, 0, 6.39671e-80, 

22, 32, 0, 1.93398e-80, 

22, 33, 0, 5.74652e-81, 

22, 34, 0, 1.68639e-81, 

22, 35, 0, 4.91586e-82, 

22, 36, 0, 1.43282e-82, 

22, 37, 0, 4.20707e-83, 

22, 38, 0, 1.25475e-83, 

22, 39, 0, 3.83493e-84, 

22, 40, 0, 1.21189e-84, 

22, 41, 0, 3.99283e-85, 

22, 42, 0, 1.38077e-85, 

22, 43, 0, 5.03163e-86, 

22, 44, 0, 1.93258e-86, 

22, 45, 0, 7.79199e-87, 

22, 46, 0, 3.27113e-87, 

22, 47, 0, 1.41377e-87, 

22, 48, 0, 6.20967e-88, 

22, 49, 0, 2.7366e-88, 

22, 50, 0, 1.19792e-88, 

22, 51, 0, 5.21009e-89, 

22, 52, 0, 2.36461e-89, 

22, 53, 0, 1.43082e-89, 

22, 54, 0, 1.77235e-89, 

22, 55, 0, 3.86917e-89, 

22, 56, 0, 1.01785e-88, 

22, 57, 0, 2.86695e-88, 

22, 58, 0, 8.49101e-88, 

22, 59, 0, 2.63705e-87, 

22, 60, 0, 8.56443e-87, 

22, 61, 0, 2.89578e-86, 

22, 62, 0, 1.0136e-85, 

22, 63, 0, 3.65033e-85, 

22, 64, 0, 1.34435e-84, 

22, 65, 0, 5.03421e-84, 

22, 66, 0, 1.90705e-83, 

22, 67, 0, 7.27489e-83, 

22, 68, 0, 2.78332e-82, 

22, 69, 0, 1.06412e-81, 

22, 70, 0, 4.05183e-81, 

22, 71, 0, 1.53183e-80, 

22, 72, 0, 5.73365e-80, 

22, 73, 0, 2.11928e-79, 

22, 74, 0, 7.7176e-79, 

22, 75, 0, 2.76346e-78, 

22, 76, 0, 9.71323e-78, 

22, 77, 0, 3.34639e-77, 

22, 78, 0, 1.12852e-76, 

22, 79, 0, 3.72023e-76, 

22, 80, 0, 1.19701e-75, 

22, 81, 0, 3.75258e-75, 

22, 82, 0, 1.1439e-74, 

22, 83, 0, 3.38311e-74, 

22, 84, 0, 9.68701e-74, 

22, 85, 0, 2.68067e-73, 

22, 86, 0, 7.16233e-73, 

22, 87, 0, 1.84821e-72, 

22, 88, 0, 4.61549e-72, 

22, 89, 0, 1.12016e-71, 

22, 90, 0, 2.6599e-71, 

22, 91, 0, 6.23874e-71, 

22, 92, 0, 1.46336e-70, 

22, 93, 0, 3.4855e-70, 

22, 94, 0, 8.58585e-70, 

22, 95, 0, 2.23498e-69, 

22, 96, 0, 6.30687e-69, 

22, 97, 0, 1.98789e-68, 

22, 98, 0, 7.22977e-68, 

22, 99, 0, 3.11764e-67, 

22, 100, 0, 1.60785e-66, 

22, 101, 0, 9.74447e-66, 

22, 102, 0, 6.69494e-65, 

22, 103, 0, 5.01292e-64, 

22, 104, 0, 3.95579e-63, 

22, 105, 0, 3.20567e-62, 

22, 106, 0, 2.61459e-61, 

22, 107, 0, 2.11087e-60, 

22, 108, 0, 1.66191e-59, 

22, 109, 0, 1.25763e-58, 

22, 110, 0, 9.0126e-58, 

22, 111, 0, 6.01981e-57, 

22, 112, 0, 3.68221e-56, 

22, 113, 0, 2.02173e-55, 

22, 114, 0, 9.73154e-55, 

22, 115, 0, 3.98895e-54, 

22, 116, 0, 1.34008e-53, 

22, 117, 0, 3.48861e-53, 

22, 118, 0, 6.37859e-53, 

22, 119, 0, 6.37859e-53, 

23, 0, 0, 1.58242e-63, 

23, 1, 0, 1.58242e-63, 

23, 2, 0, 8.14048e-64, 

23, 3, 0, 2.89799e-64, 

23, 4, 0, 7.99659e-65, 

23, 5, 0, 1.82432e-65, 

23, 6, 0, 3.59727e-66, 

23, 7, 0, 6.34457e-67, 

23, 8, 0, 1.0299e-67, 

23, 9, 0, 1.57816e-68, 

23, 10, 0, 2.3377e-69, 

23, 11, 0, 3.42779e-70, 

23, 12, 0, 5.10328e-71, 

23, 13, 0, 7.94127e-72, 

23, 14, 0, 1.3363e-72, 

23, 15, 0, 2.52423e-73, 

23, 16, 0, 5.52891e-74, 

23, 17, 0, 1.4235e-74, 

23, 18, 0, 4.25144e-75, 

23, 19, 0, 1.42472e-75, 

23, 20, 0, 5.15299e-76, 

23, 21, 0, 1.94371e-76, 

23, 22, 0, 7.4468e-77, 

23, 23, 0, 2.84372e-77, 

23, 24, 0, 1.06873e-77, 

23, 25, 0, 3.9216e-78, 

23, 26, 0, 1.39876e-78, 

23, 27, 0, 4.84047e-79, 

23, 28, 0, 1.62502e-79, 

23, 29, 0, 5.2986e-80, 

23, 30, 0, 1.68146e-80, 

23, 31, 0, 5.20742e-81, 

23, 32, 0, 1.57909e-81, 

23, 33, 0, 4.70688e-82, 

23, 34, 0, 1.38544e-82, 

23, 35, 0, 4.04834e-83, 

23, 36, 0, 1.18165e-83, 

23, 37, 0, 3.46975e-84, 

23, 38, 0, 1.03317e-84, 

23, 39, 0, 3.14683e-85, 

23, 40, 0, 9.89233e-86, 

23, 41, 0, 3.23719e-86, 

23, 42, 0, 1.11069e-86, 

23, 43, 0, 4.01384e-87, 

23, 44, 0, 1.52914e-87, 

23, 45, 0, 6.1198e-88, 

23, 46, 0, 2.55299e-88, 

23, 47, 0, 1.09788e-88, 

23, 48, 0, 4.80455e-89, 

23, 49, 0, 2.11237e-89, 

23, 50, 0, 9.23613e-90, 

23, 51, 0, 4.01671e-90, 

23, 52, 0, 1.82332e-90, 

23, 53, 0, 1.10121e-90, 

23, 54, 0, 1.36179e-90, 

23, 55, 0, 2.98753e-90, 

23, 56, 0, 7.9335e-90, 

23, 57, 0, 2.26134e-89, 

23, 58, 0, 6.78793e-89, 

23, 59, 0, 2.13805e-88, 

23, 60, 0, 7.04059e-88, 

23, 61, 0, 2.41109e-87, 

23, 62, 0, 8.53258e-87, 

23, 63, 0, 3.09988e-86, 

23, 64, 0, 1.14885e-85, 

23, 65, 0, 4.3188e-85, 

23, 66, 0, 1.63868e-84, 

23, 67, 0, 6.24898e-84, 

23, 68, 0, 2.38621e-83, 

23, 69, 0, 9.09447e-83, 

23, 70, 0, 3.44931e-82, 

23, 71, 0, 1.29833e-81, 

23, 72, 0, 4.83749e-81, 

23, 73, 0, 1.78e-80, 

23, 74, 0, 6.45441e-80, 

23, 75, 0, 2.30203e-79, 

23, 76, 0, 8.06244e-79, 

23, 77, 0, 2.76871e-78, 

23, 78, 0, 9.30963e-78, 

23, 79, 0, 3.0605e-77, 

23, 80, 0, 9.82071e-77, 

23, 81, 0, 3.07013e-76, 

23, 82, 0, 9.33034e-76, 

23, 83, 0, 2.75026e-75, 

23, 84, 0, 7.84569e-75, 

23, 85, 0, 2.16226e-74, 

23, 86, 0, 5.75196e-74, 

23, 87, 0, 1.47757e-73, 

23, 88, 0, 3.67353e-73, 

23, 89, 0, 8.87958e-73, 

23, 90, 0, 2.10174e-72, 

23, 91, 0, 4.92048e-72, 

23, 92, 0, 1.15447e-71, 

23, 93, 0, 2.75942e-71, 

23, 94, 0, 6.8548e-71, 

23, 95, 0, 1.81351e-70, 

23, 96, 0, 5.26652e-70, 

23, 97, 0, 1.7417e-69, 

23, 98, 0, 6.81871e-69, 

23, 99, 0, 3.24286e-68, 

23, 100, 0, 1.86465e-67, 

23, 101, 0, 1.25164e-66, 

23, 102, 0, 9.36473e-66, 

23, 103, 0, 7.49857e-65, 

23, 104, 0, 6.23393e-64, 

23, 105, 0, 5.26374e-63, 

23, 106, 0, 4.43847e-62, 

23, 107, 0, 3.68441e-61, 

23, 108, 0, 2.97109e-60, 

23, 109, 0, 2.29651e-59, 

23, 110, 0, 1.6776e-58, 

23, 111, 0, 1.14044e-57, 

23, 112, 0, 7.09079e-57, 

23, 113, 0, 3.9528e-56, 

23, 114, 0, 1.92955e-55, 

23, 115, 0, 8.01076e-55, 

23, 116, 0, 2.72153e-54, 

23, 117, 0, 7.15021e-54, 

23, 118, 0, 1.31541e-53, 

23, 119, 0, 1.31541e-53, 

24, 0, 0, 2.55949e-64, 

24, 1, 0, 2.55949e-64, 

24, 2, 0, 1.31198e-64, 

24, 3, 0, 4.64308e-65, 

24, 4, 0, 1.27123e-65, 

24, 5, 0, 2.87254e-66, 

24, 6, 0, 5.59989e-67, 

24, 7, 0, 9.74354e-68, 

24, 8, 0, 1.55618e-68, 

24, 9, 0, 2.33807e-69, 

24, 10, 0, 3.37998e-70, 

24, 11, 0, 4.8062e-71, 

24, 12, 0, 6.87965e-72, 

24, 13, 0, 1.01779e-72, 

24, 14, 0, 1.60687e-73, 

24, 15, 0, 2.81362e-74, 

24, 16, 0, 5.68509e-75, 

24, 17, 0, 1.36021e-75, 

24, 18, 0, 3.83969e-76, 

24, 19, 0, 1.2387e-76, 

24, 20, 0, 4.37365e-77, 

24, 21, 0, 1.62477e-77, 

24, 22, 0, 6.16212e-78, 

24, 23, 0, 2.33634e-78, 

24, 24, 0, 8.73389e-79, 

24, 25, 0, 3.19197e-79, 

24, 26, 0, 1.13518e-79, 

24, 27, 0, 3.92088e-80, 

24, 28, 0, 1.31512e-80, 

24, 29, 0, 4.28861e-81, 

24, 30, 0, 1.36239e-81, 

24, 31, 0, 4.22719e-82, 

24, 32, 0, 1.28504e-82, 

24, 33, 0, 3.84118e-83, 

24, 34, 0, 1.13376e-83, 

24, 35, 0, 3.32057e-84, 

24, 36, 0, 9.70586e-85, 

24, 37, 0, 2.85023e-85, 

24, 38, 0, 8.47353e-86, 

24, 39, 0, 2.57193e-86, 

24, 40, 0, 8.04168e-87, 

24, 41, 0, 2.613e-87, 

24, 42, 0, 8.89087e-88, 

24, 43, 0, 3.18437e-88, 

24, 44, 0, 1.20244e-88, 

24, 45, 0, 4.77328e-89, 

24, 46, 0, 1.97747e-89, 

24, 47, 0, 8.45711e-90, 

24, 48, 0, 3.68624e-90, 

24, 49, 0, 1.61664e-90, 

24, 50, 0, 7.06085e-91, 

24, 51, 0, 3.07106e-91, 

24, 52, 0, 1.39488e-91, 

24, 53, 0, 8.4169e-92, 

24, 54, 0, 1.04088e-91, 

24, 55, 0, 2.29847e-91, 

24, 56, 0, 6.1696e-91, 

24, 57, 0, 1.78161e-90, 

24, 58, 0, 5.42497e-90, 

24, 59, 0, 1.73393e-89, 

24, 60, 0, 5.79031e-89, 

24, 61, 0, 2.00792e-88, 

24, 62, 0, 7.18034e-88, 

24, 63, 0, 2.62949e-87, 

24, 64, 0, 9.79805e-87, 

24, 65, 0, 3.69421e-86, 

24, 66, 0, 1.40276e-85, 

24, 67, 0, 5.34362e-85, 

24, 68, 0, 2.03546e-84, 

24, 69, 0, 7.73091e-84, 

24, 70, 0, 2.92028e-83, 

24, 71, 0, 1.09446e-82, 

24, 72, 0, 4.06033e-82, 

24, 73, 0, 1.4879e-81, 

24, 74, 0, 5.37478e-81, 

24, 75, 0, 1.91042e-80, 

24, 76, 0, 6.67041e-80, 

24, 77, 0, 2.28434e-79, 

24, 78, 0, 7.66106e-79, 

24, 79, 0, 2.51212e-78, 

24, 80, 0, 8.0395e-78, 

24, 81, 0, 2.50591e-77, 

24, 82, 0, 7.59031e-77, 

24, 83, 0, 2.22888e-76, 

24, 84, 0, 6.33126e-76, 

24, 85, 0, 1.73672e-75, 

24, 86, 0, 4.59703e-75, 

24, 87, 0, 1.17494e-74, 

24, 88, 0, 2.90705e-74, 

24, 89, 0, 6.99709e-74, 

24, 90, 0, 1.65091e-73, 

24, 91, 0, 3.85928e-73, 

24, 92, 0, 9.06453e-73, 

24, 93, 0, 2.17735e-72, 

24, 94, 0, 5.46898e-72, 

24, 95, 0, 1.47788e-71, 

24, 96, 0, 4.4594e-71, 

24, 97, 0, 1.57325e-70, 

24, 98, 0, 6.7784e-70, 

24, 99, 0, 3.62304e-69, 

24, 100, 0, 2.33784e-68, 

24, 101, 0, 1.7283e-67, 

24, 102, 0, 1.39217e-66, 

24, 103, 0, 1.17772e-65, 

24, 104, 0, 1.02052e-64, 

24, 105, 0, 8.89908e-64, 

24, 106, 0, 7.70173e-63, 

24, 107, 0, 6.53455e-62, 

24, 108, 0, 5.3706e-61, 

24, 109, 0, 4.22265e-60, 

24, 110, 0, 3.13338e-59, 

24, 111, 0, 2.16148e-58, 

24, 112, 0, 1.36256e-57, 

24, 113, 0, 7.69502e-57, 

24, 114, 0, 3.80227e-56, 

24, 115, 0, 1.5963e-55, 

24, 116, 0, 5.47728e-55, 

24, 117, 0, 1.45088e-54, 

24, 118, 0, 2.684e-54, 

24, 119, 0, 2.684e-54, 

25, 0, 0, 4.12962e-65, 

25, 1, 0, 4.12962e-65, 

25, 2, 0, 2.1114e-65, 

25, 3, 0, 7.43999e-66, 

25, 4, 0, 2.02526e-66, 

25, 5, 0, 4.54378e-67, 

25, 6, 0, 8.78213e-68, 

25, 7, 0, 1.51242e-68, 

25, 8, 0, 2.38576e-69, 

25, 9, 0, 3.53029e-70, 

25, 10, 0, 5.00694e-71, 

25, 11, 0, 6.9473e-72, 

25, 12, 0, 9.6299e-73, 

25, 13, 0, 1.36498e-73, 

25, 14, 0, 2.03596e-74, 

25, 15, 0, 3.31528e-75, 

25, 16, 0, 6.15652e-76, 

25, 17, 0, 1.35448e-76, 

25, 18, 0, 3.56886e-77, 

25, 19, 0, 1.09754e-77, 

25, 20, 0, 3.76034e-78, 

25, 21, 0, 1.37112e-78, 

25, 22, 0, 5.13746e-79, 

25, 23, 0, 1.93132e-79, 

25, 24, 0, 7.17367e-80, 

25, 25, 0, 2.60865e-80, 

25, 26, 0, 9.24126e-81, 

25, 27, 0, 3.18275e-81, 

25, 28, 0, 1.06559e-81, 

25, 29, 0, 3.47212e-82, 

25, 30, 0, 1.10326e-82, 

25, 31, 0, 3.42709e-83, 

25, 32, 0, 1.04378e-83, 

25, 33, 0, 3.12737e-84, 

25, 34, 0, 9.25347e-85, 

25, 35, 0, 2.716e-85, 

25, 36, 0, 7.94967e-86, 

25, 37, 0, 2.33486e-86, 

25, 38, 0, 6.93114e-87, 

25, 39, 0, 2.0967e-87, 

25, 40, 0, 6.5208e-88, 

25, 41, 0, 2.10365e-88, 

25, 42, 0, 7.0965e-89, 

25, 43, 0, 2.51797e-89, 

25, 44, 0, 9.41903e-90, 

25, 45, 0, 3.70658e-90, 

25, 46, 0, 1.5241e-90, 

25, 47, 0, 6.47955e-91, 

25, 48, 0, 2.81222e-91, 

25, 49, 0, 1.23009e-91, 

25, 50, 0, 5.36683e-92, 

25, 51, 0, 2.33495e-92, 

25, 52, 0, 1.06157e-92, 

25, 53, 0, 6.40593e-93, 

25, 54, 0, 7.93598e-93, 

25, 55, 0, 1.7667e-92, 

25, 56, 0, 4.79955e-92, 

25, 57, 0, 1.4056e-91, 

25, 58, 0, 4.34489e-91, 

25, 59, 0, 1.40972e-90, 

25, 60, 0, 4.774e-90, 

25, 61, 0, 1.67575e-89, 

25, 62, 0, 6.05146e-89, 

25, 63, 0, 2.23199e-88, 

25, 64, 0, 8.35437e-88, 

25, 65, 0, 3.1564e-87, 

25, 66, 0, 1.1985e-86, 

25, 67, 0, 4.55777e-86, 

25, 68, 0, 1.73105e-85, 

25, 69, 0, 6.55038e-85, 

25, 70, 0, 2.4642e-84, 

25, 71, 0, 9.19665e-84, 

25, 72, 0, 3.39813e-83, 

25, 73, 0, 1.24062e-82, 

25, 74, 0, 4.46667e-82, 

25, 75, 0, 1.58301e-81, 

25, 76, 0, 5.51301e-81, 

25, 77, 0, 1.88354e-80, 

25, 78, 0, 6.3025e-80, 

25, 79, 0, 2.06172e-79, 

25, 80, 0, 6.58055e-79, 

25, 81, 0, 2.04482e-78, 

25, 82, 0, 6.17123e-78, 

25, 83, 0, 1.80454e-77, 

25, 84, 0, 5.10142e-77, 

25, 85, 0, 1.39205e-76, 

25, 86, 0, 3.66445e-76, 

25, 87, 0, 9.31441e-76, 

25, 88, 0, 2.29272e-75, 

25, 89, 0, 5.4943e-75, 

25, 90, 0, 1.29237e-74, 

25, 91, 0, 3.01802e-74, 

25, 92, 0, 7.10292e-74, 

25, 93, 0, 1.71774e-73, 

25, 94, 0, 4.37823e-73, 

25, 95, 0, 1.21748e-72, 

25, 96, 0, 3.87334e-72, 

25, 97, 0, 1.49249e-71, 

25, 98, 0, 7.25805e-71, 

25, 99, 0, 4.41631e-70, 

25, 100, 0, 3.18492e-69, 

25, 101, 0, 2.55896e-68, 

25, 102, 0, 2.18722e-67, 

25, 103, 0, 1.93067e-66, 

25, 104, 0, 1.72653e-65, 

25, 105, 0, 1.5428e-64, 

25, 106, 0, 1.36196e-63, 

25, 107, 0, 1.17518e-62, 

25, 108, 0, 9.80333e-62, 

25, 109, 0, 7.81334e-61, 

25, 110, 0, 5.87203e-60, 

25, 111, 0, 4.09995e-59, 

25, 112, 0, 2.61465e-58, 

25, 113, 0, 1.49307e-57, 

25, 114, 0, 7.45548e-57, 

25, 115, 0, 3.16074e-56, 

25, 116, 0, 1.09405e-55, 

25, 117, 0, 2.91918e-55, 

25, 118, 0, 5.42702e-55, 

25, 119, 0, 5.42702e-55, 

26, 0, 0, 6.65633e-66, 

26, 1, 0, 6.65633e-66, 

26, 2, 0, 3.39747e-66, 

26, 3, 0, 1.1936e-66, 

26, 4, 0, 3.23589e-67, 

26, 5, 0, 7.22291e-68, 

26, 6, 0, 1.3874e-68, 

26, 7, 0, 2.37148e-69, 

26, 8, 0, 3.70683e-70, 

26, 9, 0, 5.42315e-71, 

26, 10, 0, 7.58124e-72, 

26, 11, 0, 1.03229e-72, 

26, 12, 0, 1.39522e-73, 

26, 13, 0, 1.9104e-74, 

26, 14, 0, 2.71601e-75, 

26, 15, 0, 4.14248e-76, 

26, 16, 0, 7.07809e-77, 

26, 17, 0, 1.42052e-77, 

26, 18, 0, 3.44554e-78, 

26, 19, 0, 9.97284e-79, 

26, 20, 0, 3.28793e-79, 

26, 21, 0, 1.17126e-79, 

26, 22, 0, 4.32454e-80, 

26, 23, 0, 1.60934e-80, 

26, 24, 0, 5.93228e-81, 

26, 25, 0, 2.14413e-81, 

26, 26, 0, 7.55827e-82, 

26, 27, 0, 2.59298e-82, 

26, 28, 0, 8.65653e-83, 

26, 29, 0, 2.81565e-83, 

26, 30, 0, 8.94046e-84, 

26, 31, 0, 2.77813e-84, 

26, 32, 0, 8.47149e-85, 

26, 33, 0, 2.54288e-85, 

26, 34, 0, 7.53993e-86, 

26, 35, 0, 2.21743e-86, 

26, 36, 0, 6.49917e-87, 

26, 37, 0, 1.90935e-87, 

26, 38, 0, 5.66083e-88, 

26, 39, 0, 1.70708e-88, 

26, 40, 0, 5.28177e-89, 

26, 41, 0, 1.6919e-89, 

26, 42, 0, 5.65824e-90, 

26, 43, 0, 1.98844e-90, 

26, 44, 0, 7.36578e-91, 

26, 45, 0, 2.87211e-91, 

26, 46, 0, 1.17163e-91, 

26, 47, 0, 4.94964e-92, 

26, 48, 0, 2.13846e-92, 

26, 49, 0, 9.328e-93, 

26, 50, 0, 4.06538e-93, 

26, 51, 0, 1.76944e-93, 

26, 52, 0, 8.05485e-94, 

26, 53, 0, 4.86531e-94, 

26, 54, 0, 6.04875e-94, 

26, 55, 0, 1.3597e-93, 

26, 56, 0, 3.74296e-93, 

26, 57, 0, 1.11271e-92, 

26, 58, 0, 3.49384e-92, 

26, 59, 0, 1.15103e-91, 

26, 60, 0, 3.95241e-91, 

26, 61, 0, 1.40371e-90, 

26, 62, 0, 5.11539e-90, 

26, 63, 0, 1.8987e-89, 

26, 64, 0, 7.1328e-89, 

26, 65, 0, 2.69825e-88, 

26, 66, 0, 1.0238e-87, 

26, 67, 0, 3.88467e-87, 

26, 68, 0, 1.47056e-86, 

26, 69, 0, 5.54308e-86, 

26, 70, 0, 2.07668e-85, 

26, 71, 0, 7.71908e-85, 

26, 72, 0, 2.84145e-84, 

26, 73, 0, 1.0339e-83, 

26, 74, 0, 3.7116e-83, 

26, 75, 0, 1.31213e-82, 

26, 76, 0, 4.55965e-82, 

26, 77, 0, 1.55466e-81, 

26, 78, 0, 5.19136e-81, 

26, 79, 0, 1.69436e-80, 

26, 80, 0, 5.39345e-80, 

26, 81, 0, 1.67048e-79, 

26, 82, 0, 5.02174e-79, 

26, 83, 0, 1.46166e-78, 

26, 84, 0, 4.11056e-78, 

26, 85, 0, 1.11529e-77, 

26, 86, 0, 2.91854e-77, 

26, 87, 0, 7.37511e-77, 

26, 88, 0, 1.80564e-76, 

26, 89, 0, 4.30802e-76, 

26, 90, 0, 1.01047e-75, 

26, 91, 0, 2.35867e-75, 

26, 92, 0, 5.56913e-75, 

26, 93, 0, 1.3593e-74, 

26, 94, 0, 3.53461e-74, 

26, 95, 0, 1.02334e-73, 

26, 96, 0, 3.51083e-73, 

26, 97, 0, 1.52346e-72, 

26, 98, 0, 8.546e-72, 

26, 99, 0, 5.91892e-71, 

26, 100, 0, 4.70028e-70, 

26, 101, 0, 4.03324e-69, 

26, 102, 0, 3.60474e-68, 

26, 103, 0, 3.2833e-67, 

26, 104, 0, 3.00489e-66, 

26, 105, 0, 2.73391e-65, 

26, 106, 0, 2.4494e-64, 

26, 107, 0, 2.14061e-63, 

26, 108, 0, 1.80634e-62, 

26, 109, 0, 1.4552e-61, 

26, 110, 0, 1.10491e-60, 

26, 111, 0, 7.79171e-60, 

26, 112, 0, 5.01731e-59, 

26, 113, 0, 2.89211e-58, 

26, 114, 0, 1.45721e-57, 

26, 115, 0, 6.23018e-57, 

26, 116, 0, 2.17298e-56, 

26, 117, 0, 5.83503e-56, 

26, 118, 0, 1.08949e-55, 

26, 119, 0, 1.08949e-55, 

27, 0, 0, 1.07355e-66, 

27, 1, 0, 1.07355e-66, 

27, 2, 0, 5.47421e-67, 

27, 3, 0, 1.91961e-67, 

27, 4, 0, 5.19033e-68, 

27, 5, 0, 1.1546e-68, 

27, 6, 0, 2.20844e-69, 

27, 7, 0, 3.75532e-70, 

27, 8, 0, 5.83219e-71, 

27, 9, 0, 8.46343e-72, 

27, 10, 0, 1.17076e-72, 

27, 11, 0, 1.57203e-73, 

27, 12, 0, 2.08458e-74, 

27, 13, 0, 2.77885e-75, 

27, 14, 0, 3.8016e-76, 

27, 15, 0, 5.48559e-77, 

27, 16, 0, 8.68085e-78, 

27, 17, 0, 1.58486e-78, 

27, 18, 0, 3.49307e-79, 

27, 19, 0, 9.3669e-80, 

27, 20, 0, 2.93735e-80, 

27, 21, 0, 1.01553e-80, 

27, 22, 0, 3.68194e-81, 

27, 23, 0, 1.35367e-81, 

27, 24, 0, 4.94507e-82, 

27, 25, 0, 1.77442e-82, 

27, 26, 0, 6.21742e-83, 

27, 27, 0, 2.1224e-83, 

27, 28, 0, 7.05783e-84, 

27, 29, 0, 2.28922e-84, 

27, 30, 0, 7.25695e-85, 

27, 31, 0, 2.25383e-85, 

27, 32, 0, 6.87609e-86, 

27, 33, 0, 2.06664e-86, 

27, 34, 0, 6.13856e-87, 

27, 35, 0, 1.80855e-87, 

27, 36, 0, 5.30806e-88, 

27, 37, 0, 1.56011e-88, 

27, 38, 0, 4.62096e-89, 

27, 39, 0, 1.38965e-89, 

27, 40, 0, 4.27906e-90, 

27, 41, 0, 1.36139e-90, 

27, 42, 0, 4.51418e-91, 

27, 43, 0, 1.57111e-91, 

27, 44, 0, 5.76184e-92, 

27, 45, 0, 2.22538e-92, 

27, 46, 0, 9.00268e-93, 

27, 47, 0, 3.77788e-93, 

27, 48, 0, 1.62434e-93, 

27, 49, 0, 7.06448e-94, 

27, 50, 0, 3.07531e-94, 

27, 51, 0, 1.33909e-94, 

27, 52, 0, 6.10481e-95, 

27, 53, 0, 3.69417e-95, 

27, 54, 0, 4.61725e-95, 

27, 55, 0, 1.04965e-94, 

27, 56, 0, 2.93118e-94, 

27, 57, 0, 8.85265e-94, 

27, 58, 0, 2.82498e-93, 

27, 59, 0, 9.45126e-93, 

27, 60, 0, 3.29001e-92, 

27, 61, 0, 1.18165e-91, 

27, 62, 0, 4.34252e-91, 

27, 63, 0, 1.6208e-90, 

27, 64, 0, 6.10641e-90, 

27, 65, 0, 2.31128e-89, 

27, 66, 0, 8.75832e-89, 

27, 67, 0, 3.31436e-88, 

27, 68, 0, 1.25021e-87, 

27, 69, 0, 4.69355e-87, 

27, 70, 0, 1.75119e-86, 

27, 71, 0, 6.48364e-86, 

27, 72, 0, 2.37818e-85, 

27, 73, 0, 8.62655e-85, 

27, 74, 0, 3.08872e-84, 

27, 75, 0, 1.08951e-83, 

27, 76, 0, 3.77869e-83, 

27, 77, 0, 1.28601e-82, 

27, 78, 0, 4.28587e-82, 

27, 79, 0, 1.39564e-81, 

27, 80, 0, 4.43016e-81, 

27, 81, 0, 1.3674e-80, 

27, 82, 0, 4.09342e-80, 

27, 83, 0, 1.1856e-79, 

27, 84, 0, 3.31569e-79, 

27, 85, 0, 8.94218e-79, 

27, 86, 0, 2.32553e-78, 

27, 87, 0, 5.84118e-78, 

27, 88, 0, 1.42234e-77, 

27, 89, 0, 3.37904e-77, 

27, 90, 0, 7.90641e-77, 

27, 91, 0, 1.84626e-76, 

27, 92, 0, 4.38068e-76, 

27, 93, 0, 1.0831e-75, 

27, 94, 0, 2.89816e-75, 

27, 95, 0, 8.90569e-75, 

27, 96, 0, 3.40489e-74, 

27, 97, 0, 1.71826e-73, 

27, 98, 0, 1.12042e-72, 

27, 99, 0, 8.69777e-72, 

27, 100, 0, 7.44622e-71, 

27, 101, 0, 6.70503e-70, 

27, 102, 0, 6.18701e-69, 

27, 103, 0, 5.7623e-68, 

27, 104, 0, 5.3614e-67, 

27, 105, 0, 4.94157e-66, 

27, 106, 0, 4.47546e-65, 

27, 107, 0, 3.9487e-64, 

27, 108, 0, 3.36151e-63, 

27, 109, 0, 2.73088e-62, 

27, 110, 0, 2.09058e-61, 

27, 111, 0, 1.48624e-60, 

27, 112, 0, 9.64715e-60, 

27, 113, 0, 5.6047e-59, 

27, 114, 0, 2.84548e-58, 

27, 115, 0, 1.22531e-57, 

27, 116, 0, 4.30148e-57, 

27, 117, 0, 1.16134e-56, 

27, 118, 0, 2.17635e-56, 

27, 119, 0, 2.17635e-56, 

28, 0, 0, 1.73558e-67, 

28, 1, 0, 1.73558e-67, 

28, 2, 0, 8.84723e-68, 

28, 3, 0, 3.09962e-68, 

28, 4, 0, 8.3687e-69, 

28, 5, 0, 1.8579e-69, 

28, 6, 0, 3.5444e-70, 

28, 7, 0, 6.00699e-71, 

28, 8, 0, 9.28939e-72, 

28, 9, 0, 1.34058e-72, 

28, 10, 0, 1.84085e-73, 

28, 11, 0, 2.44724e-74, 

28, 12, 0, 3.20032e-75, 

28, 13, 0, 4.18188e-76, 

28, 14, 0, 5.55497e-77, 

28, 15, 0, 7.66834e-78, 

28, 16, 0, 1.13621e-78, 

28, 17, 0, 1.89504e-79, 

28, 18, 0, 3.76272e-80, 

28, 19, 0, 9.18724e-81, 

28, 20, 0, 2.69781e-81, 

28, 21, 0, 8.96605e-82, 

28, 22, 0, 3.17622e-82, 

28, 23, 0, 1.1506e-82, 

28, 24, 0, 4.15872e-83, 

28, 25, 0, 1.47964e-83, 

28, 26, 0, 5.14767e-84, 

28, 27, 0, 1.74663e-84, 

28, 28, 0, 5.77947e-85, 

28, 29, 0, 1.86744e-85, 

28, 30, 0, 5.9045e-86, 

28, 31, 0, 1.83128e-86, 

28, 32, 0, 5.58574e-87, 

28, 33, 0, 1.68006e-87, 

28, 34, 0, 4.99729e-88, 

28, 35, 0, 1.47474e-88, 

28, 36, 0, 4.33452e-89, 

28, 37, 0, 1.27484e-89, 

28, 38, 0, 3.77378e-90, 

28, 39, 0, 1.13228e-90, 

28, 40, 0, 3.47158e-91, 

28, 41, 0, 1.09745e-91, 

28, 42, 0, 3.60908e-92, 

28, 43, 0, 1.24412e-92, 

28, 44, 0, 4.51663e-93, 

28, 45, 0, 1.72744e-93, 

28, 46, 0, 6.92776e-94, 

28, 47, 0, 2.88672e-94, 

28, 48, 0, 1.23479e-94, 

28, 49, 0, 5.35311e-95, 

28, 50, 0, 2.32722e-95, 

28, 51, 0, 1.0137e-95, 

28, 52, 0, 4.62873e-96, 

28, 53, 0, 2.80831e-96, 

28, 54, 0, 3.53512e-96, 

28, 55, 0, 8.13982e-96, 

28, 56, 0, 2.30828e-95, 

28, 57, 0, 7.08757e-95, 

28, 58, 0, 2.29949e-94, 

28, 59, 0, 7.81297e-94, 

28, 60, 0, 2.75638e-93, 

28, 61, 0, 1.00065e-92, 

28, 62, 0, 3.70608e-92, 

28, 63, 0, 1.39002e-91, 

28, 64, 0, 5.24866e-91, 

28, 65, 0, 1.98664e-90, 

28, 66, 0, 7.515e-90, 

28, 67, 0, 2.83536e-89, 

28, 68, 0, 1.0655e-88, 

28, 69, 0, 3.98364e-88, 

28, 70, 0, 1.48019e-87, 

28, 71, 0, 5.45904e-87, 

28, 72, 0, 1.99542e-86, 

28, 73, 0, 7.21658e-86, 

28, 74, 0, 2.5774e-85, 

28, 75, 0, 9.07218e-85, 

28, 76, 0, 3.14053e-84, 

28, 77, 0, 1.06686e-83, 

28, 78, 0, 3.54837e-83, 

28, 79, 0, 1.15272e-82, 

28, 80, 0, 3.6483e-82, 

28, 81, 0, 1.12196e-81, 

28, 82, 0, 3.34391e-81, 

28, 83, 0, 9.63539e-81, 

28, 84, 0, 2.67915e-80, 

28, 85, 0, 7.1809e-80, 

28, 86, 0, 1.85575e-79, 

28, 87, 0, 4.63318e-79, 

28, 88, 0, 1.12224e-78, 

28, 89, 0, 2.65558e-78, 

28, 90, 0, 6.2023e-78, 

28, 91, 0, 1.45057e-77, 

28, 92, 0, 3.4673e-77, 

28, 93, 0, 8.73591e-77, 

28, 94, 0, 2.4413e-76, 

28, 95, 0, 8.21375e-76, 

28, 96, 0, 3.64719e-75, 

28, 97, 0, 2.18441e-74, 

28, 98, 0, 1.63395e-73, 

28, 99, 0, 1.38597e-72, 

28, 100, 0, 1.25198e-71, 

28, 101, 0, 1.16559e-70, 

28, 102, 0, 1.09938e-69, 

28, 103, 0, 1.03976e-68, 

28, 104, 0, 9.78588e-68, 

28, 105, 0, 9.10255e-67, 

28, 106, 0, 8.30841e-66, 

28, 107, 0, 7.38222e-65, 

28, 108, 0, 6.32636e-64, 

28, 109, 0, 5.17302e-63, 

28, 110, 0, 3.98582e-62, 

28, 111, 0, 2.85202e-61, 

28, 112, 0, 1.86328e-60, 

28, 113, 0, 1.08947e-59, 

28, 114, 0, 5.56573e-59, 

28, 115, 0, 2.41085e-58, 

28, 116, 0, 8.50842e-58, 

28, 117, 0, 2.3073e-57, 

28, 118, 0, 4.33663e-57, 

28, 119, 0, 4.33663e-57, 

29, 0, 0, 2.8182e-68, 

29, 1, 0, 2.8182e-68, 

29, 2, 0, 1.43699e-68, 

29, 3, 0, 5.03427e-69, 

29, 4, 0, 1.35863e-69, 

29, 5, 0, 3.01373e-70, 

29, 6, 0, 5.74202e-71, 

29, 7, 0, 9.71354e-72, 

29, 8, 0, 1.49828e-72, 

29, 9, 0, 2.15458e-73, 

29, 10, 0, 2.94416e-74, 

29, 11, 0, 3.88718e-75, 

29, 12, 0, 5.03367e-76, 

29, 13, 0, 6.48353e-77, 

29, 14, 0, 8.4274e-78, 

29, 15, 0, 1.12484e-78, 

29, 16, 0, 1.58093e-79, 

29, 17, 0, 2.43501e-80, 

29, 18, 0, 4.35267e-81, 

29, 19, 0, 9.52891e-82, 

29, 20, 0, 2.56961e-82, 

29, 21, 0, 8.09709e-83, 

29, 22, 0, 2.78203e-83, 

29, 23, 0, 9.8935e-84, 

29, 24, 0, 3.53079e-84, 

29, 25, 0, 1.24389e-84, 

29, 26, 0, 4.29186e-85, 

29, 27, 0, 1.44596e-85, 

29, 28, 0, 4.75607e-86, 

29, 29, 0, 1.52942e-86, 

29, 30, 0, 4.81882e-87, 

29, 31, 0, 1.4913e-87, 

29, 32, 0, 4.54465e-88, 

29, 33, 0, 1.36723e-88, 

29, 34, 0, 4.07114e-89, 

29, 35, 0, 1.20326e-89, 

29, 36, 0, 3.5419e-90, 

29, 37, 0, 1.04271e-90, 

29, 38, 0, 3.08616e-91, 

29, 39, 0, 9.24348e-92, 

29, 40, 0, 2.82356e-92, 

29, 41, 0, 8.87395e-93, 

29, 42, 0, 2.8955e-93, 

29, 43, 0, 9.88823e-94, 

29, 44, 0, 3.55361e-94, 

29, 45, 0, 1.3456e-94, 

29, 46, 0, 5.34797e-95, 

29, 47, 0, 2.21194e-95, 

29, 48, 0, 9.40951e-96, 

29, 49, 0, 4.06494e-96, 

29, 50, 0, 1.76442e-96, 

29, 51, 0, 7.68692e-97, 

29, 52, 0, 3.51556e-97, 

29, 53, 0, 2.14014e-97, 

29, 54, 0, 2.71823e-97, 

29, 55, 0, 6.3489e-97, 

29, 56, 0, 1.83007e-96, 

29, 57, 0, 5.71649e-96, 

29, 58, 0, 1.88619e-95, 

29, 59, 0, 6.50821e-95, 

29, 60, 0, 2.3263e-94, 

29, 61, 0, 8.53194e-94, 

29, 62, 0, 3.1828e-93, 

29, 63, 0, 1.19891e-92, 

29, 64, 0, 4.53486e-92, 

29, 65, 0, 1.71575e-91, 

29, 66, 0, 6.47687e-91, 

29, 67, 0, 2.4358e-90, 

29, 68, 0, 9.11759e-90, 

29, 69, 0, 3.39449e-89, 

29, 70, 0, 1.256e-88, 

29, 71, 0, 4.61407e-88, 

29, 72, 0, 1.68065e-87, 

29, 73, 0, 6.05973e-87, 

29, 74, 0, 2.15863e-86, 

29, 75, 0, 7.58115e-86, 

29, 76, 0, 2.61904e-85, 

29, 77, 0, 8.8791e-85, 

29, 78, 0, 2.94667e-84, 

29, 79, 0, 9.54768e-84, 

29, 80, 0, 3.01224e-83, 

29, 81, 0, 9.22803e-83, 

29, 82, 0, 2.73779e-82, 

29, 83, 0, 7.84754e-82, 

29, 84, 0, 2.16938e-81, 

29, 85, 0, 5.77896e-81, 

29, 86, 0, 1.48426e-80, 

29, 87, 0, 3.68427e-80, 

29, 88, 0, 8.88018e-80, 

29, 89, 0, 2.09421e-79, 

29, 90, 0, 4.8867e-79, 

29, 91, 0, 1.14663e-78, 

29, 92, 0, 2.77217e-78, 

29, 93, 0, 7.19287e-78, 

29, 94, 0, 2.15467e-77, 

29, 95, 0, 8.30835e-77, 

29, 96, 0, 4.44477e-76, 

29, 97, 0, 3.14142e-75, 

29, 98, 0, 2.61671e-74, 

29, 99, 0, 2.36119e-73, 

29, 100, 0, 2.21085e-72, 

29, 101, 0, 2.10431e-71, 

29, 102, 0, 2.014e-70, 

29, 103, 0, 1.92456e-69, 

29, 104, 0, 1.82555e-68, 

29, 105, 0, 1.7089e-67, 

29, 106, 0, 1.56846e-66, 

29, 107, 0, 1.40076e-65, 

29, 108, 0, 1.20638e-64, 

29, 109, 0, 9.91333e-64, 

29, 110, 0, 7.67644e-63, 

29, 111, 0, 5.52059e-62, 

29, 112, 0, 3.62503e-61, 

29, 113, 0, 2.13024e-60, 

29, 114, 0, 1.09359e-59, 

29, 115, 0, 4.75874e-59, 

29, 116, 0, 1.68637e-58, 

29, 117, 0, 4.58838e-58, 

29, 118, 0, 8.64247e-58, 

29, 119, 0, 8.64247e-58, 

30, 0, 0, 4.60626e-69, 

30, 1, 0, 4.60626e-69, 

30, 2, 0, 2.35068e-69, 

30, 3, 0, 8.24134e-70, 

30, 4, 0, 2.22522e-70, 

30, 5, 0, 4.93684e-71, 

30, 6, 0, 9.40415e-72, 

30, 7, 0, 1.58981e-72, 

30, 8, 0, 2.44918e-73, 

30, 9, 0, 3.51491e-74, 

30, 10, 0, 4.78829e-75, 

30, 11, 0, 6.29322e-76, 

30, 12, 0, 8.09443e-77, 

30, 13, 0, 1.03207e-77, 

30, 14, 0, 1.32079e-78, 

30, 15, 0, 1.72001e-79, 

30, 16, 0, 2.32254e-80, 

30, 17, 0, 3.35286e-81, 

30, 18, 0, 5.44209e-82, 

30, 19, 0, 1.05935e-82, 

30, 20, 0, 2.56875e-83, 

30, 21, 0, 7.53075e-84, 

30, 22, 0, 2.48194e-84, 

30, 23, 0, 8.6176e-85, 

30, 24, 0, 3.02837e-85, 

30, 25, 0, 1.05473e-85, 

30, 26, 0, 3.605e-86, 

30, 27, 0, 1.20477e-86, 

30, 28, 0, 3.93543e-87, 

30, 29, 0, 1.25836e-87, 

30, 30, 0, 3.94759e-88, 

30, 31, 0, 1.2181e-88, 

30, 32, 0, 3.7064e-89, 

30, 33, 0, 1.11476e-89, 

30, 34, 0, 3.32188e-90, 

30, 35, 0, 9.83196e-91, 

30, 36, 0, 2.89873e-91, 

30, 37, 0, 8.54408e-92, 

30, 38, 0, 2.52959e-92, 

30, 39, 0, 7.56764e-93, 

30, 40, 0, 2.30457e-93, 

30, 41, 0, 7.20517e-94, 

30, 42, 0, 2.33383e-94, 

30, 43, 0, 7.89834e-95, 

30, 44, 0, 2.8101e-95, 

30, 45, 0, 1.05334e-95, 

30, 46, 0, 4.14758e-96, 

30, 47, 0, 1.70212e-96, 

30, 48, 0, 7.19808e-97, 

30, 49, 0, 3.09756e-97, 

30, 50, 0, 1.34198e-97, 

30, 51, 0, 5.84612e-98, 

30, 52, 0, 2.67778e-98, 

30, 53, 0, 1.63681e-98, 

30, 54, 0, 2.10156e-98, 

30, 55, 0, 4.98657e-98, 

30, 56, 0, 1.46238e-97, 

30, 57, 0, 4.64948e-97, 

30, 58, 0, 1.5605e-96, 

30, 59, 0, 5.46745e-96, 

30, 60, 0, 1.97933e-95, 

30, 61, 0, 7.33054e-95, 

30, 62, 0, 2.753e-94, 

30, 63, 0, 1.04099e-93, 

30, 64, 0, 3.94279e-93, 

30, 65, 0, 1.49065e-92, 

30, 66, 0, 5.61421e-92, 

30, 67, 0, 2.1042e-91, 

30, 68, 0, 7.84446e-91, 

30, 69, 0, 2.90785e-90, 

30, 70, 0, 1.0713e-89, 

30, 71, 0, 3.91953e-89, 

30, 72, 0, 1.42238e-88, 

30, 73, 0, 5.11172e-88, 

30, 74, 0, 1.81569e-87, 

30, 75, 0, 6.36043e-87, 

30, 76, 0, 2.19209e-86, 

30, 77, 0, 7.41403e-86, 

30, 78, 0, 2.4542e-85, 

30, 79, 0, 7.92892e-85, 

30, 80, 0, 2.49302e-84, 

30, 81, 0, 7.60687e-84, 

30, 82, 0, 2.24638e-83, 

30, 83, 0, 6.40548e-83, 

30, 84, 0, 1.76073e-82, 

30, 85, 0, 4.6628e-82, 

30, 86, 0, 1.19065e-81, 

30, 87, 0, 2.93976e-81, 

30, 88, 0, 7.05523e-81, 

30, 89, 0, 1.65958e-80, 

30, 90, 0, 3.87411e-80, 

30, 91, 0, 9.14527e-80, 

30, 92, 0, 2.25235e-79, 

30, 93, 0, 6.13778e-79, 

30, 94, 0, 2.05866e-78, 

30, 95, 0, 9.58784e-78, 

30, 96, 0, 6.24014e-77, 

30, 97, 0, 5.04097e-76, 

30, 98, 0, 4.52092e-75, 

30, 99, 0, 4.24541e-74, 

30, 100, 0, 4.06713e-73, 

30, 101, 0, 3.92656e-72, 

30, 102, 0, 3.79389e-71, 

30, 103, 0, 3.65015e-70, 

30, 104, 0, 3.48055e-69, 

30, 105, 0, 3.27233e-68, 

30, 106, 0, 3.01508e-67, 

30, 107, 0, 2.70262e-66, 

30, 108, 0, 2.33602e-65, 

30, 109, 0, 1.92661e-64, 

30, 110, 0, 1.49741e-63, 

30, 111, 0, 1.0809e-62, 

30, 112, 0, 7.12418e-62, 

30, 113, 0, 4.2019e-61, 

30, 114, 0, 2.1647e-60, 

30, 115, 0, 9.45033e-60, 

30, 116, 0, 3.35845e-59, 

30, 117, 0, 9.15816e-59, 

30, 118, 0, 1.72725e-58, 

30, 119, 0, 1.72725e-58, 

31, 0, 0, 7.59887e-70, 

31, 1, 0, 7.59887e-70, 

31, 2, 0, 3.88329e-70, 

31, 3, 0, 1.36348e-70, 

31, 4, 0, 3.68635e-71, 

31, 5, 0, 8.18711e-72, 

31, 6, 0, 1.56067e-72, 

31, 7, 0, 2.63915e-73, 

31, 8, 0, 4.06483e-74, 

31, 9, 0, 5.82846e-75, 

31, 10, 0, 7.92617e-76, 

31, 11, 0, 1.03871e-76, 

31, 12, 0, 1.3299e-77, 

31, 13, 0, 1.68374e-78, 

31, 14, 0, 2.13119e-79, 

31, 15, 0, 2.72694e-80, 

31, 16, 0, 3.57642e-81, 

31, 17, 0, 4.91426e-82, 

31, 18, 0, 7.35673e-83, 

31, 19, 0, 1.27691e-83, 

31, 20, 0, 2.73633e-84, 

31, 21, 0, 7.28873e-85, 

31, 22, 0, 2.26683e-85, 

31, 23, 0, 7.62054e-86, 

31, 24, 0, 2.62661e-86, 

31, 25, 0, 9.02544e-87, 

31, 26, 0, 3.05207e-87, 

31, 27, 0, 1.01079e-87, 

31, 28, 0, 3.27628e-88, 

31, 29, 0, 1.04083e-88, 

31, 30, 0, 3.24862e-89, 

31, 31, 0, 9.98812e-90, 

31, 32, 0, 3.03274e-90, 

31, 33, 0, 9.11494e-91, 

31, 34, 0, 2.71742e-91, 

31, 35, 0, 8.05325e-92, 

31, 36, 0, 2.37824e-92, 

31, 37, 0, 7.02029e-93, 

31, 38, 0, 2.07996e-93, 

31, 39, 0, 6.21875e-94, 

31, 40, 0, 1.88922e-94, 

31, 41, 0, 5.87976e-95, 

31, 42, 0, 1.89171e-95, 

31, 43, 0, 6.34696e-96, 

31, 44, 0, 2.23594e-96, 

31, 45, 0, 8.29606e-97, 

31, 46, 0, 3.2355e-97, 

31, 47, 0, 1.317e-97, 

31, 48, 0, 5.53443e-98, 

31, 49, 0, 2.3715e-98, 

31, 50, 0, 1.02512e-98, 

31, 51, 0, 4.46415e-99, 

31, 52, 0, 2.04768e-99, 

31, 53, 0, 1.25772e-99, 

31, 54, 0, 1.63558e-99, 

31, 55, 0, 3.94848e-99, 

31, 56, 0, 1.17906e-98, 

31, 57, 0, 3.81726e-98, 

31, 58, 0, 1.30333e-97, 

31, 59, 0, 4.63591e-97, 

31, 60, 0, 1.69915e-96, 

31, 61, 0, 6.35154e-96, 

31, 62, 0, 2.40025e-95, 

31, 63, 0, 9.10727e-95, 

31, 64, 0, 3.45288e-94, 

31, 65, 0, 1.30417e-93, 

31, 66, 0, 4.8997e-93, 

31, 67, 0, 1.82991e-92, 

31, 68, 0, 6.79334e-92, 

31, 69, 0, 2.5069e-91, 

31, 70, 0, 9.19409e-91, 

31, 71, 0, 3.3492e-90, 

31, 72, 0, 1.2105e-89, 

31, 73, 0, 4.33422e-89, 

31, 74, 0, 1.53437e-88, 

31, 75, 0, 5.35849e-88, 

31, 76, 0, 1.84143e-87, 

31, 77, 0, 6.21014e-87, 

31, 78, 0, 2.04953e-86, 

31, 79, 0, 6.59993e-86, 

31, 80, 0, 2.06759e-85, 

31, 81, 0, 6.28282e-85, 

31, 82, 0, 1.84686e-84, 

31, 83, 0, 5.23981e-84, 

31, 84, 0, 1.43265e-83, 

31, 85, 0, 3.77343e-83, 

31, 86, 0, 9.58527e-83, 

31, 87, 0, 2.35576e-82, 

31, 88, 0, 5.63422e-82, 

31, 89, 0, 1.32348e-81, 

31, 90, 0, 3.09704e-81, 

31, 91, 0, 7.39046e-81, 

31, 92, 0, 1.87989e-80, 

31, 93, 0, 5.57982e-80, 

31, 94, 0, 2.22881e-79, 

31, 95, 0, 1.29586e-78, 

31, 96, 0, 9.9729e-78, 

31, 97, 0, 8.82819e-77, 

31, 98, 0, 8.2898e-76, 

31, 99, 0, 7.9765e-75, 

31, 100, 0, 7.75012e-74, 

31, 101, 0, 7.54908e-73, 

31, 102, 0, 7.33815e-72, 

31, 103, 0, 7.09127e-71, 

31, 104, 0, 6.78525e-70, 

31, 105, 0, 6.39818e-69, 

31, 106, 0, 5.91108e-68, 

31, 107, 0, 5.31219e-67, 

31, 108, 0, 4.60333e-66, 

31, 109, 0, 3.80624e-65, 

31, 110, 0, 2.96583e-64, 

31, 111, 0, 2.1463e-63, 

31, 112, 0, 1.41809e-62, 

31, 113, 0, 8.38364e-62, 

31, 114, 0, 4.32836e-61, 

31, 115, 0, 1.89322e-60, 

31, 116, 0, 6.73848e-60, 

31, 117, 0, 1.83946e-59, 

31, 118, 0, 3.47079e-59, 

31, 119, 0, 3.47079e-59, 

32, 0, 0, 1.28661e-70, 

32, 1, 0, 1.28661e-70, 

32, 2, 0, 6.58935e-71, 

32, 3, 0, 2.31954e-71, 

32, 4, 0, 6.28716e-72, 

32, 5, 0, 1.39962e-72, 

32, 6, 0, 2.67351e-73, 

32, 7, 0, 4.5285e-74, 

32, 8, 0, 6.98294e-75, 

32, 9, 0, 1.00182e-75, 

32, 10, 0, 1.36209e-76, 

32, 11, 0, 1.78281e-77, 

32, 12, 0, 2.27674e-78, 

32, 13, 0, 2.86946e-79, 

32, 14, 0, 3.60473e-80, 

32, 15, 0, 4.55531e-81, 

32, 16, 0, 5.84969e-82, 

32, 17, 0, 7.7474e-83, 

32, 18, 0, 1.08735e-83, 

32, 19, 0, 1.70067e-84, 

32, 20, 0, 3.18465e-85, 

32, 21, 0, 7.48671e-86, 

32, 22, 0, 2.14169e-86, 

32, 23, 0, 6.8723e-87, 

32, 24, 0, 2.30805e-87, 

32, 25, 0, 7.80125e-88, 

32, 26, 0, 2.60607e-88, 

32, 27, 0, 8.54475e-89, 

32, 28, 0, 2.7461e-89, 

32, 29, 0, 8.66177e-90, 

32, 30, 0, 2.68805e-90, 

32, 31, 0, 8.22991e-91, 

32, 32, 0, 2.4923e-91, 

32, 33, 0, 7.48205e-92, 

32, 34, 0, 2.23096e-92, 

32, 35, 0, 6.61904e-93, 

32, 36, 0, 1.95795e-93, 

32, 37, 0, 5.78927e-94, 

32, 38, 0, 1.71709e-94, 

32, 39, 0, 5.13334e-95, 

32, 40, 0, 1.55667e-95, 

32, 41, 0, 4.82593e-96, 

32, 42, 0, 1.54314e-96, 

32, 43, 0, 5.13525e-97, 

32, 44, 0, 1.7917e-97, 

32, 45, 0, 6.58024e-98, 

32, 46, 0, 2.54134e-98, 

32, 47, 0, 1.02568e-98, 

32, 48, 0, 4.28142e-99, 

32, 49, 0, 1.82607e-99, 

32, 50, 0, 7.87303e-100, 

32, 51, 0, 3.42624e-100, 

32, 52, 0, 1.57366e-100, 

32, 53, 0, 9.72015e-101, 

32, 54, 0, 1.28294e-100, 

32, 55, 0, 3.15582e-100, 

32, 56, 0, 9.60279e-100, 

32, 57, 0, 3.16684e-99, 

32, 58, 0, 1.09992e-98, 

32, 59, 0, 3.97072e-98, 

32, 60, 0, 1.47276e-97, 

32, 61, 0, 5.55385e-97, 

32, 62, 0, 2.11095e-96, 

32, 63, 0, 8.03405e-96, 

32, 64, 0, 3.04817e-95, 

32, 65, 0, 1.14995e-94, 

32, 66, 0, 4.30889e-94, 

32, 67, 0, 1.60333e-93, 

32, 68, 0, 5.92627e-93, 

32, 69, 0, 2.17664e-92, 

32, 70, 0, 7.94445e-92, 

32, 71, 0, 2.88032e-91, 

32, 72, 0, 1.03634e-90, 

32, 73, 0, 3.6949e-90, 

32, 74, 0, 1.30287e-89, 

32, 75, 0, 4.53313e-89, 

32, 76, 0, 1.55228e-88, 

32, 77, 0, 5.21685e-88, 

32, 78, 0, 1.71568e-87, 

32, 79, 0, 5.50473e-87, 

32, 80, 0, 1.7178e-86, 

32, 81, 0, 5.19822e-86, 

32, 82, 0, 1.52124e-85, 

32, 83, 0, 4.29572e-85, 

32, 84, 0, 1.16886e-84, 

32, 85, 0, 3.06399e-84, 

32, 86, 0, 7.74876e-84, 

32, 87, 0, 1.8974e-83, 

32, 88, 0, 4.52751e-83, 

32, 89, 0, 1.06378e-82, 

32, 90, 0, 2.50377e-82, 

32, 91, 0, 6.09614e-82, 

32, 92, 0, 1.64605e-81, 

32, 93, 0, 5.65615e-81, 

32, 94, 0, 2.85337e-80, 

32, 95, 0, 2.04163e-79, 

32, 96, 0, 1.76607e-78, 

32, 97, 0, 1.65208e-77, 

32, 98, 0, 1.59336e-76, 

32, 99, 0, 1.5552e-75, 

32, 100, 0, 1.52386e-74, 

32, 101, 0, 1.49239e-73, 

32, 102, 0, 1.45615e-72, 

32, 103, 0, 1.41114e-71, 

32, 104, 0, 1.35334e-70, 

32, 105, 0, 1.2787e-69, 

32, 106, 0, 1.18353e-68, 

32, 107, 0, 1.06549e-67, 

32, 108, 0, 9.24859e-67, 

32, 109, 0, 7.65944e-66, 

32, 110, 0, 5.9773e-65, 

32, 111, 0, 4.33165e-64, 

32, 112, 0, 2.86555e-63, 

32, 113, 0, 1.69588e-62, 

32, 114, 0, 8.76294e-62, 

32, 115, 0, 3.83508e-61, 

32, 116, 0, 1.36536e-60, 

32, 117, 0, 3.72679e-60, 

32, 118, 0, 7.02894e-60, 

32, 119, 0, 7.02894e-60, 

33, 0, 0, 3.21497e-71, 

33, 1, 0, 3.21497e-71, 

33, 2, 0, 1.66e-71, 

33, 3, 0, 5.9115e-72, 

33, 4, 0, 1.62398e-72, 

33, 5, 0, 3.66772e-73, 

33, 6, 0, 7.11086e-74, 

33, 7, 0, 1.22254e-74, 

33, 8, 0, 1.91281e-75, 

33, 9, 0, 2.78261e-76, 

33, 10, 0, 3.83206e-77, 

33, 11, 0, 5.07245e-78, 

33, 12, 0, 6.5366e-79, 

33, 13, 0, 8.28701e-80, 

33, 14, 0, 1.0424e-80, 

33, 15, 0, 1.3098e-81, 

33, 16, 0, 1.65356e-82, 

33, 17, 0, 2.11095e-83, 

33, 18, 0, 2.75529e-84, 

33, 19, 0, 3.76728e-85, 

33, 20, 0, 5.6832e-86, 

33, 21, 0, 1.02694e-86, 

33, 22, 0, 2.35801e-87, 

33, 23, 0, 6.64322e-88, 

33, 24, 0, 2.09336e-88, 

33, 25, 0, 6.85772e-89, 

33, 26, 0, 2.25034e-89, 

33, 27, 0, 7.28806e-90, 

33, 28, 0, 2.31973e-90, 

33, 29, 0, 7.25944e-91, 

33, 30, 0, 2.23866e-91, 

33, 31, 0, 6.82165e-92, 

33, 32, 0, 2.05938e-92, 

33, 33, 0, 6.17273e-93, 

33, 34, 0, 1.84023e-93, 

33, 35, 0, 5.4648e-94, 

33, 36, 0, 1.61909e-94, 

33, 37, 0, 4.79573e-95, 

33, 38, 0, 1.4243e-95, 

33, 39, 0, 4.25939e-96, 

33, 40, 0, 1.29001e-96, 

33, 41, 0, 3.98609e-97, 

33, 42, 0, 1.26754e-97, 

33, 43, 0, 4.18575e-98, 

33, 44, 0, 1.44682e-98, 

33, 45, 0, 5.26001e-99, 

33, 46, 0, 2.0114e-99, 

33, 47, 0, 8.04689e-100, 

33, 48, 0, 3.33541e-100, 

33, 49, 0, 1.4155e-100, 

33, 50, 0, 6.08509e-101, 

33, 51, 0, 2.64569e-101, 

33, 52, 0, 1.21666e-101, 

33, 53, 0, 7.56424e-102, 

33, 54, 0, 1.01558e-101, 

33, 55, 0, 2.54933e-101, 

33, 56, 0, 7.91019e-101, 

33, 57, 0, 2.65776e-100, 

33, 58, 0, 9.38875e-100, 

33, 59, 0, 3.43842e-99, 

33, 60, 0, 1.28987e-98, 

33, 61, 0, 4.90428e-98, 

33, 62, 0, 1.87389e-97, 

33, 63, 0, 7.15061e-97, 

33, 64, 0, 2.71407e-96, 

33, 65, 0, 1.02245e-95, 

33, 66, 0, 3.8203e-95, 

33, 67, 0, 1.41603e-94, 

33, 68, 0, 5.21005e-94, 

33, 69, 0, 1.90404e-93, 

33, 70, 0, 6.9136e-93, 

33, 71, 0, 2.49359e-92, 

33, 72, 0, 8.92649e-92, 

33, 73, 0, 3.16708e-91, 

33, 74, 0, 1.11156e-90, 

33, 75, 0, 3.85034e-90, 

33, 76, 0, 1.31288e-89, 

33, 77, 0, 4.39419e-89, 

33, 78, 0, 1.43932e-88, 

33, 79, 0, 4.59948e-88, 

33, 80, 0, 1.42949e-87, 

33, 81, 0, 4.30789e-87, 

33, 82, 0, 1.25538e-86, 

33, 83, 0, 3.52997e-86, 

33, 84, 0, 9.56491e-86, 

33, 85, 0, 2.4974e-85, 

33, 86, 0, 6.29404e-85, 

33, 87, 0, 1.53727e-84, 

33, 88, 0, 3.66508e-84, 

33, 89, 0, 8.63522e-84, 

33, 90, 0, 2.05706e-83, 

33, 91, 0, 5.20958e-83, 

33, 92, 0, 1.57312e-82, 

33, 93, 0, 6.76128e-82, 

33, 94, 0, 4.36492e-81, 

33, 95, 0, 3.63628e-80, 

33, 96, 0, 3.37114e-79, 

33, 97, 0, 3.25139e-78, 

33, 98, 0, 3.18259e-77, 

33, 99, 0, 3.13147e-76, 

33, 100, 0, 3.08327e-75, 

33, 101, 0, 3.02929e-74, 

33, 102, 0, 2.96258e-73, 

33, 103, 0, 2.87625e-72, 

33, 104, 0, 2.76273e-71, 

33, 105, 0, 2.61395e-70, 

33, 106, 0, 2.42243e-69, 

33, 107, 0, 2.18326e-68, 

33, 108, 0, 1.89694e-67, 

33, 109, 0, 1.57224e-66, 

33, 110, 0, 1.22767e-65, 

33, 111, 0, 8.89985e-65, 

33, 112, 0, 5.8882e-64, 

33, 113, 0, 3.48418e-63, 

33, 114, 0, 1.79956e-62, 

33, 115, 0, 7.87017e-62, 

33, 116, 0, 2.7992e-61, 

33, 117, 0, 7.63129e-61, 

33, 118, 0, 1.43753e-60, 

33, 119, 0, 1.43753e-60, 

34, 0, 0, 5.97362e-71, 

34, 1, 0, 5.97362e-71, 

34, 2, 0, 3.12975e-71, 

34, 3, 0, 1.13814e-71, 

34, 4, 0, 3.20282e-72, 

34, 5, 0, 7.41958e-73, 

34, 6, 0, 1.47576e-73, 

34, 7, 0, 2.60138e-74, 

34, 8, 0, 4.16811e-75, 

34, 9, 0, 6.19888e-76, 

34, 10, 0, 8.70883e-77, 

34, 11, 0, 1.17299e-77, 

34, 12, 0, 1.53337e-78, 

34, 13, 0, 1.96479e-79, 

34, 14, 0, 2.48662e-80, 

34, 15, 0, 3.12521e-81, 

34, 16, 0, 3.91359e-82, 

34, 17, 0, 4.89047e-83, 

34, 18, 0, 6.09894e-84, 

34, 19, 0, 7.58777e-85, 

34, 20, 0, 9.42681e-86, 

34, 21, 0, 1.17776e-86, 

34, 22, 0, 1.51574e-87, 

34, 23, 0, 2.13539e-88, 

34, 24, 0, 3.64512e-89, 

34, 25, 0, 8.05369e-90, 

34, 26, 0, 2.18077e-90, 

34, 27, 0, 6.51169e-91, 

34, 28, 0, 2.00194e-91, 

34, 29, 0, 6.16018e-92, 

34, 30, 0, 1.88135e-92, 

34, 31, 0, 5.6975e-93, 

34, 32, 0, 1.7133e-93, 

34, 33, 0, 5.12463e-94, 

34, 34, 0, 1.52688e-94, 

34, 35, 0, 4.53708e-95, 

34, 36, 0, 1.34614e-95, 

34, 37, 0, 3.99409e-96, 

34, 38, 0, 1.18795e-96, 

34, 39, 0, 3.55467e-97, 

34, 40, 0, 1.07567e-97, 

34, 41, 0, 3.31461e-98, 

34, 42, 0, 1.04878e-98, 

34, 43, 0, 3.43848e-99, 

34, 44, 0, 1.17788e-99, 

34, 45, 0, 4.23968e-100, 

34, 46, 0, 1.60514e-100, 

34, 47, 0, 6.36416e-101, 

34, 48, 0, 2.61874e-101, 

34, 49, 0, 1.10552e-101, 

34, 50, 0, 4.7375e-102, 

34, 51, 0, 2.05745e-102, 

34, 52, 0, 9.47333e-103, 

34, 53, 0, 5.93465e-103, 

34, 54, 0, 8.12482e-103, 

34, 55, 0, 2.08447e-102, 

34, 56, 0, 6.5991e-102, 

34, 57, 0, 2.25909e-101, 

34, 58, 0, 8.114e-101, 

34, 59, 0, 3.01282e-100, 

34, 60, 0, 1.1423e-99, 

34, 61, 0, 4.37601e-99, 

34, 62, 0, 1.67982e-98, 

34, 63, 0, 6.4237e-98, 

34, 64, 0, 2.43815e-97, 

34, 65, 0, 9.16913e-97, 

34, 66, 0, 3.41536e-96, 

34, 67, 0, 1.26073e-95, 

34, 68, 0, 4.6162e-95, 

34, 69, 0, 1.67806e-94, 

34, 70, 0, 6.05912e-94, 

34, 71, 0, 2.173e-93, 

34, 72, 0, 7.73487e-93, 

34, 73, 0, 2.72909e-92, 

34, 74, 0, 9.52697e-92, 

34, 75, 0, 3.28304e-91, 

34, 76, 0, 1.11392e-90, 

34, 77, 0, 3.7107e-90, 

34, 78, 0, 1.20996e-89, 

34, 79, 0, 3.84981e-89, 

34, 80, 0, 1.19151e-88, 

34, 81, 0, 3.57628e-88, 

34, 82, 0, 1.03815e-87, 

34, 83, 0, 2.90836e-87, 

34, 84, 0, 7.85354e-87, 

34, 85, 0, 2.04436e-86, 

34, 86, 0, 5.14008e-86, 

34, 87, 0, 1.25391e-85, 

34, 88, 0, 2.99294e-85, 

34, 89, 0, 7.10191e-85, 

34, 90, 0, 1.73481e-84, 

34, 91, 0, 4.75631e-84, 

34, 92, 0, 1.74388e-83, 

34, 93, 0, 9.85081e-83, 

34, 94, 0, 7.74463e-82, 

34, 95, 0, 7.06336e-81, 

34, 96, 0, 6.79296e-80, 

34, 97, 0, 6.6564e-79, 

34, 98, 0, 6.56626e-78, 

34, 99, 0, 6.48849e-77, 

34, 100, 0, 6.40555e-76, 

34, 101, 0, 6.305e-75, 

34, 102, 0, 6.17507e-74, 

34, 103, 0, 6.00253e-73, 

34, 104, 0, 5.77198e-72, 

34, 105, 0, 5.46653e-71, 

34, 106, 0, 5.07021e-70, 

34, 107, 0, 4.57248e-69, 

34, 108, 0, 3.97434e-68, 

34, 109, 0, 3.29433e-67, 

34, 110, 0, 2.57172e-66, 

34, 111, 0, 1.86324e-65, 

34, 112, 0, 1.23158e-64, 

34, 113, 0, 7.27822e-64, 

34, 114, 0, 3.75316e-63, 

34, 115, 0, 1.6383e-62, 

34, 116, 0, 5.8147e-62, 

34, 117, 0, 1.58172e-61, 

34, 118, 0, 2.97368e-61, 

34, 119, 0, 2.97368e-61, 

35, 0, 0, 2.88563e-70, 

35, 1, 0, 2.88563e-70, 

35, 2, 0, 1.51951e-70, 

35, 3, 0, 5.5618e-71, 

35, 4, 0, 1.57589e-71, 

35, 5, 0, 3.67484e-72, 

35, 6, 0, 7.35327e-73, 

35, 7, 0, 1.3029e-73, 

35, 8, 0, 2.09631e-74, 

35, 9, 0, 3.12722e-75, 

35, 10, 0, 4.40169e-76, 

35, 11, 0, 5.93257e-77, 

35, 12, 0, 7.751e-78, 

35, 13, 0, 9.91465e-79, 

35, 14, 0, 1.25123e-79, 

35, 15, 0, 1.56648e-80, 

35, 16, 0, 1.95215e-81, 

35, 17, 0, 2.42516e-82, 

35, 18, 0, 3.00278e-83, 

35, 19, 0, 3.70003e-84, 

35, 20, 0, 4.52645e-85, 

35, 21, 0, 5.48305e-86, 

35, 22, 0, 6.56173e-87, 

35, 23, 0, 7.7524e-88, 

35, 24, 0, 9.07154e-89, 

35, 25, 0, 1.06513e-89, 

35, 26, 0, 1.30069e-90, 

35, 27, 0, 1.78343e-91, 

35, 28, 0, 3.03937e-92, 

35, 29, 0, 6.66089e-93, 

35, 30, 0, 1.7418e-93, 

35, 31, 0, 4.95302e-94, 

35, 32, 0, 1.45288e-94, 

35, 33, 0, 4.30321e-95, 

35, 34, 0, 1.27757e-95, 

35, 35, 0, 3.79378e-96, 

35, 36, 0, 1.12651e-96, 

35, 37, 0, 3.34725e-97, 

35, 38, 0, 9.96941e-98, 

35, 39, 0, 2.98526e-98, 

35, 40, 0, 9.02867e-99, 

35, 41, 0, 2.77562e-99, 

35, 42, 0, 8.74311e-100, 

35, 43, 0, 2.84738e-100, 

35, 44, 0, 9.67053e-101, 

35, 45, 0, 3.447e-101, 

35, 46, 0, 1.29214e-101, 

35, 47, 0, 5.0769e-102, 

35, 48, 0, 2.07353e-102, 

35, 49, 0, 8.70609e-103, 

35, 50, 0, 3.7185e-103, 

35, 51, 0, 1.61292e-103, 

35, 52, 0, 7.43665e-104, 

35, 53, 0, 4.7003e-104, 

35, 54, 0, 6.57919e-104, 

35, 55, 0, 1.72773e-103, 

35, 56, 0, 5.58331e-103, 

35, 57, 0, 1.94715e-102, 

35, 58, 0, 7.10684e-102, 

35, 59, 0, 2.67338e-101, 

35, 60, 0, 1.02355e-100, 

35, 61, 0, 3.94727e-100, 

35, 62, 0, 1.52113e-99, 

35, 63, 0, 5.82543e-99, 

35, 64, 0, 2.2099e-98, 

35, 65, 0, 8.29275e-98, 

35, 66, 0, 3.07827e-97, 

35, 67, 0, 1.13126e-96, 

35, 68, 0, 4.12079e-96, 

35, 69, 0, 1.48949e-95, 

35, 70, 0, 5.34604e-95, 

35, 71, 0, 1.90546e-94, 

35, 72, 0, 6.74043e-94, 

35, 73, 0, 2.36358e-93, 

35, 74, 0, 8.20131e-93, 

35, 75, 0, 2.80978e-92, 

35, 76, 0, 9.48057e-92, 

35, 77, 0, 3.14162e-91, 

35, 78, 0, 1.01937e-90, 

35, 79, 0, 3.22861e-90, 

35, 80, 0, 9.95052e-90, 

35, 81, 0, 2.97513e-89, 

35, 82, 0, 8.60637e-89, 

35, 83, 0, 2.40363e-88, 

35, 84, 0, 6.47352e-88, 

35, 85, 0, 1.68167e-87, 

35, 86, 0, 4.22322e-87, 

35, 87, 0, 1.03069e-86, 

35, 88, 0, 2.47073e-86, 

35, 89, 0, 5.95677e-86, 

35, 90, 0, 1.53534e-85, 

35, 91, 0, 4.90806e-85, 

35, 92, 0, 2.37277e-84, 

35, 93, 0, 1.71558e-83, 

35, 94, 0, 1.52322e-82, 

35, 95, 0, 1.45535e-81, 

35, 96, 0, 1.42488e-80, 

35, 97, 0, 1.40695e-79, 

35, 98, 0, 1.39304e-78, 

35, 99, 0, 1.37936e-77, 

35, 100, 0, 1.36356e-76, 

35, 101, 0, 1.34357e-75, 

35, 102, 0, 1.31715e-74, 

35, 103, 0, 1.28152e-73, 

35, 104, 0, 1.23335e-72, 

35, 105, 0, 1.16894e-71, 

35, 106, 0, 1.08476e-70, 

35, 107, 0, 9.78507e-70, 

35, 108, 0, 8.50406e-69, 

35, 109, 0, 7.04532e-68, 

35, 110, 0, 5.49462e-67, 

35, 111, 0, 3.9753e-66, 

35, 112, 0, 2.62274e-65, 

35, 113, 0, 1.54644e-64, 

35, 114, 0, 7.95358e-64, 

35, 115, 0, 3.46171e-63, 

35, 116, 0, 1.22483e-62, 

35, 117, 0, 3.32149e-62, 

35, 118, 0, 6.22837e-62, 

35, 119, 0, 6.22837e-62, 

36, 0, 0, 1.45518e-69, 

36, 1, 0, 1.45518e-69, 

36, 2, 0, 7.69239e-70, 

36, 3, 0, 2.82906e-70, 

36, 4, 0, 8.0544e-71, 

36, 5, 0, 1.8865e-71, 

36, 6, 0, 3.78901e-72, 

36, 7, 0, 6.73329e-73, 

36, 8, 0, 1.08552e-73, 

36, 9, 0, 1.62093e-74, 

36, 10, 0, 2.2814e-75, 

36, 11, 0, 3.0715e-76, 

36, 12, 0, 4.0046e-77, 

36, 13, 0, 5.10714e-78, 

36, 14, 0, 6.42088e-79, 

36, 15, 0, 8.00323e-80, 

36, 16, 0, 9.92542e-81, 

36, 17, 0, 1.22681e-81, 

36, 18, 0, 1.51135e-82, 

36, 19, 0, 1.8533e-83, 

36, 20, 0, 2.25713e-84, 

36, 21, 0, 2.72295e-85, 

36, 22, 0, 3.24517e-86, 

36, 23, 0, 3.81215e-87, 

36, 24, 0, 4.40747e-88, 

36, 25, 0, 5.01313e-89, 

36, 26, 0, 5.61533e-90, 

36, 27, 0, 6.21478e-91, 

36, 28, 0, 6.84981e-92, 

36, 29, 0, 7.65766e-93, 

36, 30, 0, 9.05224e-94, 

36, 31, 0, 1.22498e-94, 

36, 32, 0, 2.08315e-95, 

36, 33, 0, 4.53875e-96, 

36, 34, 0, 1.17327e-96, 

36, 35, 0, 3.29948e-97, 

36, 36, 0, 9.60735e-98, 

36, 37, 0, 2.8369e-98, 

36, 38, 0, 8.4367e-99, 

36, 39, 0, 2.52553e-99, 

36, 40, 0, 7.6324e-100, 

36, 41, 0, 2.34133e-100, 

36, 42, 0, 7.34508e-101, 

36, 43, 0, 2.37726e-101, 

36, 44, 0, 8.00835e-102, 

36, 45, 0, 2.82769e-102, 

36, 46, 0, 1.04969e-102, 

36, 47, 0, 4.08711e-103, 

36, 48, 0, 1.6568e-103, 

36, 49, 0, 6.91823e-104, 

36, 50, 0, 2.94498e-104, 

36, 51, 0, 1.27583e-104, 

36, 52, 0, 5.89192e-105, 

36, 53, 0, 3.76299e-105, 

36, 54, 0, 5.40095e-105, 

36, 55, 0, 1.45389e-104, 

36, 56, 0, 4.7973e-104, 

36, 57, 0, 1.70377e-103, 

36, 58, 0, 6.31428e-103, 

36, 59, 0, 2.40387e-102, 

36, 60, 0, 9.28375e-102, 

36, 61, 0, 3.60037e-101, 

36, 62, 0, 1.39151e-100, 

36, 63, 0, 5.33248e-100, 

36, 64, 0, 2.02043e-99, 

36, 65, 0, 7.56115e-99, 

36, 66, 0, 2.79574e-98, 

36, 67, 0, 1.02248e-97, 

36, 68, 0, 3.70401e-97, 

36, 69, 0, 1.33079e-96, 

36, 70, 0, 4.74605e-96, 

36, 71, 0, 1.68048e-95, 

36, 72, 0, 5.90488e-95, 

36, 73, 0, 2.05679e-94, 

36, 74, 0, 7.09004e-94, 

36, 75, 0, 2.41367e-93, 

36, 76, 0, 8.09495e-93, 

36, 77, 0, 2.66732e-92, 

36, 78, 0, 8.60979e-92, 

36, 79, 0, 2.71416e-91, 

36, 80, 0, 8.33016e-91, 

36, 81, 0, 2.48165e-90, 

36, 82, 0, 7.15693e-90, 

36, 83, 0, 1.99388e-89, 

36, 84, 0, 5.3601e-89, 

36, 85, 0, 1.39096e-88, 

36, 86, 0, 3.4937e-88, 

36, 87, 0, 8.54999e-88, 

36, 88, 0, 2.07075e-87, 

36, 89, 0, 5.17329e-87, 

36, 90, 0, 1.49313e-86, 

36, 91, 0, 6.15136e-86, 

36, 92, 0, 3.97595e-85, 

36, 93, 0, 3.38718e-84, 

36, 94, 0, 3.19964e-83, 

36, 95, 0, 3.12352e-82, 

36, 96, 0, 3.08248e-81, 

36, 97, 0, 3.05344e-80, 

36, 98, 0, 3.0276e-79, 

36, 99, 0, 3.00024e-78, 

36, 100, 0, 2.96772e-77, 

36, 101, 0, 2.92615e-76, 

36, 102, 0, 2.8707e-75, 

36, 103, 0, 2.79521e-74, 

36, 104, 0, 2.6921e-73, 

36, 105, 0, 2.55294e-72, 

36, 106, 0, 2.36979e-71, 

36, 107, 0, 2.1375e-70, 

36, 108, 0, 1.85667e-69, 

36, 109, 0, 1.53658e-68, 

36, 110, 0, 1.19648e-67, 

36, 111, 0, 8.638e-67, 

36, 112, 0, 5.684e-66, 

36, 113, 0, 3.34106e-65, 

36, 114, 0, 1.71236e-64, 

36, 115, 0, 7.4247e-64, 

36, 116, 0, 2.61672e-63, 

36, 117, 0, 7.06915e-63, 

36, 118, 0, 1.32152e-62, 

36, 119, 0, 1.32152e-62, 

37, 0, 0, 7.23008e-69, 

37, 1, 0, 7.23008e-69, 

37, 2, 0, 3.83601e-69, 

37, 3, 0, 1.41711e-69, 

37, 4, 0, 4.05254e-70, 

37, 5, 0, 9.53021e-71, 

37, 6, 0, 1.92061e-71, 

37, 7, 0, 3.42178e-72, 

37, 8, 0, 5.52555e-73, 

37, 9, 0, 8.25646e-74, 

37, 10, 0, 1.16168e-74, 

37, 11, 0, 1.56197e-75, 

37, 12, 0, 2.03197e-76, 

37, 13, 0, 2.58355e-77, 

37, 14, 0, 3.23606e-78, 

37, 15, 0, 4.01651e-79, 

37, 16, 0, 4.95863e-80, 

37, 17, 0, 6.1008e-81, 

37, 18, 0, 7.48238e-82, 

37, 19, 0, 9.13818e-83, 

37, 20, 0, 1.10913e-83, 

37, 21, 0, 1.33454e-84, 

37, 22, 0, 1.58789e-85, 

37, 23, 0, 1.86425e-86, 

37, 24, 0, 2.15645e-87, 

37, 25, 0, 2.45613e-88, 

37, 26, 0, 2.75535e-89, 

37, 27, 0, 3.04831e-90, 

37, 28, 0, 3.33285e-91, 

37, 29, 0, 3.61166e-92, 

37, 30, 0, 3.89392e-93, 

37, 31, 0, 4.19936e-94, 

37, 32, 0, 4.57089e-95, 

37, 33, 0, 5.11345e-96, 

37, 34, 0, 6.11089e-97, 

37, 35, 0, 8.37515e-98, 

37, 36, 0, 1.42885e-98, 

37, 37, 0, 3.0922e-99, 

37, 38, 0, 7.94296e-100, 

37, 39, 0, 2.23708e-100, 

37, 40, 0, 6.59619e-101, 

37, 41, 0, 2.001e-101, 

37, 42, 0, 6.2322e-102, 

37, 43, 0, 2.00286e-102, 

37, 44, 0, 6.69222e-103, 

37, 45, 0, 2.34127e-103, 

37, 46, 0, 8.60837e-104, 

37, 47, 0, 3.32197e-104, 

37, 48, 0, 1.33663e-104, 

37, 49, 0, 5.55098e-105, 

37, 50, 0, 2.35521e-105, 

37, 51, 0, 1.01919e-105, 

37, 52, 0, 4.71607e-106, 

37, 53, 0, 3.04919e-106, 

37, 54, 0, 4.5017e-106, 

37, 55, 0, 1.24389e-105, 

37, 56, 0, 4.19113e-105, 

37, 57, 0, 1.51492e-104, 

37, 58, 0, 5.69493e-104, 

37, 59, 0, 2.19147e-103, 

37, 60, 0, 8.52585e-103, 

37, 61, 0, 3.3208e-102, 

37, 62, 0, 1.28573e-101, 

37, 63, 0, 4.92539e-101, 

37, 64, 0, 1.86235e-100, 

37, 65, 0, 6.94584e-100, 

37, 66, 0, 2.55679e-99, 

37, 67, 0, 9.30166e-99, 

37, 68, 0, 3.34982e-98, 

37, 69, 0, 1.19591e-97, 

37, 70, 0, 4.2366e-97, 

37, 71, 0, 1.48976e-96, 

37, 72, 0, 5.19811e-96, 

37, 73, 0, 1.79792e-95, 

37, 74, 0, 6.15495e-95, 

37, 75, 0, 2.08135e-94, 

37, 76, 0, 6.93622e-94, 

37, 77, 0, 2.27207e-93, 

37, 78, 0, 7.29479e-93, 

37, 79, 0, 2.28875e-92, 

37, 80, 0, 6.99603e-92, 

37, 81, 0, 2.07721e-91, 

37, 82, 0, 5.97472e-91, 

37, 83, 0, 1.66136e-90, 

37, 84, 0, 4.46132e-90, 

37, 85, 0, 1.15768e-89, 

37, 86, 0, 2.91314e-89, 

37, 87, 0, 7.17837e-89, 

37, 88, 0, 1.78012e-88, 

37, 89, 0, 4.8161e-88, 

37, 90, 0, 1.71914e-87, 

37, 91, 0, 9.69652e-87, 

37, 92, 0, 7.77744e-86, 

37, 93, 0, 7.21685e-85, 

37, 94, 0, 7.00891e-84, 

37, 95, 0, 6.90353e-83, 

37, 96, 0, 6.8327e-82, 

37, 97, 0, 6.77436e-81, 

37, 98, 0, 6.71874e-80, 

37, 99, 0, 6.65922e-79, 

37, 100, 0, 6.58911e-78, 

37, 101, 0, 6.50013e-77, 

37, 102, 0, 6.38122e-76, 

37, 103, 0, 6.2179e-75, 

37, 104, 0, 5.99242e-74, 

37, 105, 0, 5.68513e-73, 

37, 106, 0, 5.27774e-72, 

37, 107, 0, 4.75864e-71, 

37, 108, 0, 4.12969e-70, 

37, 109, 0, 3.4126e-69, 

37, 110, 0, 2.65165e-68, 

37, 111, 0, 1.90918e-67, 

37, 112, 0, 1.25218e-66, 

37, 113, 0, 7.33258e-66, 

37, 114, 0, 3.74241e-65, 

37, 115, 0, 1.61547e-64, 

37, 116, 0, 5.66768e-64, 

37, 117, 0, 1.52454e-63, 

37, 118, 0, 2.8403e-63, 

37, 119, 0, 2.8403e-63, 

38, 0, 0, 3.53104e-68, 

38, 1, 0, 3.53104e-68, 

38, 2, 0, 1.87995e-68, 

38, 3, 0, 6.97428e-69, 

38, 4, 0, 2.00282e-69, 

38, 5, 0, 4.72779e-70, 

38, 6, 0, 9.55781e-71, 

38, 7, 0, 1.70686e-71, 

38, 8, 0, 2.76039e-72, 

38, 9, 0, 4.12707e-73, 

38, 10, 0, 5.80483e-74, 

38, 11, 0, 7.79544e-75, 

38, 12, 0, 1.01203e-75, 

38, 13, 0, 1.28319e-76, 

38, 14, 0, 1.60192e-77, 

38, 15, 0, 1.98083e-78, 

38, 16, 0, 2.43585e-79, 

38, 17, 0, 2.98525e-80, 

38, 18, 0, 3.64799e-81, 

38, 19, 0, 4.4413e-82, 

38, 20, 0, 5.3775e-83, 

38, 21, 0, 6.46061e-84, 

38, 22, 0, 7.68363e-85, 

38, 23, 0, 9.02765e-86, 

38, 24, 0, 1.04637e-86, 

38, 25, 0, 1.19576e-87, 

38, 26, 0, 1.34768e-88, 

38, 27, 0, 1.49981e-89, 

38, 28, 0, 1.65134e-90, 

38, 29, 0, 1.80344e-91, 

38, 30, 0, 1.95929e-92, 

38, 31, 0, 2.12411e-93, 

38, 32, 0, 2.30503e-94, 

38, 33, 0, 2.51127e-95, 

38, 34, 0, 2.7551e-96, 

38, 35, 0, 3.05495e-97, 

38, 36, 0, 3.44461e-98, 

38, 37, 0, 4.00058e-99, 

38, 38, 0, 4.92359e-100, 

38, 39, 0, 6.78555e-101, 

38, 40, 0, 1.1294e-101, 

38, 41, 0, 2.3726e-102, 

38, 42, 0, 6.09706e-103, 

38, 43, 0, 1.79312e-103, 

38, 44, 0, 5.75268e-104, 

38, 45, 0, 1.97023e-104, 

38, 46, 0, 7.14533e-105, 

38, 47, 0, 2.72922e-105, 

38, 48, 0, 1.08959e-105, 

38, 49, 0, 4.50026e-106, 

38, 50, 0, 1.90332e-106, 

38, 51, 0, 8.22866e-107, 

38, 52, 0, 3.81711e-107, 

38, 53, 0, 2.50383e-107, 

38, 54, 0, 3.81512e-107, 

38, 55, 0, 1.08336e-106, 

38, 56, 0, 3.72668e-106, 

38, 57, 0, 1.36975e-105, 

38, 58, 0, 5.21633e-105, 

38, 59, 0, 2.02591e-104, 

38, 60, 0, 7.92768e-104, 

38, 61, 0, 3.09668e-103, 

38, 62, 0, 1.19947e-102, 

38, 63, 0, 4.588e-102, 

38, 64, 0, 1.72953e-101, 

38, 65, 0, 6.42342e-101, 

38, 66, 0, 2.3525e-100, 

38, 67, 0, 8.50947e-100, 

38, 68, 0, 3.04548e-99, 

38, 69, 0, 1.08011e-98, 

38, 70, 0, 3.80012e-98, 

38, 71, 0, 1.32687e-97, 

38, 72, 0, 4.59668e-97, 

38, 73, 0, 1.57854e-96, 

38, 74, 0, 5.36592e-96, 

38, 75, 0, 1.80219e-95, 

38, 76, 0, 5.96723e-95, 

38, 77, 0, 1.94302e-94, 

38, 78, 0, 6.20493e-94, 

38, 79, 0, 1.93772e-93, 

38, 80, 0, 5.89991e-93, 

38, 81, 0, 1.74632e-92, 

38, 82, 0, 5.01156e-92, 

38, 83, 0, 1.39159e-91, 

38, 84, 0, 3.73541e-91, 

38, 85, 0, 9.70412e-91, 

38, 86, 0, 2.45334e-90, 

38, 87, 0, 6.14222e-90, 

38, 88, 0, 1.6092e-89, 

38, 89, 0, 5.13766e-89, 

38, 90, 0, 2.49968e-88, 

38, 91, 0, 1.84614e-87, 

38, 92, 0, 1.66798e-86, 

38, 93, 0, 1.60746e-85, 

38, 94, 0, 1.57852e-84, 

38, 95, 0, 1.55947e-83, 

38, 96, 0, 1.54429e-82, 

38, 97, 0, 1.53084e-81, 

38, 98, 0, 1.51794e-80, 

38, 99, 0, 1.50447e-79, 

38, 100, 0, 1.48904e-78, 

38, 101, 0, 1.46971e-77, 

38, 102, 0, 1.44381e-76, 

38, 103, 0, 1.40784e-75, 

38, 104, 0, 1.35756e-74, 

38, 105, 0, 1.28832e-73, 

38, 106, 0, 1.19584e-72, 

38, 107, 0, 1.07751e-71, 

38, 108, 0, 9.3391e-71, 

38, 109, 0, 7.7027e-70, 

38, 110, 0, 5.9698e-69, 

38, 111, 0, 4.28451e-68, 

38, 112, 0, 2.79947e-67, 

38, 113, 0, 1.63231e-66, 

38, 114, 0, 8.29207e-66, 

38, 115, 0, 3.56179e-65, 

38, 116, 0, 1.24341e-64, 

38, 117, 0, 3.32911e-64, 

38, 118, 0, 6.18001e-64, 

38, 119, 0, 6.18001e-64, 

39, 0, 0, 1.69537e-67, 

39, 1, 0, 1.69537e-67, 

39, 2, 0, 9.05576e-68, 

39, 3, 0, 3.37292e-68, 

39, 4, 0, 9.72455e-69, 

39, 5, 0, 2.3038e-69, 

39, 6, 0, 4.67145e-70, 

39, 7, 0, 8.36161e-71, 

39, 8, 0, 1.35431e-71, 

39, 9, 0, 2.02623e-72, 

39, 10, 0, 2.84958e-73, 

39, 11, 0, 3.82326e-74, 

39, 12, 0, 4.95545e-75, 

39, 13, 0, 6.26922e-76, 

39, 14, 0, 7.8054e-77, 

39, 15, 0, 9.62296e-78, 

39, 16, 0, 1.17972e-78, 

39, 17, 0, 1.44153e-79, 

39, 18, 0, 1.75695e-80, 

39, 19, 0, 2.13462e-81, 

39, 20, 0, 2.58124e-82, 

39, 21, 0, 3.10005e-83, 

39, 22, 0, 3.68965e-84, 

39, 23, 0, 4.34353e-85, 

39, 24, 0, 5.05086e-86, 

39, 25, 0, 5.79851e-87, 

39, 26, 0, 6.57411e-88, 

39, 27, 0, 7.36944e-89, 

39, 28, 0, 8.18342e-90, 

39, 29, 0, 9.02409e-91, 

39, 30, 0, 9.90955e-92, 

39, 31, 0, 1.08681e-92, 

39, 32, 0, 1.19377e-93, 

39, 33, 0, 1.31661e-94, 

39, 34, 0, 1.4611e-95, 

39, 35, 0, 1.63417e-96, 

39, 36, 0, 1.84417e-97, 

39, 37, 0, 2.10151e-98, 

39, 38, 0, 2.41986e-99, 

39, 39, 0, 2.81908e-100, 

39, 40, 0, 3.33292e-101, 

39, 41, 0, 4.03147e-102, 

39, 42, 0, 5.09191e-103, 

39, 43, 0, 7.03635e-104, 

39, 44, 0, 1.15806e-104, 

39, 45, 0, 2.48327e-105, 

39, 46, 0, 6.99455e-106, 

39, 47, 0, 2.39141e-106, 

39, 48, 0, 9.13609e-107, 

39, 49, 0, 3.70844e-107, 

39, 50, 0, 1.55777e-107, 

39, 51, 0, 6.72212e-108, 

39, 52, 0, 3.12678e-108, 

39, 53, 0, 2.08578e-108, 

39, 54, 0, 3.29141e-108, 

39, 55, 0, 9.61408e-108, 

39, 56, 0, 3.37477e-107, 

39, 57, 0, 1.25985e-106, 

39, 58, 0, 4.85287e-106, 

39, 59, 0, 1.89898e-105, 

39, 60, 0, 7.46148e-105, 

39, 61, 0, 2.91819e-104, 

39, 62, 0, 1.12916e-103, 

39, 63, 0, 4.30704e-103, 

39, 64, 0, 1.61697e-102, 

39, 65, 0, 5.9751e-102, 

39, 66, 0, 2.17582e-101, 

39, 67, 0, 7.82178e-101, 

39, 68, 0, 2.78116e-100, 

39, 69, 0, 9.79719e-100, 

39, 70, 0, 3.42312e-99, 

39, 71, 0, 1.18684e-98, 

39, 72, 0, 4.08245e-98, 

39, 73, 0, 1.39204e-97, 

39, 74, 0, 4.69908e-97, 

39, 75, 0, 1.56763e-96, 

39, 76, 0, 5.15756e-96, 

39, 77, 0, 1.66953e-95, 

39, 78, 0, 5.30357e-95, 

39, 79, 0, 1.64873e-94, 

39, 80, 0, 5.00125e-94, 

39, 81, 0, 1.47605e-93, 

39, 82, 0, 4.22756e-93, 

39, 83, 0, 1.17273e-92, 

39, 84, 0, 3.14908e-92, 

39, 85, 0, 8.20553e-92, 

39, 86, 0, 2.09691e-91, 

39, 87, 0, 5.45154e-91, 

39, 88, 0, 1.61489e-90, 

39, 89, 0, 6.81829e-90, 

39, 90, 0, 4.53584e-89, 

39, 91, 0, 3.94338e-88, 

39, 92, 0, 3.75876e-87, 

39, 93, 0, 3.67673e-86, 

39, 94, 0, 3.62383e-85, 

39, 95, 0, 3.58177e-84, 

39, 96, 0, 3.54549e-83, 

39, 97, 0, 3.513e-82, 

39, 98, 0, 3.48259e-81, 

39, 99, 0, 3.45201e-80, 

39, 100, 0, 3.41797e-79, 

39, 101, 0, 3.37569e-78, 

39, 102, 0, 3.31856e-77, 

39, 103, 0, 3.23801e-76, 

39, 104, 0, 3.12373e-75, 

39, 105, 0, 2.96459e-74, 

39, 106, 0, 2.75064e-73, 

39, 107, 0, 2.47599e-72, 

39, 108, 0, 2.1425e-71, 

39, 109, 0, 1.76301e-70, 

39, 110, 0, 1.36231e-69, 

39, 111, 0, 9.74201e-69, 

39, 112, 0, 6.33878e-68, 

39, 113, 0, 3.67879e-67, 

39, 114, 0, 1.85943e-66, 

39, 115, 0, 7.94531e-66, 

39, 116, 0, 2.75928e-65, 

39, 117, 0, 7.35227e-65, 

39, 118, 0, 1.35986e-64, 

39, 119, 0, 1.35986e-64, 

40, 0, 0, 8.0084e-67, 

40, 1, 0, 8.0084e-67, 

40, 2, 0, 4.29084e-67, 

40, 3, 0, 1.60423e-67, 

40, 4, 0, 4.64284e-68, 

40, 5, 0, 1.10377e-68, 

40, 6, 0, 2.24486e-69, 

40, 7, 0, 4.02775e-70, 

40, 8, 0, 6.53479e-71, 

40, 9, 0, 9.78664e-72, 

40, 10, 0, 1.37674e-72, 

40, 11, 0, 1.84649e-73, 

40, 12, 0, 2.39102e-74, 

40, 13, 0, 3.02057e-75, 

40, 14, 0, 3.75401e-76, 

40, 15, 0, 4.61901e-77, 

40, 16, 0, 5.65134e-78, 

40, 17, 0, 6.893e-79, 

40, 18, 0, 8.38922e-80, 

40, 19, 0, 1.01838e-80, 

40, 20, 0, 1.23134e-81, 

40, 21, 0, 1.48007e-82, 

40, 22, 0, 1.76492e-83, 

40, 23, 0, 2.08414e-84, 

40, 24, 0, 2.43411e-85, 

40, 25, 0, 2.81027e-86, 

40, 26, 0, 3.20848e-87, 

40, 27, 0, 3.62648e-88, 

40, 28, 0, 4.06544e-89, 

40, 29, 0, 4.53091e-90, 

40, 30, 0, 5.03356e-91, 

40, 31, 0, 5.58947e-92, 

40, 32, 0, 6.22024e-93, 

40, 33, 0, 6.95326e-94, 

40, 34, 0, 7.82223e-95, 

40, 35, 0, 8.86805e-96, 

40, 36, 0, 1.01405e-96, 

40, 37, 0, 1.17005e-97, 

40, 38, 0, 1.3624e-98, 

40, 39, 0, 1.60071e-99, 

40, 40, 0, 1.89746e-100, 

40, 41, 0, 2.26925e-101, 

40, 42, 0, 2.73898e-102, 

40, 43, 0, 3.34011e-103, 

40, 44, 0, 4.12701e-104, 

40, 45, 0, 5.20642e-105, 

40, 46, 0, 6.84971e-106, 

40, 47, 0, 9.93385e-107, 

40, 48, 0, 1.77718e-107, 

40, 49, 0, 4.39245e-108, 

40, 50, 0, 1.46094e-108, 

40, 51, 0, 5.78458e-109, 

40, 52, 0, 2.62413e-109, 

40, 53, 0, 1.76835e-109, 

40, 54, 0, 2.89377e-109, 

40, 55, 0, 8.69792e-109, 

40, 56, 0, 3.11304e-108, 

40, 57, 0, 1.17867e-107, 

40, 58, 0, 4.58426e-107, 

40, 59, 0, 1.80405e-106, 

40, 60, 0, 7.10458e-106, 

40, 61, 0, 2.7773e-105, 

40, 62, 0, 1.07189e-104, 

40, 63, 0, 4.07176e-104, 

40, 64, 0, 1.52071e-103, 

40, 65, 0, 5.58627e-103, 

40, 66, 0, 2.02135e-102, 

40, 67, 0, 7.2187e-102, 

40, 68, 0, 2.54951e-101, 

40, 69, 0, 8.92031e-101, 

40, 70, 0, 3.0955e-100, 

40, 71, 0, 1.06591e-99, 

40, 72, 0, 3.64141e-99, 

40, 73, 0, 1.23323e-98, 

40, 74, 0, 4.13524e-98, 

40, 75, 0, 1.37064e-97, 

40, 76, 0, 4.48194e-97, 

40, 77, 0, 1.44265e-96, 

40, 78, 0, 4.55968e-96, 

40, 79, 0, 1.4113e-95, 

40, 80, 0, 4.2657e-95, 

40, 81, 0, 1.25554e-94, 

40, 82, 0, 3.58963e-94, 

40, 83, 0, 9.95208e-94, 

40, 84, 0, 2.67649e-93, 

40, 85, 0, 7.02382e-93, 

40, 86, 0, 1.84194e-92, 

40, 87, 0, 5.23219e-92, 

40, 88, 0, 1.95893e-91, 

40, 89, 0, 1.155e-90, 

40, 90, 0, 9.52003e-90, 

40, 91, 0, 8.93417e-89, 

40, 92, 0, 8.69782e-88, 

40, 93, 0, 8.55162e-87, 

40, 94, 0, 8.43495e-86, 

40, 95, 0, 8.33413e-85, 

40, 96, 0, 8.24586e-84, 

40, 97, 0, 8.16819e-83, 

40, 98, 0, 8.09797e-82, 

40, 99, 0, 8.02984e-81, 

40, 100, 0, 7.95544e-80, 

40, 101, 0, 7.86267e-79, 

40, 102, 0, 7.73495e-78, 

40, 103, 0, 7.55108e-77, 

40, 104, 0, 7.28596e-76, 

40, 105, 0, 6.91302e-75, 

40, 106, 0, 6.40894e-74, 

40, 107, 0, 5.76079e-73, 

40, 108, 0, 4.97452e-72, 

40, 109, 0, 4.08218e-71, 

40, 110, 0, 3.14371e-70, 

40, 111, 0, 2.23914e-69, 

40, 112, 0, 1.45037e-68, 

40, 113, 0, 8.37588e-68, 

40, 114, 0, 4.21139e-67, 

40, 115, 0, 1.78986e-66, 

40, 116, 0, 6.18312e-66, 

40, 117, 0, 1.63962e-65, 

40, 118, 0, 3.02175e-65, 

40, 119, 0, 3.02175e-65, 

41, 0, 0, 3.72598e-66, 

41, 1, 0, 3.72598e-66, 

41, 2, 0, 2.00221e-66, 

41, 3, 0, 7.51311e-67, 

41, 4, 0, 2.18253e-67, 

41, 5, 0, 5.20694e-68, 

41, 6, 0, 1.06231e-68, 

41, 7, 0, 1.91101e-69, 

41, 8, 0, 3.10692e-70, 

41, 9, 0, 4.65993e-71, 

41, 10, 0, 6.56142e-72, 

41, 11, 0, 8.80367e-73, 

41, 12, 0, 1.13991e-73, 

41, 13, 0, 1.43943e-74, 

41, 14, 0, 1.78773e-75, 

41, 15, 0, 2.19792e-76, 

41, 16, 0, 2.68715e-77, 

41, 17, 0, 3.27582e-78, 

41, 18, 0, 3.98631e-79, 

41, 19, 0, 4.84107e-80, 

41, 20, 0, 5.86007e-81, 

41, 21, 0, 7.05798e-82, 

41, 22, 0, 8.44181e-83, 

41, 23, 0, 1.00099e-83, 

41, 24, 0, 1.1753e-84, 

41, 25, 0, 1.36583e-85, 

41, 26, 0, 1.57155e-86, 

41, 27, 0, 1.79235e-87, 

41, 28, 0, 2.02979e-88, 

41, 29, 0, 2.28766e-89, 

41, 30, 0, 2.57239e-90, 

41, 31, 0, 2.89334e-91, 

41, 32, 0, 3.26309e-92, 

41, 33, 0, 3.69766e-93, 

41, 34, 0, 4.21706e-94, 

41, 35, 0, 4.84588e-95, 

41, 36, 0, 5.61448e-96, 

41, 37, 0, 6.56048e-97, 

41, 38, 0, 7.73122e-98, 

41, 39, 0, 9.1872e-99, 

41, 40, 0, 1.10073e-99, 

41, 41, 0, 1.3296e-100, 

41, 42, 0, 1.61948e-101, 

41, 43, 0, 1.98974e-102, 

41, 44, 0, 2.46733e-103, 

41, 45, 0, 3.09033e-104, 

41, 46, 0, 3.91378e-105, 

41, 47, 0, 5.02075e-106, 

41, 48, 0, 6.54903e-107, 

41, 49, 0, 8.77409e-108, 

41, 50, 0, 1.24201e-108, 

41, 51, 0, 1.99812e-109, 

41, 52, 0, 4.28493e-110, 

41, 53, 0, 1.81013e-110, 

41, 54, 0, 2.63418e-110, 

41, 55, 0, 8.02839e-110, 

41, 56, 0, 2.92437e-109, 

41, 57, 0, 1.1211e-108, 

41, 58, 0, 4.39434e-108, 

41, 59, 0, 1.73577e-107, 

41, 60, 0, 6.83846e-107, 

41, 61, 0, 2.66745e-106, 

41, 62, 0, 1.02529e-105, 

41, 63, 0, 3.8737e-105, 

41, 64, 0, 1.43771e-104, 

41, 65, 0, 5.24601e-104, 

41, 66, 0, 1.88516e-103, 

41, 67, 0, 6.68588e-103, 

41, 68, 0, 2.34524e-102, 

41, 69, 0, 8.15061e-102, 

41, 70, 0, 2.80975e-101, 

41, 71, 0, 9.61221e-101, 

41, 72, 0, 3.26266e-100, 

41, 73, 0, 1.09795e-99, 

41, 74, 0, 3.65873e-99, 

41, 75, 0, 1.2054e-98, 

41, 76, 0, 3.91904e-98, 

41, 77, 0, 1.25475e-97, 

41, 78, 0, 3.94676e-97, 

41, 79, 0, 1.21649e-96, 

41, 80, 0, 3.6642e-96, 

41, 81, 0, 1.07568e-95, 

41, 82, 0, 3.07057e-95, 

41, 83, 0, 8.5142e-95, 

41, 84, 0, 2.29961e-94, 

41, 85, 0, 6.14195e-94, 

41, 86, 0, 1.71555e-93, 

41, 87, 0, 5.86863e-93, 

41, 88, 0, 3.05112e-92, 

41, 89, 0, 2.34517e-91, 

41, 90, 0, 2.15281e-90, 

41, 91, 0, 2.0833e-89, 

41, 92, 0, 2.04348e-88, 

41, 93, 0, 2.01199e-87, 

41, 94, 0, 1.98445e-86, 

41, 95, 0, 1.96027e-85, 

41, 96, 0, 1.93942e-84, 

41, 97, 0, 1.92162e-83, 

41, 98, 0, 1.90607e-82, 

41, 99, 0, 1.89137e-81, 

41, 100, 0, 1.87533e-80, 

41, 101, 0, 1.85482e-79, 

41, 102, 0, 1.82569e-78, 

41, 103, 0, 1.78269e-77, 

41, 104, 0, 1.71973e-76, 

41, 105, 0, 1.63048e-75, 

41, 106, 0, 1.50956e-74, 

41, 107, 0, 1.35421e-73, 

41, 108, 0, 1.16632e-72, 

41, 109, 0, 9.53997e-72, 

41, 110, 0, 7.31866e-71, 

41, 111, 0, 5.19011e-70, 

41, 112, 0, 3.34568e-69, 

41, 113, 0, 1.9222e-68, 

41, 114, 0, 9.61308e-68, 

41, 115, 0, 4.06352e-67, 

41, 116, 0, 1.39642e-66, 

41, 117, 0, 3.68568e-66, 

41, 118, 0, 6.76927e-66, 

41, 119, 0, 6.76927e-66, 

42, 0, 0, 1.70989e-65, 

42, 1, 0, 1.70989e-65, 

42, 2, 0, 9.21434e-66, 

42, 3, 0, 3.47003e-66, 

42, 4, 0, 1.01182e-66, 

42, 5, 0, 2.42277e-67, 

42, 6, 0, 4.95957e-68, 

42, 7, 0, 8.94876e-69, 

42, 8, 0, 1.45865e-69, 

42, 9, 0, 2.19247e-70, 

42, 10, 0, 3.09242e-71, 

42, 11, 0, 4.15472e-72, 

42, 12, 0, 5.38494e-73, 

42, 13, 0, 6.80489e-74, 

42, 14, 0, 8.45639e-75, 

42, 15, 0, 1.04023e-75, 

42, 16, 0, 1.27257e-76, 

42, 17, 0, 1.55267e-77, 

42, 18, 0, 1.89172e-78, 

42, 19, 0, 2.30132e-79, 

42, 20, 0, 2.79235e-80, 

42, 21, 0, 3.37379e-81, 

42, 22, 0, 4.05165e-82, 

42, 23, 0, 4.82854e-83, 

42, 24, 0, 5.70416e-84, 

42, 25, 0, 6.67702e-85, 

42, 26, 0, 7.74718e-86, 

42, 27, 0, 8.91966e-87, 

42, 28, 0, 1.02079e-87, 

42, 29, 0, 1.16371e-88, 

42, 30, 0, 1.32463e-89, 

42, 31, 0, 1.50913e-90, 

42, 32, 0, 1.72461e-91, 

42, 33, 0, 1.98059e-92, 

42, 34, 0, 2.28902e-93, 

42, 35, 0, 2.6648e-94, 

42, 36, 0, 3.12646e-95, 

42, 37, 0, 3.69724e-96, 

42, 38, 0, 4.40667e-97, 

42, 39, 0, 5.29284e-98, 

42, 40, 0, 6.4059e-99, 

42, 41, 0, 7.81302e-100, 

42, 42, 0, 9.6058e-101, 

42, 43, 0, 1.1911e-101, 

42, 44, 0, 1.49061e-102, 

42, 45, 0, 1.88431e-103, 

42, 46, 0, 2.40829e-104, 

42, 47, 0, 3.11495e-105, 

42, 48, 0, 4.08138e-106, 

42, 49, 0, 5.42285e-107, 

42, 50, 0, 7.31584e-108, 

42, 51, 0, 1.00421e-108, 

42, 52, 0, 1.41034e-109, 

42, 53, 0, 2.10204e-110, 

42, 54, 0, 5.2045e-111, 

42, 55, 0, 7.95614e-111, 

42, 56, 0, 2.80144e-110, 

42, 57, 0, 1.08319e-109, 

42, 58, 0, 4.27019e-109, 

42, 59, 0, 1.68979e-108, 

42, 60, 0, 6.64811e-108, 

42, 61, 0, 2.58338e-107, 

42, 62, 0, 9.87525e-107, 

42, 63, 0, 3.70648e-106, 

42, 64, 0, 1.36577e-105, 

42, 65, 0, 4.94667e-105, 

42, 66, 0, 1.76454e-104, 

42, 67, 0, 6.21354e-104, 

42, 68, 0, 2.16468e-103, 

42, 69, 0, 7.47399e-103, 

42, 70, 0, 2.56036e-102, 

42, 71, 0, 8.70593e-102, 

42, 72, 0, 2.93757e-101, 

42, 73, 0, 9.82823e-101, 

42, 74, 0, 3.25651e-100, 

42, 75, 0, 1.06697e-99, 

42, 76, 0, 3.45067e-99, 

42, 77, 0, 1.09932e-98, 

42, 78, 0, 3.44217e-98, 

42, 79, 0, 1.05671e-97, 

42, 80, 0, 3.17223e-97, 

42, 81, 0, 9.28915e-97, 

42, 82, 0, 2.64863e-96, 

42, 83, 0, 7.35929e-96, 

42, 84, 0, 2.01142e-95, 

42, 85, 0, 5.62121e-95, 

42, 86, 0, 1.81325e-94, 

42, 87, 0, 8.39246e-94, 

42, 88, 0, 5.92891e-93, 

42, 89, 0, 5.27662e-92, 

42, 90, 0, 5.06213e-91, 

42, 91, 0, 4.95122e-90, 

42, 92, 0, 4.86637e-89, 

42, 93, 0, 4.79173e-88, 

42, 94, 0, 4.72553e-87, 

42, 95, 0, 4.66843e-86, 

42, 96, 0, 4.62065e-85, 

42, 97, 0, 4.58126e-84, 

42, 98, 0, 4.5479e-83, 

42, 99, 0, 4.5166e-82, 

42, 100, 0, 4.48154e-81, 

42, 101, 0, 4.43466e-80, 

42, 102, 0, 4.36549e-79, 

42, 103, 0, 4.26113e-78, 

42, 104, 0, 4.10689e-77, 

42, 105, 0, 3.8879e-76, 

42, 106, 0, 3.5919e-75, 

42, 107, 0, 3.21341e-74, 

42, 108, 0, 2.75831e-73, 

42, 109, 0, 2.2474e-72, 

42, 110, 0, 1.71656e-71, 

42, 111, 0, 1.21149e-70, 

42, 112, 0, 7.76959e-70, 

42, 113, 0, 4.44005e-69, 

42, 114, 0, 2.20843e-68, 

42, 115, 0, 9.285e-68, 

42, 116, 0, 3.17452e-67, 

42, 117, 0, 8.34126e-67, 

42, 118, 0, 1.52708e-66, 

42, 119, 0, 1.52708e-66, 

43, 0, 0, 7.75212e-65, 

43, 1, 0, 7.75212e-65, 

43, 2, 0, 4.18905e-65, 

43, 3, 0, 1.58322e-65, 

43, 4, 0, 4.63435e-66, 

43, 5, 0, 1.11397e-66, 

43, 6, 0, 2.28886e-67, 

43, 7, 0, 4.14433e-68, 

43, 8, 0, 6.77704e-69, 

43, 9, 0, 1.02163e-69, 

43, 10, 0, 1.44479e-70, 

43, 11, 0, 1.94573e-71, 

43, 12, 0, 2.52735e-72, 

43, 13, 0, 3.20024e-73, 

43, 14, 0, 3.98465e-74, 

43, 15, 0, 4.91117e-75, 

43, 16, 0, 6.02048e-76, 

43, 17, 0, 7.36231e-77, 

43, 18, 0, 8.99333e-78, 

43, 19, 0, 1.09738e-78, 

43, 20, 0, 1.33631e-79, 

43, 21, 0, 1.62142e-80, 

43, 22, 0, 1.95697e-81, 

43, 23, 0, 2.34591e-82, 

43, 24, 0, 2.79018e-83, 

43, 25, 0, 3.29144e-84, 

43, 26, 0, 3.85244e-85, 

43, 27, 0, 4.47862e-86, 

43, 28, 0, 5.17992e-87, 

43, 29, 0, 5.97252e-88, 

43, 30, 0, 6.8804e-89, 

43, 31, 0, 7.9368e-90, 

43, 32, 0, 9.18581e-91, 

43, 33, 0, 1.06842e-91, 

43, 34, 0, 1.25036e-92, 

43, 35, 0, 1.47343e-93, 

43, 36, 0, 1.74894e-94, 

43, 37, 0, 2.09123e-95, 

43, 38, 0, 2.51864e-96, 

43, 39, 0, 3.05511e-97, 

43, 40, 0, 3.73241e-98, 

43, 41, 0, 4.59353e-99, 

43, 42, 0, 5.69764e-100, 

43, 43, 0, 7.12738e-101, 

43, 44, 0, 8.99973e-102, 

43, 45, 0, 1.14821e-102, 

43, 46, 0, 1.48171e-103, 

43, 47, 0, 1.93597e-104, 

43, 48, 0, 2.56363e-105, 

43, 49, 0, 3.44368e-106, 

43, 50, 0, 4.6962e-107, 

43, 51, 0, 6.50627e-108, 

43, 52, 0, 9.16334e-109, 

43, 53, 0, 1.31321e-109, 

43, 54, 0, 1.93366e-110, 

43, 55, 0, 3.55846e-111, 

43, 56, 0, 3.14769e-111, 

43, 57, 0, 1.06862e-110, 

43, 58, 0, 4.20314e-110, 

43, 59, 0, 1.66272e-109, 

43, 60, 0, 6.52171e-109, 

43, 61, 0, 2.52104e-108, 

43, 62, 0, 9.57238e-108, 

43, 63, 0, 3.5656e-107, 

43, 64, 0, 1.30341e-106, 

43, 65, 0, 4.68332e-106, 

43, 66, 0, 1.65779e-105, 

43, 67, 0, 5.7954e-105, 

43, 68, 0, 2.00538e-104, 

43, 69, 0, 6.88053e-104, 

43, 70, 0, 2.3432e-103, 

43, 71, 0, 7.92314e-103, 

43, 72, 0, 2.65911e-102, 

43, 73, 0, 8.85026e-102, 

43, 74, 0, 2.91752e-101, 

43, 75, 0, 9.51149e-101, 

43, 76, 0, 3.06126e-100, 

43, 77, 0, 9.70781e-100, 

43, 78, 0, 3.02672e-99, 

43, 79, 0, 9.25636e-99, 

43, 80, 0, 2.77018e-98, 

43, 81, 0, 8.09794e-98, 

43, 82, 0, 2.31293e-97, 

43, 83, 0, 6.50442e-97, 

43, 84, 0, 1.8604e-96, 

43, 85, 0, 5.99195e-96, 

43, 86, 0, 2.64241e-95, 

43, 87, 0, 1.75158e-94, 

43, 88, 0, 1.49523e-93, 

43, 89, 0, 1.39976e-92, 

43, 90, 0, 1.34597e-91, 

43, 91, 0, 1.30488e-90, 

43, 92, 0, 1.26984e-89, 

43, 93, 0, 1.23952e-88, 

43, 94, 0, 1.21367e-87, 

43, 95, 0, 1.19212e-86, 

43, 96, 0, 1.1745e-85, 

43, 97, 0, 1.16014e-84, 

43, 98, 0, 1.14808e-83, 

43, 99, 0, 1.137e-82, 

43, 100, 0, 1.12516e-81, 

43, 101, 0, 1.11035e-80, 

43, 102, 0, 1.08982e-79, 

43, 103, 0, 1.06031e-78, 

43, 104, 0, 1.01821e-77, 

43, 105, 0, 9.6e-77, 

43, 106, 0, 8.82931e-76, 

43, 107, 0, 7.86026e-75, 

43, 108, 0, 6.71152e-74, 

43, 109, 0, 5.43786e-73, 

43, 110, 0, 4.12922e-72, 

43, 111, 0, 2.89675e-71, 

43, 112, 0, 1.84644e-70, 

43, 113, 0, 1.04875e-69, 

43, 114, 0, 5.18525e-69, 

43, 115, 0, 2.16763e-68, 

43, 116, 0, 7.37228e-68, 

43, 117, 0, 1.92849e-67, 

43, 118, 0, 3.51973e-67, 

43, 119, 0, 3.51973e-67, 

44, 0, 0, 3.47785e-64, 

44, 1, 0, 3.47785e-64, 

44, 2, 0, 1.88449e-64, 

44, 3, 0, 7.14816e-65, 

44, 4, 0, 2.10076e-65, 

44, 5, 0, 5.07051e-66, 

44, 6, 0, 1.04614e-66, 

44, 7, 0, 1.90186e-67, 

44, 8, 0, 3.12223e-68, 

44, 9, 0, 4.72448e-69, 

44, 10, 0, 6.70566e-70, 

44, 11, 0, 9.06233e-71, 

44, 12, 0, 1.18114e-71, 

44, 13, 0, 1.50062e-72, 

44, 14, 0, 1.87468e-73, 

44, 15, 0, 2.31843e-74, 

44, 16, 0, 2.85209e-75, 

44, 17, 0, 3.50067e-76, 

44, 18, 0, 4.29318e-77, 

44, 19, 0, 5.26124e-78, 

44, 20, 0, 6.43721e-79, 

44, 21, 0, 7.85195e-80, 

44, 22, 0, 9.53278e-81, 

44, 23, 0, 1.15027e-81, 

44, 24, 0, 1.37815e-82, 

44, 25, 0, 1.63897e-83, 

44, 26, 0, 1.93546e-84, 

44, 27, 0, 2.27191e-85, 

44, 28, 0, 2.65508e-86, 

44, 29, 0, 3.09512e-87, 

44, 30, 0, 3.60659e-88, 

44, 31, 0, 4.20935e-89, 

44, 32, 0, 4.92961e-90, 

44, 33, 0, 5.8012e-91, 

44, 34, 0, 6.86712e-92, 

44, 35, 0, 8.18179e-93, 

44, 36, 0, 9.81411e-94, 

44, 37, 0, 1.18521e-94, 

44, 38, 0, 1.44095e-95, 

44, 39, 0, 1.76361e-96, 

44, 40, 0, 2.17328e-97, 

44, 41, 0, 2.69739e-98, 

44, 42, 0, 3.37407e-99, 

44, 43, 0, 4.25707e-100, 

44, 44, 0, 5.42319e-101, 

44, 45, 0, 6.98345e-102, 

44, 46, 0, 9.10008e-103, 

44, 47, 0, 1.20129e-103, 

44, 48, 0, 1.60803e-104, 

44, 49, 0, 2.18442e-105, 

44, 50, 0, 3.01341e-106, 

44, 51, 0, 4.22355e-107, 

44, 52, 0, 6.0166e-108, 

44, 53, 0, 8.71378e-109, 

44, 54, 0, 1.28374e-109, 

44, 55, 0, 1.93353e-110, 

44, 56, 0, 3.25359e-111, 

44, 57, 0, 1.57843e-111, 

44, 58, 0, 4.33808e-111, 

44, 59, 0, 1.66322e-110, 

44, 60, 0, 6.46265e-110, 

44, 61, 0, 2.4789e-109, 

44, 62, 0, 9.33655e-109, 

44, 63, 0, 3.44837e-108, 

44, 64, 0, 1.24979e-107, 

44, 65, 0, 4.45324e-107, 

44, 66, 0, 1.56396e-106, 

44, 67, 0, 5.42772e-106, 

44, 68, 0, 1.86575e-105, 

44, 69, 0, 6.36307e-105, 

44, 70, 0, 2.1551e-104, 

44, 71, 0, 7.24998e-104, 

44, 72, 0, 2.42146e-103, 

44, 73, 0, 8.02185e-103, 

44, 74, 0, 2.63248e-102, 

44, 75, 0, 8.54459e-102, 

44, 76, 0, 2.73868e-101, 

44, 77, 0, 8.65359e-101, 

44, 78, 0, 2.69186e-100, 

44, 79, 0, 8.24086e-100, 

44, 80, 0, 2.49088e-99, 

44, 81, 0, 7.53612e-99, 

44, 82, 0, 2.37918e-98, 

44, 83, 0, 8.62983e-98, 

44, 84, 0, 4.09057e-97, 

44, 85, 0, 2.60242e-96, 

44, 86, 0, 1.99568e-95, 

44, 87, 0, 1.66109e-94, 

44, 88, 0, 1.42807e-93, 

44, 89, 0, 1.24649e-92, 

44, 90, 0, 1.09906e-91, 

44, 91, 0, 9.77741e-91, 

44, 92, 0, 8.77518e-90, 

44, 93, 0, 7.94621e-89, 

44, 94, 0, 7.25997e-88, 

44, 95, 0, 6.69099e-87, 

44, 96, 0, 6.21755e-86, 

44, 97, 0, 5.82088e-85, 

44, 98, 0, 5.48438e-84, 

44, 99, 0, 5.19289e-83, 

44, 100, 0, 4.93204e-82, 

44, 101, 0, 4.68769e-81, 

44, 102, 0, 4.44549e-80, 

44, 103, 0, 4.19091e-79, 

44, 104, 0, 3.90974e-78, 

44, 105, 0, 3.58941e-77, 

44, 106, 0, 3.22128e-76, 

44, 107, 0, 2.80356e-75, 

44, 108, 0, 2.3443e-74, 

44, 109, 0, 1.86306e-73, 

44, 110, 0, 1.38969e-72, 

44, 111, 0, 9.58998e-72, 

44, 112, 0, 6.02127e-71, 

44, 113, 0, 3.3733e-70, 

44, 114, 0, 1.64733e-69, 

44, 115, 0, 6.81185e-69, 

44, 116, 0, 2.2955e-68, 

44, 117, 0, 5.96155e-68, 

44, 118, 0, 1.08314e-67, 

44, 119, 0, 1.08314e-67, 

45, 0, 0, 1.54651e-63, 

45, 1, 0, 1.54651e-63, 

45, 2, 0, 8.4026e-64, 

45, 3, 0, 3.19897e-64, 

45, 4, 0, 9.44047e-65, 

45, 5, 0, 2.28865e-65, 

45, 6, 0, 4.74336e-66, 

45, 7, 0, 8.66306e-67, 

45, 8, 0, 1.42877e-67, 

45, 9, 0, 2.17199e-68, 

45, 10, 0, 3.09705e-69, 

45, 11, 0, 4.20483e-70, 

45, 12, 0, 5.50575e-71, 

45, 13, 0, 7.02764e-72, 

45, 14, 0, 8.8209e-73, 

45, 15, 0, 1.09613e-73, 

45, 16, 0, 1.35509e-74, 

45, 17, 0, 1.6717e-75, 

45, 18, 0, 2.061e-76, 

45, 19, 0, 2.53975e-77, 

45, 20, 0, 3.12567e-78, 

45, 21, 0, 3.83643e-79, 

45, 22, 0, 4.68887e-80, 

45, 23, 0, 5.69858e-81, 

45, 24, 0, 6.88056e-82, 

45, 25, 0, 8.2511e-83, 

45, 26, 0, 9.83099e-84, 

45, 27, 0, 1.16498e-84, 

45, 28, 0, 1.37509e-85, 

45, 29, 0, 1.61967e-86, 

45, 30, 0, 1.90746e-87, 

45, 31, 0, 2.25022e-88, 

45, 32, 0, 2.66347e-89, 

45, 33, 0, 3.16725e-90, 

45, 34, 0, 3.78722e-91, 

45, 35, 0, 4.55602e-92, 

45, 36, 0, 5.51539e-93, 

45, 37, 0, 6.71912e-94, 

45, 38, 0, 8.23753e-95, 

45, 39, 0, 1.01641e-95, 

45, 40, 0, 1.26257e-96, 

45, 41, 0, 1.5797e-97, 

45, 42, 0, 1.99237e-98, 

45, 43, 0, 2.53552e-99, 

45, 44, 0, 3.25955e-100, 

45, 45, 0, 4.23797e-101, 

45, 46, 0, 5.57918e-102, 

45, 47, 0, 7.44465e-103, 

45, 48, 0, 1.00775e-103, 

45, 49, 0, 1.38479e-104, 

45, 50, 0, 1.93252e-105, 

45, 51, 0, 2.73969e-106, 

45, 52, 0, 3.94629e-107, 

45, 53, 0, 5.77649e-108, 

45, 54, 0, 8.59738e-109, 

45, 55, 0, 1.30527e-109, 

45, 56, 0, 2.06982e-110, 

45, 57, 0, 4.06017e-111, 

45, 58, 0, 1.92493e-111, 

45, 59, 0, 2.95956e-111, 

45, 60, 0, 7.90792e-111, 

45, 61, 0, 2.62285e-110, 

45, 62, 0, 9.35303e-110, 

45, 63, 0, 3.37436e-109, 

45, 64, 0, 1.20675e-108, 

45, 65, 0, 4.25764e-108, 

45, 66, 0, 1.48285e-107, 

45, 67, 0, 5.10875e-107, 

45, 68, 0, 1.74481e-106, 

45, 69, 0, 5.91681e-106, 

45, 70, 0, 1.99391e-105, 

45, 71, 0, 6.67816e-105, 

45, 72, 0, 2.22212e-104, 

45, 73, 0, 7.34128e-104, 

45, 74, 0, 2.40748e-103, 

45, 75, 0, 7.84612e-103, 

45, 76, 0, 2.5542e-102, 

45, 77, 0, 8.42744e-102, 

45, 78, 0, 2.91917e-101, 

45, 79, 0, 1.13585e-100, 

45, 80, 0, 5.38962e-100, 

45, 81, 0, 3.20185e-99, 

45, 82, 0, 2.24699e-98, 

45, 83, 0, 1.72439e-97, 

45, 84, 0, 1.3786e-96, 

45, 85, 0, 1.12315e-95, 

45, 86, 0, 9.24499e-95, 

45, 87, 0, 7.66508e-94, 

45, 88, 0, 6.39545e-93, 

45, 89, 0, 5.36931e-92, 

45, 90, 0, 4.53671e-91, 

45, 91, 0, 3.85885e-90, 

45, 92, 0, 3.30506e-89, 

45, 93, 0, 2.85087e-88, 

45, 94, 0, 2.47669e-87, 

45, 95, 0, 2.16679e-86, 

45, 96, 0, 1.90856e-85, 

45, 97, 0, 1.6918e-84, 

45, 98, 0, 1.50822e-83, 

45, 99, 0, 1.35099e-82, 

45, 100, 0, 1.21438e-81, 

45, 101, 0, 1.09344e-80, 

45, 102, 0, 9.83837e-80, 

45, 103, 0, 8.81746e-79, 

45, 104, 0, 7.83878e-78, 

45, 105, 0, 6.87628e-77, 

45, 106, 0, 5.91347e-76, 

45, 107, 0, 4.94669e-75, 

45, 108, 0, 3.98787e-74, 

45, 109, 0, 3.06488e-73, 

45, 110, 0, 2.2176e-72, 

45, 111, 0, 1.4889e-71, 

45, 112, 0, 9.12228e-71, 

45, 113, 0, 5.00158e-70, 

45, 114, 0, 2.3974e-69, 

45, 115, 0, 9.75948e-69, 

45, 116, 0, 3.24779e-68, 

45, 117, 0, 8.35752e-68, 

45, 118, 0, 1.51038e-67, 

45, 119, 0, 1.51038e-67, 

46, 0, 0, 6.82725e-63, 

46, 1, 0, 6.82725e-63, 

46, 2, 0, 3.71939e-63, 

46, 3, 0, 1.42126e-63, 

46, 4, 0, 4.2122e-64, 

46, 5, 0, 1.02591e-64, 

46, 6, 0, 2.1367e-65, 

46, 7, 0, 3.92234e-66, 

46, 8, 0, 6.50316e-67, 

46, 9, 0, 9.93958e-68, 

46, 10, 0, 1.42516e-68, 

46, 11, 0, 1.9459e-69, 

46, 12, 0, 2.5627e-70, 

46, 13, 0, 3.29039e-71, 

46, 14, 0, 4.15489e-72, 

46, 15, 0, 5.19479e-73, 

46, 16, 0, 6.46226e-74, 

46, 17, 0, 8.02314e-75, 

46, 18, 0, 9.95618e-76, 

46, 19, 0, 1.23511e-76, 

46, 20, 0, 1.53052e-77, 

46, 21, 0, 1.89194e-78, 

46, 22, 0, 2.32944e-79, 

46, 23, 0, 2.85293e-80, 

46, 24, 0, 3.47251e-81, 

46, 25, 0, 4.1994e-82, 

46, 26, 0, 5.04763e-83, 

46, 27, 0, 6.03624e-84, 

46, 28, 0, 7.19205e-85, 

46, 29, 0, 8.55257e-86, 

46, 30, 0, 1.01694e-86, 

46, 31, 0, 1.21116e-87, 

46, 32, 0, 1.44701e-88, 

46, 33, 0, 1.73628e-89, 

46, 34, 0, 2.09414e-90, 

46, 35, 0, 2.54004e-91, 

46, 36, 0, 3.09913e-92, 

46, 37, 0, 3.80413e-93, 

46, 38, 0, 4.69836e-94, 

46, 39, 0, 5.84014e-95, 

46, 40, 0, 7.30943e-96, 

46, 41, 0, 9.21783e-97, 

46, 42, 0, 1.17237e-97, 

46, 43, 0, 1.50545e-98, 

46, 44, 0, 1.95418e-99, 

46, 45, 0, 2.5673e-100, 

46, 46, 0, 3.41726e-101, 

46, 47, 0, 4.61274e-102, 

46, 48, 0, 6.31838e-103, 

46, 49, 0, 8.78595e-104, 

46, 50, 0, 1.24048e-104, 

46, 51, 0, 1.77839e-105, 

46, 52, 0, 2.58892e-106, 

46, 53, 0, 3.82778e-107, 

46, 54, 0, 5.75337e-108, 

46, 55, 0, 8.8401e-109, 

46, 56, 0, 1.4415e-109, 

46, 57, 0, 3.10741e-110, 

46, 58, 0, 1.50946e-110, 

46, 59, 0, 1.48145e-110, 

46, 60, 0, 1.76322e-110, 

46, 61, 0, 2.22741e-110, 

46, 62, 0, 3.16428e-110, 

46, 63, 0, 5.77914e-110, 

46, 64, 0, 1.43583e-109, 

46, 65, 0, 4.3709e-109, 

46, 66, 0, 1.44352e-108, 

46, 67, 0, 4.8751e-108, 

46, 68, 0, 1.65145e-107, 

46, 69, 0, 5.58816e-107, 

46, 70, 0, 1.89144e-106, 

46, 71, 0, 6.4381e-106, 

46, 72, 0, 2.23049e-105, 

46, 73, 0, 8.0644e-105, 

46, 74, 0, 3.18031e-104, 

46, 75, 0, 1.44715e-103, 

46, 76, 0, 7.85679e-103, 

46, 77, 0, 4.98981e-102, 

46, 78, 0, 3.51777e-101, 

46, 79, 0, 2.62791e-100, 

46, 80, 0, 2.02369e-99, 

46, 81, 0, 1.58498e-98, 

46, 82, 0, 1.25499e-97, 

46, 83, 0, 1.00194e-96, 

46, 84, 0, 8.05605e-96, 

46, 85, 0, 6.51993e-95, 

46, 86, 0, 5.31018e-94, 

46, 87, 0, 4.35217e-93, 

46, 88, 0, 3.58979e-92, 

46, 89, 0, 2.98033e-91, 

46, 90, 0, 2.49091e-90, 

46, 91, 0, 2.09604e-89, 

46, 92, 0, 1.77581e-88, 

46, 93, 0, 1.51466e-87, 

46, 94, 0, 1.30036e-86, 

46, 95, 0, 1.12333e-85, 

46, 96, 0, 9.76054e-85, 

46, 97, 0, 8.52599e-84, 

46, 98, 0, 7.48254e-83, 

46, 99, 0, 6.59225e-82, 

46, 100, 0, 5.82396e-81, 

46, 101, 0, 5.15153e-80, 

46, 102, 0, 4.5526e-79, 

46, 103, 0, 4.00793e-78, 

46, 104, 0, 3.50136e-77, 

46, 105, 0, 3.02023e-76, 

46, 106, 0, 2.55632e-75, 

46, 107, 0, 2.10689e-74, 

46, 108, 0, 1.67554e-73, 

46, 109, 0, 1.27201e-72, 

46, 110, 0, 9.10389e-72, 

46, 111, 0, 6.05476e-71, 

46, 112, 0, 3.67993e-70, 

46, 113, 0, 2.00429e-69, 

46, 114, 0, 9.55658e-69, 

46, 115, 0, 3.87491e-68, 

46, 116, 0, 1.28593e-67, 

46, 117, 0, 3.3035e-67, 

46, 118, 0, 5.96547e-67, 

46, 119, 0, 5.96547e-67, 

47, 0, 0, 2.99699e-62, 

47, 1, 0, 2.99699e-62, 

47, 2, 0, 1.63699e-62, 

47, 3, 0, 6.27826e-63, 

47, 4, 0, 1.86874e-63, 

47, 5, 0, 4.5733e-64, 

47, 6, 0, 9.57449e-65, 

47, 7, 0, 1.76731e-65, 

47, 8, 0, 2.94726e-66, 

47, 9, 0, 4.5322e-67, 

47, 10, 0, 6.53974e-68, 

47, 11, 0, 8.98831e-69, 

47, 12, 0, 1.19181e-69, 

47, 13, 0, 1.54099e-70, 

47, 14, 0, 1.95987e-71, 

47, 15, 0, 2.46841e-72, 

47, 16, 0, 3.09362e-73, 

47, 17, 0, 3.86994e-74, 

47, 18, 0, 4.83911e-75, 

47, 19, 0, 6.04953e-76, 

47, 20, 0, 7.55493e-77, 

47, 21, 0, 9.41261e-78, 

47, 22, 0, 1.16818e-78, 

47, 23, 0, 1.44232e-79, 

47, 24, 0, 1.77007e-80, 

47, 25, 0, 2.15862e-81, 

47, 26, 0, 2.61685e-82, 

47, 27, 0, 3.15651e-83, 

47, 28, 0, 3.79368e-84, 

47, 29, 0, 4.55044e-85, 

47, 30, 0, 5.45682e-86, 

47, 31, 0, 6.55289e-87, 

47, 32, 0, 7.89139e-88, 

47, 33, 0, 9.54096e-89, 

47, 34, 0, 1.15905e-89, 

47, 35, 0, 1.41553e-90, 

47, 36, 0, 1.73857e-91, 

47, 37, 0, 2.14805e-92, 

47, 38, 0, 2.6706e-93, 

47, 39, 0, 3.3426e-94, 

47, 40, 0, 4.2146e-95, 

47, 41, 0, 5.35801e-96, 

47, 42, 0, 6.8753e-97, 

47, 43, 0, 8.91531e-98, 

47, 44, 0, 1.16967e-98, 

47, 45, 0, 1.5544e-99, 

47, 46, 0, 2.09423e-100, 

47, 47, 0, 2.86241e-101, 

47, 48, 0, 3.9703e-102, 

47, 49, 0, 5.58889e-103, 

47, 50, 0, 7.98343e-104, 

47, 51, 0, 1.15704e-104, 

47, 52, 0, 1.70136e-105, 

47, 53, 0, 2.53915e-106, 

47, 54, 0, 3.85279e-107, 

47, 55, 0, 6.00029e-108, 

47, 56, 0, 1.01948e-108, 

47, 57, 0, 2.57416e-109, 

47, 58, 0, 1.56539e-109, 

47, 59, 0, 1.64813e-109, 

47, 60, 0, 1.93773e-109, 

47, 61, 0, 2.27185e-109, 

47, 62, 0, 2.60251e-109, 

47, 63, 0, 2.90998e-109, 

47, 64, 0, 3.21408e-109, 

47, 65, 0, 3.65328e-109, 

47, 66, 0, 4.7741e-109, 

47, 67, 0, 8.66636e-109, 

47, 68, 0, 2.39095e-108, 

47, 69, 0, 9.01691e-108, 

47, 70, 0, 4.18146e-107, 

47, 71, 0, 2.27722e-106, 

47, 72, 0, 1.40531e-105, 

47, 73, 0, 9.4476e-105, 

47, 74, 0, 6.69493e-104, 

47, 75, 0, 4.89475e-103, 

47, 76, 0, 3.64796e-102, 

47, 77, 0, 2.75417e-101, 

47, 78, 0, 2.09986e-100, 

47, 79, 0, 1.61422e-99, 

47, 80, 0, 1.25013e-98, 

47, 81, 0, 9.74927e-98, 

47, 82, 0, 7.65424e-97, 

47, 83, 0, 6.04895e-96, 

47, 84, 0, 4.81151e-95, 

47, 85, 0, 3.85225e-94, 

47, 86, 0, 3.10473e-93, 

47, 87, 0, 2.51927e-92, 

47, 88, 0, 2.05846e-91, 

47, 89, 0, 1.6939e-90, 

47, 90, 0, 1.40393e-89, 

47, 91, 0, 1.17189e-88, 

47, 92, 0, 9.84993e-88, 

47, 93, 0, 8.33366e-87, 

47, 94, 0, 7.09413e-86, 

47, 95, 0, 6.07283e-85, 

47, 96, 0, 5.22468e-84, 

47, 97, 0, 4.51485e-83, 

47, 98, 0, 3.91617e-82, 

47, 99, 0, 3.40714e-81, 

47, 100, 0, 2.9704e-80, 

47, 101, 0, 2.59155e-79, 

47, 102, 0, 2.25845e-78, 

47, 103, 0, 1.96073e-77, 

47, 104, 0, 1.68975e-76, 

47, 105, 0, 1.43868e-75, 

47, 106, 0, 1.20288e-74, 

47, 107, 0, 9.80304e-74, 

47, 108, 0, 7.71737e-73, 

47, 109, 0, 5.80667e-72, 

47, 110, 0, 4.12416e-71, 

47, 111, 0, 2.72543e-70, 

47, 112, 0, 1.648e-69, 

47, 113, 0, 8.94108e-69, 

47, 114, 0, 4.2515e-68, 

47, 115, 0, 1.72093e-67, 

47, 116, 0, 5.70648e-67, 

47, 117, 0, 1.46578e-66, 

47, 118, 0, 2.64752e-66, 

47, 119, 0, 2.64752e-66, 

48, 0, 0, 1.3103e-61, 

48, 1, 0, 1.3103e-61, 

48, 2, 0, 7.17491e-62, 

48, 3, 0, 2.76156e-62, 

48, 4, 0, 8.25505e-63, 

48, 5, 0, 2.03005e-63, 

48, 6, 0, 4.27282e-64, 

48, 7, 0, 7.93294e-65, 

48, 8, 0, 1.33121e-65, 

48, 9, 0, 2.06071e-66, 

48, 10, 0, 2.99442e-67, 

48, 11, 0, 4.14595e-68, 

48, 12, 0, 5.53969e-69, 

48, 13, 0, 7.21983e-70, 

48, 14, 0, 9.25776e-71, 

48, 15, 0, 1.17578e-71, 

48, 16, 0, 1.48614e-72, 

48, 17, 0, 1.87505e-73, 

48, 18, 0, 2.36482e-74, 

48, 19, 0, 2.98174e-75, 

48, 20, 0, 3.75556e-76, 

48, 21, 0, 4.71871e-77, 

48, 22, 0, 5.90561e-78, 

48, 23, 0, 7.35247e-79, 

48, 24, 0, 9.09821e-80, 

48, 25, 0, 1.1187e-80, 

48, 26, 0, 1.36729e-81, 

48, 27, 0, 1.6626e-82, 

48, 28, 0, 2.01406e-83, 

48, 29, 0, 2.43444e-84, 

48, 30, 0, 2.94099e-85, 

48, 31, 0, 3.55667e-86, 

48, 32, 0, 4.31173e-87, 

48, 33, 0, 5.2458e-88, 

48, 34, 0, 6.41063e-89, 

48, 35, 0, 7.87409e-90, 

48, 36, 0, 9.72598e-91, 

48, 37, 0, 1.20867e-91, 

48, 38, 0, 1.51203e-92, 

48, 39, 0, 1.90542e-93, 

48, 40, 0, 2.42091e-94, 

48, 41, 0, 3.10443e-95, 

48, 42, 0, 4.02265e-96, 

48, 43, 0, 5.27343e-97, 

48, 44, 0, 7.00187e-98, 

48, 45, 0, 9.42474e-99, 

48, 46, 0, 1.28683e-99, 

48, 47, 0, 1.78266e-100, 

48, 48, 0, 2.50536e-101, 

48, 49, 0, 3.57094e-102, 

48, 50, 0, 5.15976e-103, 

48, 51, 0, 7.556e-104, 

48, 52, 0, 1.12149e-104, 

48, 53, 0, 1.68837e-105, 

48, 54, 0, 2.58589e-106, 

48, 55, 0, 4.09359e-107, 

48, 56, 0, 7.37873e-108, 

48, 57, 0, 2.2655e-108, 

48, 58, 0, 1.67218e-108, 

48, 59, 0, 1.85303e-108, 

48, 60, 0, 2.19642e-108, 

48, 61, 0, 2.58001e-108, 

48, 62, 0, 2.95635e-108, 

48, 63, 0, 3.29134e-108, 

48, 64, 0, 3.55975e-108, 

48, 65, 0, 3.75311e-108, 

48, 66, 0, 3.91917e-108, 

48, 67, 0, 4.40831e-108, 

48, 68, 0, 7.48805e-108, 

48, 69, 0, 2.82157e-107, 

48, 70, 0, 1.69531e-106, 

48, 71, 0, 1.15202e-105, 

48, 72, 0, 8.11683e-105, 

48, 73, 0, 5.83176e-104, 

48, 74, 0, 4.2518e-103, 

48, 75, 0, 3.13723e-102, 

48, 76, 0, 2.33833e-101, 

48, 77, 0, 1.75815e-100, 

48, 78, 0, 1.33221e-99, 

48, 79, 0, 1.01661e-98, 

48, 80, 0, 7.80914e-98, 

48, 81, 0, 6.03661e-97, 

48, 82, 0, 4.69537e-96, 

48, 83, 0, 3.67482e-95, 

48, 84, 0, 2.89433e-94, 

48, 85, 0, 2.29457e-93, 

48, 86, 0, 1.83158e-92, 

48, 87, 0, 1.4725e-91, 

48, 88, 0, 1.19262e-90, 

48, 89, 0, 9.73289e-90, 

48, 90, 0, 8.00344e-89, 

48, 91, 0, 6.63017e-88, 

48, 92, 0, 5.53115e-87, 

48, 93, 0, 4.64408e-86, 

48, 94, 0, 3.92165e-85, 

48, 95, 0, 3.32802e-84, 

48, 96, 0, 2.83603e-83, 

48, 97, 0, 2.42508e-82, 

48, 98, 0, 2.07935e-81, 

48, 99, 0, 1.78655e-80, 

48, 100, 0, 1.53685e-79, 

48, 101, 0, 1.32221e-78, 

48, 102, 0, 1.13586e-77, 

48, 103, 0, 9.72052e-77, 

48, 104, 0, 8.25986e-76, 

48, 105, 0, 6.93813e-75, 

48, 106, 0, 5.72784e-74, 

48, 107, 0, 4.61393e-73, 

48, 108, 0, 3.59456e-72, 

48, 109, 0, 2.68003e-71, 

48, 110, 0, 1.88878e-70, 

48, 111, 0, 1.24028e-69, 

48, 112, 0, 7.46241e-69, 

48, 113, 0, 4.03384e-68, 

48, 114, 0, 1.91343e-67, 

48, 115, 0, 7.7349e-67, 

48, 116, 0, 2.56382e-66, 

48, 117, 0, 6.58738e-66, 

48, 118, 0, 1.19052e-65, 

48, 119, 0, 1.19052e-65, 

49, 0, 0, 5.71534e-61, 

49, 1, 0, 5.71534e-61, 

49, 2, 0, 3.13685e-61, 

49, 3, 0, 1.21142e-61, 

49, 4, 0, 3.63627e-62, 

49, 5, 0, 8.9851e-63, 

49, 6, 0, 1.9014e-63, 

49, 7, 0, 3.55123e-64, 

49, 8, 0, 5.99808e-65, 

49, 9, 0, 9.35034e-66, 

49, 10, 0, 1.36892e-66, 

49, 11, 0, 1.91047e-67, 

49, 12, 0, 2.57411e-68, 

49, 13, 0, 3.38413e-69, 

49, 14, 0, 4.3785e-70, 

49, 15, 0, 5.61221e-71, 

49, 16, 0, 7.15997e-72, 

49, 17, 0, 9.1185e-73, 

49, 18, 0, 1.16078e-73, 

49, 19, 0, 1.47712e-74, 

49, 20, 0, 1.87733e-75, 

49, 21, 0, 2.3797e-76, 

49, 22, 0, 3.00401e-77, 

49, 23, 0, 3.77146e-78, 

49, 24, 0, 4.70516e-79, 

49, 25, 0, 5.83146e-80, 

49, 26, 0, 7.18231e-81, 

49, 27, 0, 8.79864e-82, 

49, 28, 0, 1.07347e-82, 

49, 29, 0, 1.30635e-83, 

49, 30, 0, 1.58827e-84, 

49, 31, 0, 1.93226e-85, 

49, 32, 0, 2.35556e-86, 

49, 33, 0, 2.88088e-87, 

49, 34, 0, 3.53823e-88, 

49, 35, 0, 4.3675e-89, 

49, 36, 0, 5.4223e-90, 

49, 37, 0, 6.77575e-91, 

49, 38, 0, 8.52922e-92, 

49, 39, 0, 1.08256e-92, 

49, 40, 0, 1.38695e-93, 

49, 41, 0, 1.79581e-94, 

49, 42, 0, 2.35278e-95, 

49, 43, 0, 3.12262e-96, 

49, 44, 0, 4.20212e-97, 

49, 45, 0, 5.73681e-98, 

49, 46, 0, 7.94669e-99, 

49, 47, 0, 1.11659e-99, 

49, 48, 0, 1.59052e-100, 

49, 49, 0, 2.29514e-101, 

49, 50, 0, 3.35301e-102, 

49, 51, 0, 4.95791e-103, 

49, 52, 0, 7.42219e-104, 

49, 53, 0, 1.12649e-104, 

49, 54, 0, 1.74209e-105, 

49, 55, 0, 2.8172e-106, 

49, 56, 0, 5.52461e-107, 

49, 57, 0, 2.11543e-107, 

49, 58, 0, 1.81636e-107, 

49, 59, 0, 2.07863e-107, 

49, 60, 0, 2.47611e-107, 

49, 61, 0, 2.91405e-107, 

49, 62, 0, 3.3469e-107, 

49, 63, 0, 3.73773e-107, 

49, 64, 0, 4.05691e-107, 

49, 65, 0, 4.28854e-107, 

49, 66, 0, 4.45735e-107, 

49, 67, 0, 4.79676e-107, 

49, 68, 0, 6.85172e-107, 

49, 69, 0, 2.08567e-106, 

49, 70, 0, 1.16219e-105, 

49, 71, 0, 7.74182e-105, 

49, 72, 0, 5.39571e-104, 

49, 73, 0, 3.8407e-103, 

49, 74, 0, 2.77643e-102, 

49, 75, 0, 2.03275e-101, 

49, 76, 0, 1.50424e-100, 

49, 77, 0, 1.12329e-99, 

49, 78, 0, 8.45411e-99, 

49, 79, 0, 6.4068e-98, 

49, 80, 0, 4.88575e-97, 

49, 81, 0, 3.74775e-96, 

49, 82, 0, 2.89129e-95, 

49, 83, 0, 2.24349e-94, 

49, 84, 0, 1.75136e-93, 

49, 85, 0, 1.37601e-92, 

49, 86, 0, 1.08858e-91, 

49, 87, 0, 8.67565e-91, 

49, 88, 0, 6.96806e-90, 

49, 89, 0, 5.64137e-89, 

49, 90, 0, 4.60375e-88, 

49, 91, 0, 3.78589e-87, 

49, 92, 0, 3.1355e-86, 

49, 93, 0, 2.61326e-85, 

49, 94, 0, 2.18968e-84, 

49, 95, 0, 1.84269e-83, 

49, 96, 0, 1.55583e-82, 

49, 97, 0, 1.31682e-81, 

49, 98, 0, 1.11635e-80, 

49, 99, 0, 9.47324e-80, 

49, 100, 0, 8.04103e-79, 

49, 101, 0, 6.82109e-78, 

49, 102, 0, 5.775e-77, 

49, 103, 0, 4.87011e-76, 

49, 104, 0, 4.07882e-75, 

49, 105, 0, 3.37873e-74, 

49, 106, 0, 2.75305e-73, 

49, 107, 0, 2.19116e-72, 

49, 108, 0, 1.68879e-71, 

49, 109, 0, 1.24738e-70, 

49, 110, 0, 8.72178e-70, 

49, 111, 0, 5.69046e-69, 

49, 112, 0, 3.40676e-68, 

49, 113, 0, 1.83495e-67, 

49, 114, 0, 8.68403e-67, 

49, 115, 0, 3.50649e-66, 

49, 116, 0, 1.16209e-65, 

49, 117, 0, 2.98749e-65, 

49, 118, 0, 5.4037e-65, 

49, 119, 0, 5.4037e-65, 

50, 0, 0, 2.49157e-60, 

50, 1, 0, 2.49157e-60, 

50, 2, 0, 1.37036e-60, 

50, 3, 0, 5.30871e-61, 

50, 4, 0, 1.59974e-61, 

50, 5, 0, 3.97127e-62, 

50, 6, 0, 8.44868e-63, 

50, 7, 0, 1.58742e-63, 

50, 8, 0, 2.69897e-64, 

50, 9, 0, 4.23791e-65, 

50, 10, 0, 6.25309e-66, 

50, 11, 0, 8.79997e-67, 

50, 12, 0, 1.19619e-67, 

50, 13, 0, 1.58719e-68, 

50, 14, 0, 2.07326e-69, 

50, 15, 0, 2.68353e-70, 

50, 16, 0, 3.45759e-71, 

50, 17, 0, 4.44707e-72, 

50, 18, 0, 5.71663e-73, 

50, 19, 0, 7.34434e-74, 

50, 20, 0, 9.42113e-75, 

50, 21, 0, 1.20494e-75, 

50, 22, 0, 1.53415e-76, 

50, 23, 0, 1.94198e-77, 

50, 24, 0, 2.44186e-78, 

50, 25, 0, 3.04916e-79, 

50, 26, 0, 3.78243e-80, 

50, 27, 0, 4.66515e-81, 

50, 28, 0, 5.7282e-82, 

50, 29, 0, 7.01271e-83, 

50, 30, 0, 8.57375e-84, 

50, 31, 0, 1.04848e-84, 

50, 32, 0, 1.28435e-85, 

50, 33, 0, 1.578e-86, 

50, 34, 0, 1.94685e-87, 

50, 35, 0, 2.41438e-88, 

50, 36, 0, 3.01274e-89, 

50, 37, 0, 3.78658e-90, 

50, 38, 0, 4.79893e-91, 

50, 39, 0, 6.14017e-92, 

50, 40, 0, 7.94174e-93, 

50, 41, 0, 1.03971e-93, 

50, 42, 0, 1.3794e-94, 

50, 43, 0, 1.85633e-95, 

50, 44, 0, 2.53537e-96, 

50, 45, 0, 3.51463e-97, 

50, 46, 0, 4.94288e-98, 

50, 47, 0, 7.04647e-99, 

50, 48, 0, 1.01716e-99, 

50, 49, 0, 1.48522e-100, 

50, 50, 0, 2.19214e-101, 

50, 51, 0, 3.27014e-102, 

50, 52, 0, 4.934e-103, 

50, 53, 0, 7.54678e-104, 

50, 54, 0, 1.17969e-104, 

50, 55, 0, 1.96469e-105, 

50, 56, 0, 4.32764e-106, 

50, 57, 0, 2.07885e-106, 

50, 58, 0, 1.99141e-106, 

50, 59, 0, 2.32359e-106, 

50, 60, 0, 2.77512e-106, 

50, 61, 0, 3.26973e-106, 

50, 62, 0, 3.76258e-106, 

50, 63, 0, 4.21403e-106, 

50, 64, 0, 4.59057e-106, 

50, 65, 0, 4.87065e-106, 

50, 66, 0, 5.0641e-106, 

50, 67, 0, 5.33066e-106, 

50, 68, 0, 6.74637e-106, 

50, 69, 0, 1.63547e-105, 

50, 70, 0, 8.12476e-105, 

50, 71, 0, 5.23689e-104, 

50, 72, 0, 3.595e-103, 

50, 73, 0, 2.53032e-102, 

50, 74, 0, 1.81189e-101, 

50, 75, 0, 1.31573e-100, 

50, 76, 0, 9.66635e-100, 

50, 77, 0, 7.1711e-99, 

50, 78, 0, 5.3636e-98, 

50, 79, 0, 4.03965e-97, 

50, 80, 0, 3.06098e-96, 

50, 81, 0, 2.33217e-95, 

50, 82, 0, 1.78623e-94, 

50, 83, 0, 1.37537e-93, 

50, 84, 0, 1.06501e-92, 

50, 85, 0, 8.29778e-92, 

50, 86, 0, 6.50923e-91, 

50, 87, 0, 5.14439e-90, 

50, 88, 0, 4.0983e-89, 

50, 89, 0, 3.29207e-88, 

50, 90, 0, 2.66643e-87, 

50, 91, 0, 2.17688e-86, 

50, 92, 0, 1.79009e-85, 

50, 93, 0, 1.48123e-84, 

50, 94, 0, 1.23186e-83, 

50, 95, 0, 1.02834e-82, 

50, 96, 0, 8.60628e-82, 

50, 97, 0, 7.21314e-81, 

50, 98, 0, 6.04896e-80, 

50, 99, 0, 5.07202e-79, 

50, 100, 0, 4.2497e-78, 

50, 101, 0, 3.55554e-77, 

50, 102, 0, 2.96735e-76, 

50, 103, 0, 2.46616e-75, 

50, 104, 0, 2.03582e-74, 

50, 105, 0, 1.66298e-73, 

50, 106, 0, 1.33728e-72, 

50, 107, 0, 1.05152e-71, 

50, 108, 0, 8.01678e-71, 

50, 109, 0, 5.86563e-70, 

50, 110, 0, 4.06869e-69, 

50, 111, 0, 2.63747e-68, 

50, 112, 0, 1.57115e-67, 

50, 113, 0, 8.43246e-67, 

50, 114, 0, 3.98183e-66, 

50, 115, 0, 1.60613e-65, 

50, 116, 0, 5.32269e-65, 

50, 117, 0, 1.36932e-64, 

50, 118, 0, 2.47921e-64, 

50, 119, 0, 2.47921e-64, 

51, 0, 0, 1.08764e-59, 

51, 1, 0, 1.08764e-59, 

51, 2, 0, 5.99302e-60, 

51, 3, 0, 2.32825e-60, 

51, 4, 0, 7.04163e-61, 

51, 5, 0, 1.75578e-61, 

51, 6, 0, 3.75466e-62, 

51, 7, 0, 7.09633e-63, 

51, 8, 0, 1.21454e-63, 

51, 9, 0, 1.92105e-64, 

51, 10, 0, 2.85717e-65, 

51, 11, 0, 4.05545e-66, 

51, 12, 0, 5.56296e-67, 

51, 13, 0, 7.45203e-68, 

51, 14, 0, 9.83078e-69, 

51, 15, 0, 1.28534e-69, 

51, 16, 0, 1.673e-70, 

51, 17, 0, 2.17358e-71, 

51, 18, 0, 2.82186e-72, 

51, 19, 0, 3.66022e-73, 

51, 20, 0, 4.73854e-74, 

51, 21, 0, 6.11363e-75, 

51, 22, 0, 7.84862e-76, 

51, 23, 0, 1.00129e-76, 

51, 24, 0, 1.26833e-77, 

51, 25, 0, 1.59482e-78, 

51, 26, 0, 1.99134e-79, 

51, 27, 0, 2.47126e-80, 

51, 28, 0, 3.05196e-81, 

51, 29, 0, 3.75658e-82, 

51, 30, 0, 4.61603e-83, 

51, 31, 0, 5.6717e-84, 

51, 32, 0, 6.97915e-85, 

51, 33, 0, 8.61318e-86, 

51, 34, 0, 1.06753e-86, 

51, 35, 0, 1.33051e-87, 

51, 36, 0, 1.66967e-88, 

51, 37, 0, 2.11253e-89, 

51, 38, 0, 2.69859e-90, 

51, 39, 0, 3.48547e-91, 

51, 40, 0, 4.55822e-92, 

51, 41, 0, 6.04366e-93, 

51, 42, 0, 8.13243e-94, 

51, 43, 0, 1.11125e-94, 

51, 44, 0, 1.54206e-95, 

51, 45, 0, 2.17195e-96, 

51, 46, 0, 3.1017e-97, 

51, 47, 0, 4.48478e-98, 

51, 48, 0, 6.55605e-99, 

51, 49, 0, 9.67792e-100, 

51, 50, 0, 1.44173e-100, 

51, 51, 0, 2.16786e-101, 

51, 52, 0, 3.29452e-102, 

51, 53, 0, 5.07833e-103, 

51, 54, 0, 8.0419e-104, 

51, 55, 0, 1.39669e-104, 

51, 56, 0, 3.57996e-105, 

51, 57, 0, 2.12483e-105, 

51, 58, 0, 2.19274e-105, 

51, 59, 0, 2.58676e-105, 

51, 60, 0, 3.09198e-105, 

51, 61, 0, 3.64447e-105, 

51, 62, 0, 4.19951e-105, 

51, 63, 0, 4.71498e-105, 

51, 64, 0, 5.15385e-105, 

51, 65, 0, 5.48935e-105, 

51, 66, 0, 5.71908e-105, 

51, 67, 0, 5.94869e-105, 

51, 68, 0, 6.9259e-105, 

51, 69, 0, 1.35055e-104, 

51, 70, 0, 5.76889e-104, 

51, 71, 0, 3.55514e-103, 

51, 72, 0, 2.3981e-102, 

51, 73, 0, 1.66777e-101, 

51, 74, 0, 1.18248e-100, 

51, 75, 0, 8.51474e-100, 

51, 76, 0, 6.21039e-99, 

51, 77, 0, 4.5779e-98, 

51, 78, 0, 3.404e-97, 

51, 79, 0, 2.54927e-96, 

51, 80, 0, 1.92057e-95, 

51, 81, 0, 1.45441e-94, 

51, 82, 0, 1.10667e-93, 

51, 83, 0, 8.46098e-93, 

51, 84, 0, 6.50215e-92, 

51, 85, 0, 5.02579e-91, 

51, 86, 0, 3.9103e-90, 

51, 87, 0, 3.06501e-89, 

51, 88, 0, 2.42198e-88, 

51, 89, 0, 1.93024e-87, 

51, 90, 0, 1.55159e-86, 

51, 91, 0, 1.2575e-85, 

51, 92, 0, 1.02675e-84, 

51, 93, 0, 8.43607e-84, 

51, 94, 0, 6.96516e-83, 

51, 95, 0, 5.77007e-82, 

51, 96, 0, 4.78911e-81, 

51, 97, 0, 3.97733e-80, 

51, 98, 0, 3.30175e-79, 

51, 99, 0, 2.73768e-78, 

51, 100, 0, 2.26599e-77, 

51, 101, 0, 1.87123e-76, 

51, 102, 0, 1.5404e-75, 

51, 103, 0, 1.26238e-74, 

51, 104, 0, 1.0276e-73, 

51, 105, 0, 8.28036e-73, 

51, 106, 0, 6.57305e-72, 

51, 107, 0, 5.10705e-71, 

51, 108, 0, 3.852e-70, 

51, 109, 0, 2.79204e-69, 

51, 110, 0, 1.92137e-68, 

51, 111, 0, 1.23747e-67, 

51, 112, 0, 7.33489e-67, 

51, 113, 0, 3.92256e-66, 

51, 114, 0, 1.84803e-65, 

51, 115, 0, 7.44615e-65, 

51, 116, 0, 2.46744e-64, 

51, 117, 0, 6.35208e-64, 

51, 118, 0, 1.15122e-63, 

51, 119, 0, 1.15122e-63, 

52, 0, 0, 4.76349e-59, 

52, 1, 0, 4.76349e-59, 

52, 2, 0, 2.62892e-59, 

52, 3, 0, 1.02391e-59, 

52, 4, 0, 3.10721e-60, 

52, 5, 0, 7.78001e-61, 

52, 6, 0, 1.67201e-61, 

52, 7, 0, 3.17834e-62, 

52, 8, 0, 5.47533e-63, 

52, 9, 0, 8.72349e-64, 

52, 10, 0, 1.30781e-64, 

52, 11, 0, 1.87234e-65, 

52, 12, 0, 2.59196e-66, 

52, 13, 0, 3.50564e-67, 

52, 14, 0, 4.67078e-68, 

52, 15, 0, 6.16881e-69, 

52, 16, 0, 8.11084e-70, 

52, 17, 0, 1.06431e-70, 

52, 18, 0, 1.39515e-71, 

52, 19, 0, 1.82643e-72, 

52, 20, 0, 2.38525e-73, 

52, 21, 0, 3.10278e-74, 

52, 22, 0, 4.01398e-75, 

52, 23, 0, 5.15765e-76, 

52, 24, 0, 6.57718e-77, 

52, 25, 0, 8.32253e-78, 

52, 26, 0, 1.04538e-78, 

52, 27, 0, 1.30463e-79, 

52, 28, 0, 1.61981e-80, 

52, 29, 0, 2.00393e-81, 

52, 30, 0, 2.47441e-82, 

52, 31, 0, 3.05474e-83, 

52, 32, 0, 3.77674e-84, 

52, 33, 0, 4.68385e-85, 

52, 34, 0, 5.83598e-86, 

52, 35, 0, 7.31688e-87, 

52, 36, 0, 9.24535e-88, 

52, 37, 0, 1.17925e-88, 

52, 38, 0, 1.52085e-89, 

52, 39, 0, 1.98636e-90, 

52, 40, 0, 2.63117e-91, 

52, 41, 0, 3.53889e-92, 

52, 42, 0, 4.83636e-93, 

52, 43, 0, 6.71672e-94, 

52, 44, 0, 9.47429e-95, 

52, 45, 0, 1.35575e-95, 

52, 46, 0, 1.9649e-96, 

52, 47, 0, 2.87896e-97, 

52, 48, 0, 4.25723e-98, 

52, 49, 0, 6.34592e-99, 

52, 50, 0, 9.53154e-100, 

52, 51, 0, 1.44348e-100, 

52, 52, 0, 2.20873e-101, 

52, 53, 0, 3.4331e-102, 

52, 54, 0, 5.52915e-103, 

52, 55, 0, 1.01978e-103, 

52, 56, 0, 3.14087e-104, 

52, 57, 0, 2.23218e-104, 

52, 58, 0, 2.41701e-104, 

52, 59, 0, 2.86691e-104, 

52, 60, 0, 3.42492e-104, 

52, 61, 0, 4.0354e-104, 

52, 62, 0, 4.65349e-104, 

52, 63, 0, 5.23511e-104, 

52, 64, 0, 5.74027e-104, 

52, 65, 0, 6.13755e-104, 

52, 66, 0, 6.41423e-104, 

52, 67, 0, 6.63542e-104, 

52, 68, 0, 7.31708e-104, 

52, 69, 0, 1.18091e-103, 

52, 70, 0, 4.19031e-103, 

52, 71, 0, 2.42703e-102, 

52, 72, 0, 1.60338e-101, 

52, 73, 0, 1.10094e-100, 

52, 74, 0, 7.72603e-100, 

52, 75, 0, 5.51528e-99, 

52, 76, 0, 3.99312e-98, 

52, 77, 0, 2.92475e-97, 

52, 78, 0, 2.16237e-96, 

52, 79, 0, 1.61069e-95, 

52, 80, 0, 1.20693e-94, 

52, 81, 0, 9.0881e-94, 

52, 82, 0, 6.87277e-93, 

52, 83, 0, 5.21933e-92, 

52, 84, 0, 3.98176e-91, 

52, 85, 0, 3.05371e-90, 

52, 86, 0, 2.3566e-89, 

52, 87, 0, 1.83186e-88, 

52, 88, 0, 1.43559e-87, 

52, 89, 0, 1.1349e-86, 

52, 90, 0, 9.05189e-86, 

52, 91, 0, 7.2817e-85, 

52, 92, 0, 5.90302e-84, 

52, 93, 0, 4.8163e-83, 

52, 94, 0, 3.94879e-82, 

52, 95, 0, 3.24772e-81, 

52, 96, 0, 2.67496e-80, 

52, 97, 0, 2.20307e-79, 

52, 98, 0, 1.81213e-78, 

52, 99, 0, 1.48738e-77, 

52, 100, 0, 1.21751e-76, 

52, 101, 0, 9.93435e-76, 

52, 102, 0, 8.07511e-75, 

52, 103, 0, 6.53167e-74, 

52, 104, 0, 5.24728e-73, 

52, 105, 0, 4.17391e-72, 

52, 106, 0, 3.27258e-71, 

52, 107, 0, 2.51357e-70, 

52, 108, 0, 1.87618e-69, 

52, 109, 0, 1.34747e-68, 

52, 110, 0, 9.20033e-68, 

52, 111, 0, 5.88746e-67, 

52, 112, 0, 3.47209e-66, 

52, 113, 0, 1.84993e-65, 

52, 114, 0, 8.69419e-65, 

52, 115, 0, 3.49856e-64, 

52, 116, 0, 1.15898e-63, 

52, 117, 0, 2.98509e-63, 

52, 118, 0, 5.41482e-63, 

52, 119, 0, 5.41482e-63, 

53, 0, 0, 2.0971e-58, 

53, 1, 0, 2.0971e-58, 

53, 2, 0, 1.15897e-58, 

53, 3, 0, 4.52433e-59, 

53, 4, 0, 1.3773e-59, 

53, 5, 0, 3.46227e-60, 

53, 6, 0, 7.4765e-61, 

53, 7, 0, 1.42919e-61, 

53, 8, 0, 2.47784e-62, 

53, 9, 0, 3.9761e-63, 

53, 10, 0, 6.00792e-64, 

53, 11, 0, 8.67463e-65, 

53, 12, 0, 1.21176e-65, 

53, 13, 0, 1.65446e-66, 

53, 14, 0, 2.22583e-67, 

53, 15, 0, 2.96865e-68, 

53, 16, 0, 3.94131e-69, 

53, 17, 0, 5.22093e-70, 

53, 18, 0, 6.90603e-71, 

53, 19, 0, 9.1183e-72, 

53, 20, 0, 1.20032e-72, 

53, 21, 0, 1.57293e-73, 

53, 22, 0, 2.04875e-74, 

53, 23, 0, 2.64917e-75, 

53, 24, 0, 3.39838e-76, 

53, 25, 0, 4.32439e-77, 

53, 26, 0, 5.46107e-78, 

53, 27, 0, 6.85104e-79, 

53, 28, 0, 8.54974e-80, 

53, 29, 0, 1.06309e-80, 

53, 30, 0, 1.31938e-81, 

53, 31, 0, 1.63733e-82, 

53, 32, 0, 2.03544e-83, 

53, 33, 0, 2.53931e-84, 

53, 34, 0, 3.18483e-85, 

53, 35, 0, 4.02299e-86, 

53, 36, 0, 5.1274e-87, 

53, 37, 0, 6.60578e-88, 

53, 38, 0, 8.61792e-89, 

53, 39, 0, 1.14035e-89, 

53, 40, 0, 1.53256e-90, 

53, 41, 0, 2.09372e-91, 

53, 42, 0, 2.90846e-92, 

53, 43, 0, 4.10641e-93, 

53, 44, 0, 5.88599e-94, 

53, 45, 0, 8.55025e-95, 

53, 46, 0, 1.25612e-95, 

53, 47, 0, 1.86237e-96, 

53, 48, 0, 2.78181e-97, 

53, 49, 0, 4.18184e-98, 

53, 50, 0, 6.32664e-99, 

53, 51, 0, 9.64442e-100, 

53, 52, 0, 1.48595e-100, 

53, 53, 0, 2.33216e-101, 

53, 54, 0, 3.8443e-102, 

53, 55, 0, 7.71552e-103, 

53, 56, 0, 2.91549e-103, 

53, 57, 0, 2.38635e-103, 

53, 58, 0, 2.66161e-103, 

53, 59, 0, 3.16271e-103, 

53, 60, 0, 3.77205e-103, 

53, 61, 0, 4.43961e-103, 

53, 62, 0, 5.12047e-103, 

53, 63, 0, 5.76924e-103, 

53, 64, 0, 6.34371e-103, 

53, 65, 0, 6.80854e-103, 

53, 66, 0, 7.14223e-103, 

53, 67, 0, 7.37873e-103, 

53, 68, 0, 7.86906e-103, 

53, 69, 0, 1.09253e-102, 

53, 70, 0, 3.1425e-102, 

53, 71, 0, 1.67098e-101, 

53, 72, 0, 1.07582e-100, 

53, 73, 0, 7.28633e-100, 

53, 74, 0, 5.05898e-99, 

53, 75, 0, 3.57908e-98, 

53, 76, 0, 2.57162e-97, 

53, 77, 0, 1.87131e-96, 

53, 78, 0, 1.37556e-95, 

53, 79, 0, 1.01913e-94, 

53, 80, 0, 7.59632e-94, 

53, 81, 0, 5.68851e-93, 

53, 82, 0, 4.27621e-92, 

53, 83, 0, 3.22611e-91, 

53, 84, 0, 2.44338e-90, 

53, 85, 0, 1.85925e-89, 

53, 86, 0, 1.42296e-88, 

53, 87, 0, 1.09669e-87, 

53, 88, 0, 8.52098e-87, 

53, 89, 0, 6.6797e-86, 

53, 90, 0, 5.28472e-85, 

53, 91, 0, 4.21865e-84, 

53, 92, 0, 3.39509e-83, 

53, 93, 0, 2.75087e-82, 

53, 94, 0, 2.24019e-81, 

53, 95, 0, 1.83004e-80, 

53, 96, 0, 1.49679e-79, 

53, 97, 0, 1.2236e-78, 

53, 98, 0, 9.98343e-78, 

53, 99, 0, 8.12174e-77, 

53, 100, 0, 6.5836e-76, 

53, 101, 0, 5.31532e-75, 

53, 102, 0, 4.272e-74, 

53, 103, 0, 3.41496e-73, 

53, 104, 0, 2.71069e-72, 

53, 105, 0, 2.13064e-71, 

53, 106, 0, 1.65139e-70, 

53, 107, 0, 1.25469e-69, 

53, 108, 0, 9.27253e-69, 

53, 109, 0, 6.60069e-68, 

53, 110, 0, 4.47237e-67, 

53, 111, 0, 2.84362e-66, 

53, 112, 0, 1.66837e-65, 

53, 113, 0, 8.85425e-65, 

53, 114, 0, 4.14986e-64, 

53, 115, 0, 1.66714e-63, 

53, 116, 0, 5.51904e-63, 

53, 117, 0, 1.42168e-62, 

53, 118, 0, 2.58046e-62, 

53, 119, 0, 2.58046e-62, 

54, 0, 0, 9.29663e-58, 

54, 1, 0, 9.29663e-58, 

54, 2, 0, 5.14418e-58, 

54, 3, 0, 2.0125e-58, 

54, 4, 0, 6.1449e-59, 

54, 5, 0, 1.55066e-59, 

54, 6, 0, 3.36417e-60, 

54, 7, 0, 6.46611e-61, 

54, 8, 0, 1.12808e-61, 

54, 9, 0, 1.82289e-62, 

54, 10, 0, 2.77561e-63, 

54, 11, 0, 4.04084e-64, 

54, 12, 0, 5.69418e-65, 

54, 13, 0, 7.84529e-66, 

54, 14, 0, 1.06526e-66, 

54, 15, 0, 1.4339e-67, 

54, 16, 0, 1.92092e-68, 

54, 17, 0, 2.5666e-69, 

54, 18, 0, 3.42259e-70, 

54, 19, 0, 4.55295e-71, 

54, 20, 0, 6.03468e-72, 

54, 21, 0, 7.95766e-73, 

54, 22, 0, 1.04246e-73, 

54, 23, 0, 1.3552e-74, 

54, 24, 0, 1.74731e-75, 

54, 25, 0, 2.23443e-76, 

54, 26, 0, 2.83566e-77, 

54, 27, 0, 3.57518e-78, 

54, 28, 0, 4.48466e-79, 

54, 29, 0, 5.60646e-80, 

54, 30, 0, 6.99803e-81, 

54, 31, 0, 8.73825e-82, 

54, 32, 0, 1.09365e-82, 

54, 33, 0, 1.37465e-83, 

54, 34, 0, 1.73867e-84, 

54, 35, 0, 2.21727e-85, 

54, 36, 0, 2.85661e-86, 

54, 37, 0, 3.72526e-87, 

54, 38, 0, 4.92612e-88, 

54, 39, 0, 6.61538e-89, 

54, 40, 0, 9.03174e-90, 

54, 41, 0, 1.2542e-90, 

54, 42, 0, 1.77109e-91, 

54, 43, 0, 2.54077e-92, 

54, 44, 0, 3.69674e-93, 

54, 45, 0, 5.44326e-94, 

54, 46, 0, 8.09224e-95, 

54, 47, 0, 1.21201e-95, 

54, 48, 0, 1.82589e-96, 

54, 49, 0, 2.76482e-97, 

54, 50, 0, 4.21001e-98, 

54, 51, 0, 6.45886e-99, 

54, 52, 0, 1.00262e-99, 

54, 53, 0, 1.59287e-100, 

54, 54, 0, 2.7134e-101, 

54, 55, 0, 6.10376e-102, 

54, 56, 0, 2.83974e-102, 

54, 57, 0, 2.57714e-102, 

54, 58, 0, 2.92441e-102, 

54, 59, 0, 3.47284e-102, 

54, 60, 0, 4.13166e-102, 

54, 61, 0, 4.8547e-102, 

54, 62, 0, 5.59722e-102, 

54, 63, 0, 6.31332e-102, 

54, 64, 0, 6.95943e-102, 

54, 65, 0, 7.4971e-102, 

54, 66, 0, 7.89735e-102, 

54, 67, 0, 8.16967e-102, 

54, 68, 0, 8.54621e-102, 

54, 69, 0, 1.06208e-101, 

54, 70, 0, 2.45799e-101, 

54, 71, 0, 1.16476e-100, 

54, 72, 0, 7.25332e-100, 

54, 73, 0, 4.83909e-99, 

54, 74, 0, 3.32253e-98, 

54, 75, 0, 2.32862e-97, 

54, 76, 0, 1.6598e-96, 

54, 77, 0, 1.19953e-95, 

54, 78, 0, 8.76433e-95, 

54, 79, 0, 6.45748e-94, 

54, 80, 0, 4.7873e-93, 

54, 81, 0, 3.56506e-92, 

54, 82, 0, 2.66392e-91, 

54, 83, 0, 1.99648e-90, 

54, 84, 0, 1.50106e-89, 

54, 85, 0, 1.13312e-88, 

54, 86, 0, 8.5986e-88, 

54, 87, 0, 6.56855e-87, 

54, 88, 0, 5.0581e-86, 

54, 89, 0, 3.93032e-85, 

54, 90, 0, 3.08331e-84, 

54, 91, 0, 2.44176e-83, 

54, 92, 0, 1.95051e-82, 

54, 93, 0, 1.56947e-81, 

54, 94, 0, 1.26977e-80, 

54, 95, 0, 1.03076e-79, 

54, 96, 0, 8.37762e-79, 

54, 97, 0, 6.80405e-78, 

54, 98, 0, 5.51307e-77, 

54, 99, 0, 4.45126e-76, 

54, 100, 0, 3.57851e-75, 

54, 101, 0, 2.86316e-74, 

54, 102, 0, 2.27887e-73, 

54, 103, 0, 1.80305e-72, 

54, 104, 0, 1.41609e-71, 

54, 105, 0, 1.10123e-70, 

54, 106, 0, 8.44616e-70, 

54, 107, 0, 6.35318e-69, 

54, 108, 0, 4.65154e-68, 

54, 109, 0, 3.28328e-67, 

54, 110, 0, 2.20805e-66, 

54, 111, 0, 1.39495e-65, 

54, 112, 0, 8.14094e-65, 

54, 113, 0, 4.30232e-64, 

54, 114, 0, 2.01008e-63, 

54, 115, 0, 8.05785e-63, 

54, 116, 0, 2.66428e-62, 

54, 117, 0, 6.86041e-62, 

54, 118, 0, 1.24551e-61, 

54, 119, 0, 1.24551e-61, 

55, 0, 0, 4.15592e-57, 

55, 1, 0, 4.15592e-57, 

55, 2, 0, 2.3024e-57, 

55, 3, 0, 9.0267e-58, 

55, 4, 0, 2.76446e-58, 

55, 5, 0, 7.00281e-59, 

55, 6, 0, 1.52631e-59, 

55, 7, 0, 2.94955e-60, 

55, 8, 0, 5.1775e-61, 

55, 9, 0, 8.4237e-62, 

55, 10, 0, 1.29219e-62, 

55, 11, 0, 1.89621e-63, 

55, 12, 0, 2.69432e-64, 

55, 13, 0, 3.74388e-65, 

55, 14, 0, 5.12713e-66, 

55, 15, 0, 6.95942e-67, 

55, 16, 0, 9.39817e-68, 

55, 17, 0, 1.26518e-68, 

55, 18, 0, 1.69877e-69, 

55, 19, 0, 2.2739e-70, 

55, 20, 0, 3.03075e-71, 

55, 21, 0, 4.01656e-72, 

55, 22, 0, 5.2859e-73, 

55, 23, 0, 6.90151e-74, 

55, 24, 0, 8.93632e-75, 

55, 25, 0, 1.14775e-75, 

55, 26, 0, 1.4633e-76, 

55, 27, 0, 1.85415e-77, 

55, 28, 0, 2.33862e-78, 

55, 29, 0, 2.94143e-79, 

55, 30, 0, 3.69647e-80, 

55, 31, 0, 4.65074e-81, 

55, 32, 0, 5.87026e-82, 

55, 33, 0, 7.4489e-83, 

55, 34, 0, 9.52198e-84, 

55, 35, 0, 1.22874e-84, 

55, 36, 0, 1.60383e-85, 

55, 37, 0, 2.12146e-86, 

55, 38, 0, 2.84838e-87, 

55, 39, 0, 3.88673e-88, 

55, 40, 0, 5.39382e-89, 

55, 41, 0, 7.61286e-90, 

55, 42, 0, 1.09201e-90, 

55, 43, 0, 1.58969e-91, 

55, 44, 0, 2.34376e-92, 

55, 45, 0, 3.49139e-93, 

55, 46, 0, 5.24233e-94, 

55, 47, 0, 7.91782e-95, 

55, 48, 0, 1.20136e-95, 

55, 49, 0, 1.83066e-96, 

55, 50, 0, 2.80459e-97, 

55, 51, 0, 4.33151e-98, 

55, 52, 0, 6.78335e-99, 

55, 53, 0, 1.09518e-99, 

55, 54, 0, 1.95483e-100, 

55, 55, 0, 5.08412e-101, 

55, 56, 0, 2.87017e-101, 

55, 57, 0, 2.79727e-101, 

55, 58, 0, 3.2036e-101, 

55, 59, 0, 3.79618e-101, 

55, 60, 0, 4.5025e-101, 

55, 61, 0, 5.27915e-101, 

55, 62, 0, 6.08196e-101, 

55, 63, 0, 6.86523e-101, 

55, 64, 0, 7.58496e-101, 

55, 65, 0, 8.20047e-101, 

55, 66, 0, 8.6764e-101, 

55, 67, 0, 9.0026e-101, 

55, 68, 0, 9.3243e-101, 

55, 69, 0, 1.07352e-100, 

55, 70, 0, 2.02305e-100, 

55, 71, 0, 8.26336e-100, 

55, 72, 0, 4.921e-99, 

55, 73, 0, 3.22728e-98, 

55, 74, 0, 2.18983e-97, 

55, 75, 0, 1.51959e-96, 

55, 76, 0, 1.07392e-95, 

55, 77, 0, 7.70394e-95, 

55, 78, 0, 5.59239e-94, 

55, 79, 0, 4.09607e-93, 

55, 80, 0, 3.01942e-92, 

55, 81, 0, 2.23559e-91, 

55, 82, 0, 1.66025e-90, 

55, 83, 0, 1.23593e-89, 

55, 84, 0, 9.22358e-89, 

55, 85, 0, 6.90622e-88, 

55, 86, 0, 5.19511e-87, 

55, 87, 0, 3.93245e-86, 

55, 88, 0, 3.00014e-85, 

55, 89, 0, 2.30991e-84, 

55, 90, 0, 1.7962e-83, 

55, 91, 0, 1.41074e-82, 

55, 92, 0, 1.11835e-81, 

55, 93, 0, 8.93636e-81, 

55, 94, 0, 7.18401e-80, 

55, 95, 0, 5.79734e-79, 

55, 96, 0, 4.68528e-78, 

55, 97, 0, 3.78389e-77, 

55, 98, 0, 3.04814e-76, 

55, 99, 0, 2.44579e-75, 

55, 100, 0, 1.95294e-74, 

55, 101, 0, 1.55096e-73, 

55, 102, 0, 1.22449e-72, 

55, 103, 0, 9.60439e-72, 

55, 104, 0, 7.47465e-71, 

55, 105, 0, 5.75861e-70, 

55, 106, 0, 4.37566e-69, 

55, 107, 0, 3.26154e-68, 

55, 108, 0, 2.36741e-67, 

55, 109, 0, 1.65769e-66, 

55, 110, 0, 1.10676e-65, 

55, 111, 0, 6.94749e-65, 

55, 112, 0, 4.03236e-64, 

55, 113, 0, 2.12132e-63, 

55, 114, 0, 9.87497e-63, 

55, 115, 0, 3.94778e-62, 

55, 116, 0, 1.30288e-61, 

55, 117, 0, 3.35146e-61, 

55, 118, 0, 6.08305e-61, 

55, 119, 0, 6.08305e-61, 

56, 0, 0, 1.87534e-56, 

56, 1, 0, 1.87534e-56, 

56, 2, 0, 1.04028e-56, 

56, 3, 0, 4.0877e-57, 

56, 4, 0, 1.2558e-57, 

56, 5, 0, 3.19369e-58, 

56, 6, 0, 6.99368e-59, 

56, 7, 0, 1.35885e-59, 

56, 8, 0, 2.3998e-60, 

56, 9, 0, 3.93054e-61, 

56, 10, 0, 6.07277e-62, 

56, 11, 0, 8.97878e-63, 

56, 12, 0, 1.28573e-63, 

56, 13, 0, 1.80059e-64, 

56, 14, 0, 2.48485e-65, 

56, 15, 0, 3.39772e-66, 

56, 16, 0, 4.61987e-67, 

56, 17, 0, 6.258e-68, 

56, 18, 0, 8.44915e-69, 

56, 19, 0, 1.13642e-69, 

56, 20, 0, 1.52103e-70, 

56, 21, 0, 2.02329e-71, 

56, 22, 0, 2.67191e-72, 

56, 23, 0, 3.50042e-73, 

56, 24, 0, 4.54866e-74, 

56, 25, 0, 5.86529e-75, 

56, 26, 0, 7.51178e-76, 

56, 27, 0, 9.56842e-77, 

56, 28, 0, 1.21427e-77, 

56, 29, 0, 1.53815e-78, 

56, 30, 0, 1.94883e-79, 

56, 31, 0, 2.47484e-80, 

56, 32, 0, 3.1567e-81, 

56, 33, 0, 4.05273e-82, 

56, 34, 0, 5.2479e-83, 

56, 35, 0, 6.86773e-84, 

56, 36, 0, 9.10002e-85, 

56, 37, 0, 1.2229e-85, 

56, 38, 0, 1.66891e-86, 

56, 39, 0, 2.31495e-87, 

56, 40, 0, 3.26467e-88, 

56, 41, 0, 4.67897e-89, 

56, 42, 0, 6.80764e-90, 

56, 43, 0, 1.00374e-90, 

56, 44, 0, 1.49647e-91, 

56, 45, 0, 2.25054e-92, 

56, 46, 0, 3.40643e-93, 

56, 47, 0, 5.18016e-94, 

56, 48, 0, 7.90735e-95, 

56, 49, 0, 1.21194e-95, 

56, 50, 0, 1.86824e-96, 

56, 51, 0, 2.90729e-97, 

56, 52, 0, 4.60321e-98, 

56, 53, 0, 7.59716e-99, 

56, 54, 0, 1.44764e-99, 

56, 55, 0, 4.46959e-100, 

56, 56, 0, 2.977e-100, 

56, 57, 0, 3.04142e-100, 

56, 58, 0, 3.49769e-100, 

56, 59, 0, 4.13192e-100, 

56, 60, 0, 4.88404e-100, 

56, 61, 0, 5.71271e-100, 

56, 62, 0, 6.57467e-100, 

56, 63, 0, 7.42515e-100, 

56, 64, 0, 8.22055e-100, 

56, 65, 0, 8.91879e-100, 

56, 66, 0, 9.47915e-100, 

56, 67, 0, 9.87531e-100, 

56, 68, 0, 1.01877e-99, 

56, 69, 0, 1.11593e-99, 

56, 70, 0, 1.7605e-99, 

56, 71, 0, 6.00743e-99, 

56, 72, 0, 3.36523e-98, 

56, 73, 0, 2.16247e-97, 

56, 74, 0, 1.44877e-96, 

56, 75, 0, 9.94721e-96, 

56, 76, 0, 6.96496e-95, 

56, 77, 0, 4.95611e-94, 

56, 78, 0, 3.57207e-93, 

56, 79, 0, 2.59942e-92, 

56, 80, 0, 1.90448e-91, 

56, 81, 0, 1.40152e-90, 

56, 82, 0, 1.03424e-89, 

56, 83, 0, 7.64654e-89, 

56, 84, 0, 5.66381e-88, 

56, 85, 0, 4.20613e-87, 

56, 86, 0, 3.13613e-86, 

56, 87, 0, 2.35189e-85, 

56, 88, 0, 1.77729e-84, 

56, 89, 0, 1.35552e-83, 

56, 90, 0, 1.04451e-82, 

56, 91, 0, 8.13391e-82, 

56, 92, 0, 6.39799e-81, 

56, 93, 0, 5.07667e-80, 

56, 94, 0, 4.05572e-79, 

56, 95, 0, 3.25457e-78, 

56, 96, 0, 2.6168e-77, 

56, 97, 0, 2.10308e-76, 

56, 98, 0, 1.68596e-75, 

56, 99, 0, 1.34599e-74, 

56, 100, 0, 1.06894e-73, 

56, 101, 0, 8.43861e-73, 

56, 102, 0, 6.61877e-72, 

56, 103, 0, 5.15453e-71, 

56, 104, 0, 3.98098e-70, 

56, 105, 0, 3.04258e-69, 

56, 106, 0, 2.29308e-68, 

56, 107, 0, 1.69536e-67, 

56, 108, 0, 1.22087e-66, 

56, 109, 0, 8.48455e-66, 

56, 110, 0, 5.62521e-65, 

56, 111, 0, 3.50867e-64, 

56, 112, 0, 2.02493e-63, 

56, 113, 0, 1.06003e-62, 

56, 114, 0, 4.91406e-62, 

56, 115, 0, 1.95792e-61, 

56, 116, 0, 6.4452e-61, 

56, 117, 0, 1.65509e-60, 

56, 118, 0, 3.00164e-60, 

56, 119, 0, 3.00164e-60, 

57, 0, 0, 8.54608e-56, 

57, 1, 0, 8.54608e-56, 

57, 2, 0, 4.74761e-56, 

57, 3, 0, 1.87023e-56, 

57, 4, 0, 5.76515e-57, 

57, 5, 0, 1.4723e-57, 

57, 6, 0, 3.23987e-58, 

57, 7, 0, 6.32972e-59, 

57, 8, 0, 1.12466e-59, 

57, 9, 0, 1.85411e-60, 

57, 10, 0, 2.88443e-61, 

57, 11, 0, 4.2951e-62, 

57, 12, 0, 6.1946e-63, 

57, 13, 0, 8.73635e-64, 

57, 14, 0, 1.21375e-64, 

57, 15, 0, 1.67003e-65, 

57, 16, 0, 2.28347e-66, 

57, 17, 0, 3.10825e-67, 

57, 18, 0, 4.21391e-68, 

57, 19, 0, 5.68729e-69, 

57, 20, 0, 7.6342e-70, 

57, 21, 0, 1.01811e-70, 

57, 22, 0, 1.34782e-71, 

57, 23, 0, 1.77046e-72, 

57, 24, 0, 2.30782e-73, 

57, 25, 0, 2.9872e-74, 

57, 26, 0, 3.84393e-75, 

57, 27, 0, 4.925e-76, 

57, 28, 0, 6.29438e-77, 

57, 29, 0, 8.04054e-78, 

57, 30, 0, 1.02875e-78, 

57, 31, 0, 1.32112e-79, 

57, 32, 0, 1.70639e-80, 

57, 33, 0, 2.22123e-81, 

57, 34, 0, 2.91953e-82, 

57, 35, 0, 3.88158e-83, 

57, 36, 0, 5.22834e-84, 

57, 37, 0, 7.14402e-85, 

57, 38, 0, 9.91173e-86, 

57, 39, 0, 1.39695e-86, 

57, 40, 0, 1.99984e-87, 

57, 41, 0, 2.90582e-88, 

57, 42, 0, 4.2798e-89, 

57, 43, 0, 6.37751e-90, 

57, 44, 0, 9.594e-91, 

57, 45, 0, 1.45376e-91, 

57, 46, 0, 2.2145e-92, 

57, 47, 0, 3.3866e-93, 

57, 48, 0, 5.19752e-94, 

57, 49, 0, 8.01228e-95, 

57, 50, 0, 1.24369e-95, 

57, 51, 0, 1.95318e-96, 

57, 52, 0, 3.13674e-97, 

57, 53, 0, 5.33592e-98, 

57, 54, 0, 1.11078e-98, 

57, 55, 0, 4.13379e-99, 

57, 56, 0, 3.13962e-99, 

57, 57, 0, 3.30563e-99, 

57, 58, 0, 3.80557e-99, 

57, 59, 0, 4.47974e-99, 

57, 60, 0, 5.27658e-99, 

57, 61, 0, 6.1564e-99, 

57, 62, 0, 7.07714e-99, 

57, 63, 0, 7.99554e-99, 

57, 64, 0, 8.86908e-99, 

57, 65, 0, 9.65499e-99, 

57, 66, 0, 1.03081e-98, 

57, 67, 0, 1.07884e-98, 

57, 68, 0, 1.11271e-98, 

57, 69, 0, 1.18183e-98, 

57, 70, 0, 1.61801e-98, 

57, 71, 0, 4.51225e-98, 

57, 72, 0, 2.32459e-97, 

57, 73, 0, 1.45633e-96, 

57, 74, 0, 9.62129e-96, 

57, 75, 0, 6.53042e-95, 

57, 76, 0, 4.52632e-94, 

57, 77, 0, 3.19201e-93, 

57, 78, 0, 2.28237e-92, 

57, 79, 0, 1.64904e-91, 

57, 80, 0, 1.20015e-90, 

57, 81, 0, 8.77518e-90, 

57, 82, 0, 6.43326e-89, 

57, 83, 0, 4.72354e-88, 

57, 84, 0, 3.47268e-87, 

57, 85, 0, 2.55806e-86, 

57, 86, 0, 1.89069e-85, 

57, 87, 0, 1.40483e-84, 

57, 88, 0, 1.05153e-83, 

57, 89, 0, 7.94374e-83, 

57, 90, 0, 6.06474e-82, 

57, 91, 0, 4.68191e-81, 

57, 92, 0, 3.65354e-80, 

57, 93, 0, 2.87849e-79, 

57, 94, 0, 2.28531e-78, 

57, 95, 0, 1.82392e-77, 

57, 96, 0, 1.45949e-76, 

57, 97, 0, 1.16789e-75, 

57, 98, 0, 9.32411e-75, 

57, 99, 0, 7.41333e-74, 

57, 100, 0, 5.86193e-73, 

57, 101, 0, 4.60583e-72, 

57, 102, 0, 3.5937e-71, 

57, 103, 0, 2.78254e-70, 

57, 104, 0, 2.13549e-69, 

57, 105, 0, 1.62111e-68, 

57, 106, 0, 1.21315e-67, 

57, 107, 0, 8.90468e-67, 

57, 108, 0, 6.36637e-66, 

57, 109, 0, 4.39326e-65, 

57, 110, 0, 2.89311e-64, 

57, 111, 0, 1.79315e-63, 

57, 112, 0, 1.02884e-62, 

57, 113, 0, 5.35753e-62, 

57, 114, 0, 2.4721e-61, 

57, 115, 0, 9.81043e-61, 

57, 116, 0, 3.21898e-60, 

57, 117, 0, 8.24626e-60, 

57, 118, 0, 1.49346e-59, 

57, 119, 0, 1.49346e-59, 

58, 0, 0, 3.93259e-55, 

58, 1, 0, 3.93259e-55, 

58, 2, 0, 2.1885e-55, 

58, 3, 0, 8.64605e-56, 

58, 4, 0, 2.67527e-56, 

58, 5, 0, 6.86291e-57, 

58, 6, 0, 1.51798e-57, 

58, 7, 0, 2.9825e-58, 

58, 8, 0, 5.33167e-59, 

58, 9, 0, 8.8463e-60, 

58, 10, 0, 1.38533e-60, 

58, 11, 0, 2.07661e-61, 

58, 12, 0, 3.01459e-62, 

58, 13, 0, 4.27809e-63, 

58, 14, 0, 5.97789e-64, 

58, 15, 0, 8.26736e-65, 

58, 16, 0, 1.13539e-65, 

58, 17, 0, 1.55109e-66, 

58, 18, 0, 2.1089e-67, 

58, 19, 0, 2.8527e-68, 

58, 20, 0, 3.83628e-69, 

58, 21, 0, 5.1247e-70, 

58, 22, 0, 6.79654e-71, 

58, 23, 0, 8.94782e-72, 

58, 24, 0, 1.16986e-72, 

58, 25, 0, 1.52034e-73, 

58, 26, 0, 1.96669e-74, 

58, 27, 0, 2.53674e-75, 

58, 28, 0, 3.26894e-76, 

58, 29, 0, 4.21719e-77, 

58, 30, 0, 5.45798e-78, 

58, 31, 0, 7.10083e-79, 

58, 32, 0, 9.3044e-80, 

58, 33, 0, 1.23009e-80, 

58, 34, 0, 1.64345e-81, 

58, 35, 0, 2.22204e-82, 

58, 36, 0, 3.04394e-83, 

58, 37, 0, 4.22852e-84, 

58, 38, 0, 5.95995e-85, 

58, 39, 0, 8.52395e-86, 

58, 40, 0, 1.23656e-86, 

58, 41, 0, 1.81788e-87, 

58, 42, 0, 2.70446e-88, 

58, 43, 0, 4.06419e-89, 

58, 44, 0, 6.15703e-90, 

58, 45, 0, 9.38479e-91, 

58, 46, 0, 1.437e-91, 

58, 47, 0, 2.20854e-92, 

58, 48, 0, 3.40771e-93, 

58, 49, 0, 5.28697e-94, 

58, 50, 0, 8.27487e-95, 

58, 51, 0, 1.3146e-95, 

58, 52, 0, 2.15087e-96, 

58, 53, 0, 3.81342e-97, 

58, 54, 0, 8.8963e-98, 

58, 55, 0, 3.99082e-98, 

58, 56, 0, 3.34365e-98, 

58, 57, 0, 3.58692e-98, 

58, 58, 0, 4.12645e-98, 

58, 59, 0, 4.83976e-98, 

58, 60, 0, 5.68116e-98, 

58, 61, 0, 6.61231e-98, 

58, 62, 0, 7.59258e-98, 

58, 63, 0, 8.58059e-98, 

58, 64, 0, 9.53537e-98, 

58, 65, 0, 1.0414e-97, 

58, 66, 0, 1.11677e-97, 

58, 67, 0, 1.17446e-97, 

58, 68, 0, 1.21371e-97, 

58, 69, 0, 1.26611e-97, 

58, 70, 0, 1.55995e-97, 

58, 71, 0, 3.53197e-97, 

58, 72, 0, 1.62664e-96, 

58, 73, 0, 9.86035e-96, 

58, 74, 0, 6.41247e-95, 

58, 75, 0, 4.29819e-94, 

58, 76, 0, 2.94594e-93, 

58, 77, 0, 2.0568e-92, 

58, 78, 0, 1.45761e-91, 

58, 79, 0, 1.04478e-90, 

58, 80, 0, 7.5487e-90, 

58, 81, 0, 5.48169e-89, 

58, 82, 0, 3.99176e-88, 

58, 83, 0, 2.91076e-87, 

58, 84, 0, 2.12442e-86, 

58, 85, 0, 1.55271e-85, 

58, 86, 0, 1.13802e-84, 

58, 87, 0, 8.38064e-84, 

58, 88, 0, 6.21511e-83, 

58, 89, 0, 4.65138e-82, 

58, 90, 0, 3.51867e-81, 

58, 91, 0, 2.69275e-80, 

58, 92, 0, 2.08445e-79, 

58, 93, 0, 1.63045e-78, 

58, 94, 0, 1.2863e-77, 

58, 95, 0, 1.02102e-76, 

58, 96, 0, 8.13187e-76, 

58, 97, 0, 6.48055e-75, 

58, 98, 0, 5.15476e-74, 

58, 99, 0, 4.08392e-73, 

58, 100, 0, 3.2177e-72, 

58, 101, 0, 2.51852e-71, 

58, 102, 0, 1.95677e-70, 

58, 103, 0, 1.50794e-69, 

58, 104, 0, 1.15123e-68, 

58, 105, 0, 8.6894e-68, 

58, 106, 0, 6.46292e-67, 

58, 107, 0, 4.71347e-66, 

58, 108, 0, 3.34777e-65, 

58, 109, 0, 2.29501e-64, 

58, 110, 0, 1.50156e-63, 

58, 111, 0, 9.24847e-63, 

58, 112, 0, 5.2749e-62, 

58, 113, 0, 2.73158e-61, 

58, 114, 0, 1.25402e-60, 

58, 115, 0, 4.95402e-60, 

58, 116, 0, 1.61921e-59, 

58, 117, 0, 4.13538e-59, 

58, 118, 0, 7.47512e-59, 

58, 119, 0, 7.47512e-59, 

59, 0, 0, 1.82605e-54, 

59, 1, 0, 1.82605e-54, 

59, 2, 0, 1.01834e-54, 

59, 3, 0, 4.03648e-55, 

59, 4, 0, 1.25422e-55, 

59, 5, 0, 3.23321e-56, 

59, 6, 0, 7.19025e-57, 

59, 7, 0, 1.421e-57, 

59, 8, 0, 2.55588e-58, 

59, 9, 0, 4.26754e-59, 

59, 10, 0, 6.72546e-60, 

59, 11, 0, 1.01443e-60, 

59, 12, 0, 1.48138e-61, 

59, 13, 0, 2.1138e-62, 

59, 14, 0, 2.96808e-63, 

59, 15, 0, 4.12188e-64, 

59, 16, 0, 5.67982e-65, 

59, 17, 0, 7.77946e-66, 

59, 18, 0, 1.05973e-66, 

59, 19, 0, 1.4355e-67, 

59, 20, 0, 1.93264e-68, 

59, 21, 0, 2.58476e-69, 

59, 22, 0, 3.43331e-70, 

59, 23, 0, 4.53026e-71, 

59, 24, 0, 5.94243e-72, 

59, 25, 0, 7.75822e-73, 

59, 26, 0, 1.00975e-73, 

59, 27, 0, 1.31263e-74, 

59, 28, 0, 1.70777e-75, 

59, 29, 0, 2.22828e-76, 

59, 30, 0, 2.9216e-77, 

59, 31, 0, 3.85638e-78, 

59, 32, 0, 5.13278e-79, 

59, 33, 0, 6.89846e-80, 

59, 34, 0, 9.37326e-81, 

59, 35, 0, 1.2888e-81, 

59, 36, 0, 1.79455e-82, 

59, 37, 0, 2.5317e-83, 

59, 38, 0, 3.61944e-84, 

59, 39, 0, 5.24299e-85, 

59, 40, 0, 7.69122e-86, 

59, 41, 0, 1.1415e-86, 

59, 42, 0, 1.71174e-87, 

59, 43, 0, 2.58926e-88, 

59, 44, 0, 3.94408e-89, 

59, 45, 0, 6.04051e-90, 

59, 46, 0, 9.29172e-91, 

59, 47, 0, 1.43517e-91, 

59, 48, 0, 2.22774e-92, 

59, 49, 0, 3.48313e-93, 

59, 50, 0, 5.50849e-94, 

59, 51, 0, 8.88058e-95, 

59, 52, 0, 1.48882e-95, 

59, 53, 0, 2.79023e-96, 

59, 54, 0, 7.47192e-97, 

59, 55, 0, 3.98197e-97, 

59, 56, 0, 3.57892e-97, 

59, 57, 0, 3.88309e-97, 

59, 58, 0, 4.45984e-97, 

59, 59, 0, 5.21242e-97, 

59, 60, 0, 6.09922e-97, 

59, 61, 0, 7.08308e-97, 

59, 62, 0, 8.12487e-97, 

59, 63, 0, 9.18524e-97, 

59, 64, 0, 1.02251e-96, 

59, 65, 0, 1.12016e-96, 

59, 66, 0, 1.20628e-96, 

59, 67, 0, 1.27465e-96, 

59, 68, 0, 1.32142e-96, 

59, 69, 0, 1.36511e-96, 

59, 70, 0, 1.56192e-96, 

59, 71, 0, 2.90192e-96, 

59, 72, 0, 1.15758e-95, 

59, 73, 0, 6.7143e-95, 

59, 74, 0, 4.28783e-94, 

59, 75, 0, 2.83488e-93, 

59, 76, 0, 1.91916e-92, 

59, 77, 0, 1.32504e-91, 

59, 78, 0, 9.29705e-91, 

59, 79, 0, 6.60508e-90, 

59, 80, 0, 4.73457e-89, 

59, 81, 0, 3.41326e-88, 

59, 82, 0, 2.46851e-87, 

59, 83, 0, 1.78787e-86, 

59, 84, 0, 1.29586e-85, 

59, 85, 0, 9.40242e-85, 

59, 86, 0, 6.83785e-84, 

59, 87, 0, 4.99402e-83, 

59, 88, 0, 3.67154e-82, 

59, 89, 0, 2.7234e-81, 

59, 90, 0, 2.04197e-80, 

59, 91, 0, 1.5493e-79, 

59, 92, 0, 1.18968e-78, 

59, 93, 0, 9.23764e-78, 

59, 94, 0, 7.24051e-77, 

59, 95, 0, 5.71484e-76, 

59, 96, 0, 4.52949e-75, 

59, 97, 0, 3.59462e-74, 

59, 98, 0, 2.84872e-73, 

59, 99, 0, 2.24932e-72, 

59, 100, 0, 1.76642e-71, 

59, 101, 0, 1.37792e-70, 

59, 102, 0, 1.06667e-69, 

59, 103, 0, 8.18694e-69, 

59, 104, 0, 6.22221e-68, 

59, 105, 0, 4.67314e-67, 

59, 106, 0, 3.45697e-66, 

59, 107, 0, 2.50667e-65, 

59, 108, 0, 1.76965e-64, 

59, 109, 0, 1.20566e-63, 

59, 110, 0, 7.83919e-63, 

59, 111, 0, 4.79862e-62, 

59, 112, 0, 2.7205e-61, 

59, 113, 0, 1.40071e-60, 

59, 114, 0, 6.3957e-60, 

59, 115, 0, 2.5141e-59, 

59, 116, 0, 8.1813e-59, 

59, 117, 0, 2.08196e-58, 

59, 118, 0, 3.75436e-58, 

59, 119, 0, 3.75436e-58, 

60, 0, 0, 8.54581e-54, 

60, 1, 0, 8.54581e-54, 

60, 2, 0, 4.77752e-54, 

60, 3, 0, 1.90086e-54, 

60, 4, 0, 5.93381e-55, 

60, 5, 0, 1.53772e-55, 

60, 6, 0, 3.43926e-56, 

60, 7, 0, 6.8379e-57, 

60, 8, 0, 1.23752e-57, 

60, 9, 0, 2.07914e-58, 

60, 10, 0, 3.29663e-59, 

60, 11, 0, 5.00144e-60, 

60, 12, 0, 7.34317e-61, 

60, 13, 0, 1.05287e-61, 

60, 14, 0, 1.48451e-62, 

60, 15, 0, 2.06857e-63, 

60, 16, 0, 2.85787e-64, 

60, 17, 0, 3.92176e-65, 

60, 18, 0, 5.34939e-66, 

60, 19, 0, 7.25334e-67, 

60, 20, 0, 9.77427e-68, 

60, 21, 0, 1.30878e-68, 

60, 22, 0, 1.74156e-69, 

60, 23, 0, 2.3043e-70, 

60, 24, 0, 3.03473e-71, 

60, 25, 0, 3.98399e-72, 

60, 26, 0, 5.22293e-73, 

60, 27, 0, 6.8513e-74, 

60, 28, 0, 9.01118e-75, 

60, 29, 0, 1.19067e-75, 

60, 30, 0, 1.58332e-76, 

60, 31, 0, 2.12214e-77, 

60, 32, 0, 2.87038e-78, 

60, 33, 0, 3.92178e-79, 

60, 34, 0, 5.41645e-80, 

60, 35, 0, 7.56586e-81, 

60, 36, 0, 1.06921e-81, 

60, 37, 0, 1.52901e-82, 

60, 38, 0, 2.21255e-83, 

60, 39, 0, 3.23894e-84, 

60, 40, 0, 4.79404e-85, 

60, 41, 0, 7.16831e-86, 

60, 42, 0, 1.08155e-86, 

60, 43, 0, 1.64441e-87, 

60, 44, 0, 2.5161e-88, 

60, 45, 0, 3.87016e-89, 

60, 46, 0, 5.98126e-90, 

60, 47, 0, 9.29126e-91, 

60, 48, 0, 1.45291e-91, 

60, 49, 0, 2.29401e-92, 

60, 50, 0, 3.67596e-93, 

60, 51, 0, 6.0375e-94, 

60, 52, 0, 1.04458e-94, 

60, 53, 0, 2.10418e-95, 

60, 54, 0, 6.58336e-96, 

60, 55, 0, 4.06698e-96, 

60, 56, 0, 3.83819e-96, 

60, 57, 0, 4.19237e-96, 

60, 58, 0, 4.80526e-96, 

60, 59, 0, 5.59807e-96, 

60, 60, 0, 6.53205e-96, 

60, 61, 0, 7.57105e-96, 

60, 62, 0, 8.67742e-96, 

60, 63, 0, 9.81384e-96, 

60, 64, 0, 1.0943e-95, 

60, 65, 0, 1.20225e-95, 

60, 66, 0, 1.29972e-95, 

60, 67, 0, 1.37958e-95, 

60, 68, 0, 1.43539e-95, 

60, 69, 0, 1.476e-95, 

60, 70, 0, 1.60688e-95, 

60, 71, 0, 2.51134e-95, 

60, 72, 0, 8.42139e-95, 

60, 73, 0, 4.60087e-94, 

60, 74, 0, 2.87553e-93, 

60, 75, 0, 1.87281e-92, 

60, 76, 0, 1.25084e-91, 

60, 77, 0, 8.53002e-91, 

60, 78, 0, 5.91898e-90, 

60, 79, 0, 4.16406e-89, 

60, 80, 0, 2.95913e-88, 

60, 81, 0, 2.11698e-87, 

60, 82, 0, 1.52038e-86, 

60, 83, 0, 1.09395e-85, 

60, 84, 0, 7.87804e-85, 

60, 85, 0, 5.67851e-84, 

60, 86, 0, 4.10115e-83, 

60, 87, 0, 2.97329e-82, 

60, 88, 0, 2.16892e-81, 

60, 89, 0, 1.59575e-80, 

60, 90, 0, 1.18657e-79, 

60, 91, 0, 8.92889e-79, 

60, 92, 0, 6.80212e-78, 

60, 93, 0, 5.24263e-77, 

60, 94, 0, 4.08148e-76, 

60, 95, 0, 3.2021e-75, 

60, 96, 0, 2.52454e-74, 

60, 97, 0, 1.99427e-73, 

60, 98, 0, 1.57405e-72, 

60, 99, 0, 1.23832e-71, 

60, 100, 0, 9.69126e-71, 

60, 101, 0, 7.53415e-70, 

60, 102, 0, 5.81181e-69, 

60, 103, 0, 4.44382e-68, 

60, 104, 0, 3.36342e-67, 

60, 105, 0, 2.5146e-66, 

60, 106, 0, 1.85099e-65, 

60, 107, 0, 1.33503e-64, 

60, 108, 0, 9.37197e-64, 

60, 109, 0, 6.34774e-63, 

60, 110, 0, 4.1026e-62, 

60, 111, 0, 2.4962e-61, 

60, 112, 0, 1.40672e-60, 

60, 113, 0, 7.20059e-60, 

60, 114, 0, 3.26944e-59, 

60, 115, 0, 1.27846e-58, 

60, 116, 0, 4.14065e-58, 

60, 117, 0, 1.04951e-57, 

60, 118, 0, 1.88735e-57, 

60, 119, 0, 1.88735e-57, 

61, 0, 0, 4.02446e-53, 

61, 1, 0, 4.02446e-53, 

61, 2, 0, 2.25624e-53, 

61, 3, 0, 9.01468e-54, 

61, 4, 0, 2.82826e-54, 

61, 5, 0, 7.37037e-55, 

61, 6, 0, 1.65829e-55, 

61, 7, 0, 3.31732e-56, 

61, 8, 0, 6.04096e-57, 

61, 9, 0, 1.02114e-57, 

61, 10, 0, 1.62861e-58, 

61, 11, 0, 2.4844e-59, 

61, 12, 0, 3.66579e-60, 

61, 13, 0, 5.2789e-61, 

61, 14, 0, 7.47018e-62, 

61, 15, 0, 1.04395e-62, 

61, 16, 0, 1.44546e-63, 

61, 17, 0, 1.98678e-64, 

61, 18, 0, 2.71332e-65, 

61, 19, 0, 3.68299e-66, 

61, 20, 0, 4.96914e-67, 

61, 21, 0, 6.66519e-68, 

61, 22, 0, 8.8919e-69, 

61, 23, 0, 1.18088e-69, 

61, 24, 0, 1.56321e-70, 

61, 25, 0, 2.06611e-71, 

61, 26, 0, 2.73181e-72, 

61, 27, 0, 3.6206e-73, 

61, 28, 0, 4.81936e-74, 

61, 29, 0, 6.45409e-75, 

61, 30, 0, 8.70858e-76, 

61, 31, 0, 1.18524e-76, 

61, 32, 0, 1.62837e-77, 

61, 33, 0, 2.25941e-78, 

61, 34, 0, 3.16708e-79, 

61, 35, 0, 4.48552e-80, 

61, 36, 0, 6.41933e-81, 

61, 37, 0, 9.28312e-82, 

61, 38, 0, 1.35641e-82, 

61, 39, 0, 2.00207e-83, 

61, 40, 0, 2.98381e-84, 

61, 41, 0, 4.48718e-85, 

61, 42, 0, 6.80305e-86, 

61, 43, 0, 1.0388e-86, 

61, 44, 0, 1.59613e-87, 

61, 45, 0, 2.46642e-88, 

61, 46, 0, 3.83317e-89, 

61, 47, 0, 5.9975e-90, 

61, 48, 0, 9.46801e-91, 

61, 49, 0, 1.5137e-91, 

61, 50, 0, 2.4659e-92, 

61, 51, 0, 4.14488e-93, 

61, 52, 0, 7.46382e-94, 

61, 53, 0, 1.64537e-94, 

61, 54, 0, 6.05991e-95, 

61, 55, 0, 4.21812e-95, 

61, 56, 0, 4.1161e-95, 

61, 57, 0, 4.5131e-95, 

61, 58, 0, 5.16191e-95, 

61, 59, 0, 5.99642e-95, 

61, 60, 0, 6.97997e-95, 

61, 61, 0, 8.07726e-95, 

61, 62, 0, 9.25198e-95, 

61, 63, 0, 1.04686e-94, 

61, 64, 0, 1.16915e-94, 

61, 65, 0, 1.28785e-94, 

61, 66, 0, 1.39714e-94, 

61, 67, 0, 1.48904e-94, 

61, 68, 0, 1.55492e-94, 

61, 69, 0, 1.59627e-94, 

61, 70, 0, 1.68259e-94, 

61, 71, 0, 2.28516e-94, 

61, 72, 0, 6.30338e-94, 

61, 73, 0, 3.17593e-93, 

61, 74, 0, 1.9335e-92, 

61, 75, 0, 1.23883e-91, 

61, 76, 0, 8.15419e-91, 

61, 77, 0, 5.48602e-90, 

61, 78, 0, 3.76049e-89, 

61, 79, 0, 2.61713e-88, 

61, 80, 0, 1.84245e-87, 

61, 81, 0, 1.30743e-86, 

61, 82, 0, 9.32336e-86, 

61, 83, 0, 6.66591e-85, 

61, 84, 0, 4.77208e-84, 

61, 85, 0, 3.41986e-83, 

61, 86, 0, 2.4553e-82, 

61, 87, 0, 1.76896e-81, 

61, 88, 0, 1.28179e-80, 

61, 89, 0, 9.36347e-80, 

61, 90, 0, 6.91048e-79, 

61, 91, 0, 5.16031e-78, 

61, 92, 0, 3.90114e-77, 

61, 93, 0, 2.98443e-76, 

61, 94, 0, 2.30712e-75, 

61, 95, 0, 1.79827e-74, 

61, 96, 0, 1.40938e-73, 

61, 97, 0, 1.10742e-72, 

61, 98, 0, 8.69894e-72, 

61, 99, 0, 6.8138e-71, 

61, 100, 0, 5.3111e-70, 

61, 101, 0, 4.11298e-69, 

61, 102, 0, 3.16053e-68, 

61, 103, 0, 2.40705e-67, 

61, 104, 0, 1.81424e-66, 

61, 105, 0, 1.35035e-65, 

61, 106, 0, 9.89251e-65, 

61, 107, 0, 7.09871e-64, 

61, 108, 0, 4.95657e-63, 

61, 109, 0, 3.33832e-62, 

61, 110, 0, 2.14513e-61, 

61, 111, 0, 1.29753e-60, 

61, 112, 0, 7.26917e-60, 

61, 113, 0, 3.69925e-59, 

61, 114, 0, 1.67018e-58, 

61, 115, 0, 6.496e-58, 

61, 116, 0, 2.09358e-57, 

61, 117, 0, 5.28418e-57, 

61, 118, 0, 9.47436e-57, 

61, 119, 0, 9.47436e-57, 

62, 0, 0, 1.90364e-52, 

62, 1, 0, 1.90364e-52, 

62, 2, 0, 1.07059e-52, 

62, 3, 0, 4.29691e-53, 

62, 4, 0, 1.35534e-53, 

62, 5, 0, 3.55265e-54, 

62, 6, 0, 8.0423e-55, 

62, 7, 0, 1.61886e-55, 

62, 8, 0, 2.96625e-56, 

62, 9, 0, 5.04415e-57, 

62, 10, 0, 8.09061e-58, 

62, 11, 0, 1.24067e-58, 

62, 12, 0, 1.83921e-59, 

62, 13, 0, 2.65931e-60, 

62, 14, 0, 3.77599e-61, 

62, 15, 0, 5.29145e-62, 

62, 16, 0, 7.34275e-63, 

62, 17, 0, 1.01106e-63, 

62, 18, 0, 1.38302e-64, 

62, 19, 0, 1.88044e-65, 

62, 20, 0, 2.5424e-66, 

62, 21, 0, 3.41969e-67, 

62, 22, 0, 4.57953e-68, 

62, 23, 0, 6.11282e-69, 

62, 24, 0, 8.14532e-70, 

62, 25, 0, 1.08543e-70, 

62, 26, 0, 1.44931e-71, 

62, 27, 0, 1.94277e-72, 

62, 28, 0, 2.61901e-73, 

62, 29, 0, 3.55573e-74, 

62, 30, 0, 4.86689e-75, 

62, 31, 0, 6.72037e-76, 

62, 32, 0, 9.36481e-77, 

62, 33, 0, 1.31707e-77, 

62, 34, 0, 1.86941e-78, 

62, 35, 0, 2.67769e-79, 

62, 36, 0, 3.87044e-80, 

62, 37, 0, 5.64547e-81, 

62, 38, 0, 8.30942e-82, 

62, 39, 0, 1.23405e-82, 

62, 40, 0, 1.84876e-83, 

62, 41, 0, 2.79279e-84, 

62, 42, 0, 4.25168e-85, 

62, 43, 0, 6.5192e-86, 

62, 44, 0, 1.00635e-86, 

62, 45, 0, 1.56389e-87, 

62, 46, 0, 2.44821e-88, 

62, 47, 0, 3.86698e-89, 

62, 48, 0, 6.17997e-90, 

62, 49, 0, 1.00364e-90, 

62, 50, 0, 1.66829e-91, 

62, 51, 0, 2.88408e-92, 

62, 52, 0, 5.45732e-93, 

62, 53, 0, 1.3395e-93, 

62, 54, 0, 5.78561e-94, 

62, 55, 0, 4.41601e-94, 

62, 56, 0, 4.40829e-94, 

62, 57, 0, 4.84325e-94, 

62, 58, 0, 5.52812e-94, 

62, 59, 0, 6.40591e-94, 

62, 60, 0, 7.44152e-94, 

62, 61, 0, 8.60036e-94, 

62, 62, 0, 9.84729e-94, 

62, 63, 0, 1.11483e-93, 

62, 64, 0, 1.24689e-93, 

62, 65, 0, 1.37669e-93, 

62, 66, 0, 1.49812e-93, 

62, 67, 0, 1.60234e-93, 

62, 68, 0, 1.67884e-93, 

62, 69, 0, 1.7234e-93, 

62, 70, 0, 1.77976e-93, 

62, 71, 0, 2.17184e-93, 

62, 72, 0, 4.88823e-93, 

62, 73, 0, 2.21245e-92, 

62, 74, 0, 1.30333e-91, 

62, 75, 0, 8.20348e-91, 

62, 76, 0, 5.31666e-90, 

62, 77, 0, 3.5254e-89, 

62, 78, 0, 2.38467e-88, 

62, 79, 0, 1.6402e-87, 

62, 80, 0, 1.14303e-86, 

62, 81, 0, 8.04151e-86, 

62, 82, 0, 5.69291e-85, 

62, 83, 0, 4.04515e-84, 

62, 84, 0, 2.88023e-83, 

62, 85, 0, 2.0538e-82, 

62, 86, 0, 1.46733e-81, 

62, 87, 0, 1.05181e-80, 

62, 88, 0, 7.57982e-80, 

62, 89, 0, 5.50412e-79, 

62, 90, 0, 4.0359e-78, 

62, 91, 0, 2.99294e-77, 

62, 92, 0, 2.24633e-76, 

62, 93, 0, 1.7059e-75, 

62, 94, 0, 1.30918e-74, 

62, 95, 0, 1.01327e-73, 

62, 96, 0, 7.88854e-73, 

62, 97, 0, 6.15976e-72, 

62, 98, 0, 4.81057e-71, 

62, 99, 0, 3.74785e-70, 

62, 100, 0, 2.90668e-69, 

62, 101, 0, 2.24029e-68, 

62, 102, 0, 1.71362e-67, 

62, 103, 0, 1.29918e-66, 

62, 104, 0, 9.74746e-66, 

62, 105, 0, 7.22107e-65, 

62, 106, 0, 5.2643e-64, 

62, 107, 0, 3.75842e-63, 

62, 108, 0, 2.61042e-62, 

62, 109, 0, 1.74855e-61, 

62, 110, 0, 1.11728e-60, 

62, 111, 0, 6.71965e-60, 

62, 112, 0, 3.74301e-59, 

62, 113, 0, 1.89398e-58, 

62, 114, 0, 8.50367e-58, 

62, 115, 0, 3.28986e-57, 

62, 116, 0, 1.05507e-56, 

62, 117, 0, 2.65166e-56, 

62, 118, 0, 4.73977e-56, 

62, 119, 0, 4.73977e-56, 

63, 0, 0, 9.02733e-52, 

63, 1, 0, 9.02733e-52, 

63, 2, 0, 5.09399e-52, 

63, 3, 0, 2.0543e-52, 

63, 4, 0, 6.51572e-53, 

63, 5, 0, 1.71817e-53, 

63, 6, 0, 3.91365e-54, 

63, 7, 0, 7.9271e-55, 

63, 8, 0, 1.4614e-55, 

63, 9, 0, 2.49978e-56, 

63, 10, 0, 4.03175e-57, 

63, 11, 0, 6.21397e-58, 

63, 12, 0, 9.25381e-59, 

63, 13, 0, 1.34335e-59, 

63, 14, 0, 1.91402e-60, 

63, 15, 0, 2.69012e-61, 

63, 16, 0, 3.74266e-62, 

63, 17, 0, 5.16592e-63, 

63, 18, 0, 7.08382e-64, 

63, 19, 0, 9.65856e-65, 

63, 20, 0, 1.31031e-65, 

63, 21, 0, 1.77004e-66, 

63, 22, 0, 2.38327e-67, 

63, 23, 0, 3.20278e-68, 

63, 24, 0, 4.30273e-69, 

63, 25, 0, 5.78908e-70, 

63, 26, 0, 7.81487e-71, 

63, 27, 0, 1.06027e-71, 

63, 28, 0, 1.44783e-72, 

63, 29, 0, 1.9919e-73, 

63, 30, 0, 2.76274e-74, 

63, 31, 0, 3.86407e-75, 

63, 32, 0, 5.44964e-76, 

63, 33, 0, 7.74877e-77, 

63, 34, 0, 1.11059e-77, 

63, 35, 0, 1.60427e-78, 

63, 36, 0, 2.33565e-79, 

63, 37, 0, 3.42761e-80, 

63, 38, 0, 5.07107e-81, 

63, 39, 0, 7.56463e-82, 

63, 40, 0, 1.13781e-82, 

63, 41, 0, 1.72546e-83, 

63, 42, 0, 2.63759e-84, 

63, 43, 0, 4.0635e-85, 

63, 44, 0, 6.30958e-86, 

63, 45, 0, 9.87904e-87, 

63, 46, 0, 1.56155e-87, 

63, 47, 0, 2.49712e-88, 

63, 48, 0, 4.053e-89, 

63, 49, 0, 6.70911e-90, 

63, 50, 0, 1.14214e-90, 

63, 51, 0, 2.04112e-91, 

63, 52, 0, 4.10054e-92, 

63, 53, 0, 1.13654e-92, 

63, 54, 0, 5.6816e-93, 

63, 55, 0, 4.64664e-93, 

63, 56, 0, 4.71065e-93, 

63, 57, 0, 5.17995e-93, 

63, 58, 0, 5.9008e-93, 

63, 59, 0, 6.82296e-93, 

63, 60, 0, 7.91254e-93, 

63, 61, 0, 9.13561e-93, 

63, 62, 0, 1.04579e-92, 

63, 63, 0, 1.18466e-92, 

63, 64, 0, 1.3268e-92, 

63, 65, 0, 1.46792e-92, 

63, 66, 0, 1.60157e-92, 

63, 67, 0, 1.71813e-92, 

63, 68, 0, 1.80538e-92, 

63, 69, 0, 1.85462e-92, 

63, 70, 0, 1.89093e-92, 

63, 71, 0, 2.1354e-92, 

63, 72, 0, 3.95169e-92, 

63, 73, 0, 1.55987e-91, 

63, 74, 0, 8.80811e-91, 

63, 75, 0, 5.43784e-90, 

63, 76, 0, 3.46801e-89, 

63, 77, 0, 2.26477e-88, 

63, 78, 0, 1.51038e-87, 

63, 79, 0, 1.02578e-86, 

63, 80, 0, 7.07064e-86, 

63, 81, 0, 4.92893e-85, 

63, 82, 0, 3.46315e-84, 

63, 83, 0, 2.44569e-83, 

63, 84, 0, 1.73259e-82, 

63, 85, 0, 1.23011e-81, 

63, 86, 0, 8.75359e-81, 

63, 87, 0, 6.24991e-80, 

63, 88, 0, 4.48489e-79, 

63, 89, 0, 3.24127e-78, 

63, 90, 0, 2.36389e-77, 

63, 91, 0, 1.74245e-76, 

63, 92, 0, 1.29913e-75, 

63, 93, 0, 9.79605e-75, 

63, 94, 0, 7.46263e-74, 

63, 95, 0, 5.73275e-73, 

63, 96, 0, 4.42999e-72, 

63, 97, 0, 3.43418e-71, 

63, 98, 0, 2.66338e-70, 

63, 99, 0, 2.06132e-69, 

63, 100, 0, 1.58869e-68, 

63, 101, 0, 1.21722e-67, 

63, 102, 0, 9.25819e-67, 

63, 103, 0, 6.98103e-66, 

63, 104, 0, 5.21e-65, 

63, 105, 0, 3.83948e-64, 

63, 106, 0, 2.78444e-63, 

63, 107, 0, 1.97746e-62, 

63, 108, 0, 1.36612e-61, 

63, 109, 0, 9.10117e-61, 

63, 110, 0, 5.78351e-60, 

63, 111, 0, 3.45912e-59, 

63, 112, 0, 1.91615e-58, 

63, 113, 0, 9.64263e-58, 

63, 114, 0, 4.30621e-57, 

63, 115, 0, 1.65741e-56, 

63, 116, 0, 5.29009e-56, 

63, 117, 0, 1.32401e-55, 

63, 118, 0, 2.35949e-55, 

63, 119, 0, 2.35949e-55, 

64, 0, 0, 4.284e-51, 

64, 1, 0, 4.284e-51, 

64, 2, 0, 2.42586e-51, 

64, 3, 0, 9.83092e-52, 

64, 4, 0, 3.1357e-52, 

64, 5, 0, 8.31853e-53, 

64, 6, 0, 1.90653e-53, 

64, 7, 0, 3.88557e-54, 

64, 8, 0, 7.20658e-55, 

64, 9, 0, 1.23985e-55, 

64, 10, 0, 2.01057e-56, 

64, 11, 0, 3.11443e-57, 

64, 12, 0, 4.65931e-58, 

64, 13, 0, 6.79191e-59, 

64, 14, 0, 9.71362e-60, 

64, 15, 0, 1.36999e-60, 

64, 16, 0, 1.91241e-61, 

64, 17, 0, 2.64871e-62, 

64, 18, 0, 3.64564e-63, 

64, 19, 0, 4.99207e-64, 

64, 20, 0, 6.80696e-65, 

64, 21, 0, 9.2515e-66, 

64, 22, 0, 1.25477e-66, 

64, 23, 0, 1.70065e-67, 

64, 24, 0, 2.3071e-68, 

64, 25, 0, 3.13793e-69, 

64, 26, 0, 4.28593e-70, 

64, 27, 0, 5.88668e-71, 

64, 28, 0, 8.13891e-72, 

64, 29, 0, 1.13346e-72, 

64, 30, 0, 1.59033e-73, 

64, 31, 0, 2.24792e-74, 

64, 32, 0, 3.2002e-75, 

64, 33, 0, 4.58725e-76, 

64, 34, 0, 6.6195e-77, 

64, 35, 0, 9.61594e-78, 

64, 36, 0, 1.40648e-78, 

64, 37, 0, 2.07206e-79, 

64, 38, 0, 3.076e-80, 

64, 39, 0, 4.60338e-81, 

64, 40, 0, 6.94745e-82, 

64, 41, 0, 1.05765e-82, 

64, 42, 0, 1.62446e-83, 

64, 43, 0, 2.51788e-84, 

64, 44, 0, 3.94026e-85, 

64, 45, 0, 6.23141e-86, 

64, 46, 0, 9.9751e-87, 

64, 47, 0, 1.62025e-87, 

64, 48, 0, 2.67979e-88, 

64, 49, 0, 4.53635e-89, 

64, 50, 0, 7.93583e-90, 

64, 51, 0, 1.47348e-90, 

64, 52, 0, 3.1761e-91, 

64, 53, 0, 1.00294e-91, 

64, 54, 0, 5.69373e-92, 

64, 55, 0, 4.89912e-92, 

64, 56, 0, 5.01858e-92, 

64, 57, 0, 5.51891e-92, 

64, 58, 0, 6.27488e-92, 

64, 59, 0, 7.24136e-92, 

64, 60, 0, 8.38555e-92, 

64, 61, 0, 9.67413e-92, 

64, 62, 0, 1.10736e-91, 

64, 63, 0, 1.25517e-91, 

64, 64, 0, 1.40752e-91, 

64, 65, 0, 1.55998e-91, 

64, 66, 0, 1.70575e-91, 

64, 67, 0, 1.8344e-91, 

64, 68, 0, 1.93218e-91, 

64, 69, 0, 1.9868e-91, 

64, 70, 0, 2.0098e-91, 

64, 71, 0, 2.15019e-91, 

64, 72, 0, 3.34171e-91, 

64, 73, 0, 1.11771e-90, 

64, 74, 0, 5.97023e-90, 

64, 75, 0, 3.60834e-89, 

64, 76, 0, 2.26401e-88, 

64, 77, 0, 1.45561e-87, 

64, 78, 0, 9.56493e-87, 

64, 79, 0, 6.40928e-86, 

64, 80, 0, 4.36645e-85, 

64, 81, 0, 3.01407e-84, 

64, 82, 0, 2.1009e-83, 

64, 83, 0, 1.47432e-82, 

64, 84, 0, 1.0393e-81, 

64, 85, 0, 7.34998e-81, 

64, 86, 0, 5.21316e-80, 

64, 87, 0, 3.71074e-79, 

64, 88, 0, 2.65431e-78, 

64, 89, 0, 1.91133e-77, 

64, 90, 0, 1.38796e-76, 

64, 91, 0, 1.01788e-75, 

64, 92, 0, 7.54427e-75, 

64, 93, 0, 5.65085e-74, 

64, 94, 0, 4.27345e-73, 

64, 95, 0, 3.25742e-72, 

64, 96, 0, 2.49698e-71, 

64, 97, 0, 1.91997e-70, 

64, 98, 0, 1.47704e-69, 

64, 99, 0, 1.13416e-68, 

64, 100, 0, 8.67487e-68, 

64, 101, 0, 6.59839e-67, 

64, 102, 0, 4.98418e-66, 

64, 103, 0, 3.73367e-65, 

64, 104, 0, 2.7691e-64, 

64, 105, 0, 2.02846e-63, 

64, 106, 0, 1.46255e-62, 

64, 107, 0, 1.03281e-61, 

64, 108, 0, 7.09545e-61, 

64, 109, 0, 4.70108e-60, 

64, 110, 0, 2.97111e-59, 

64, 111, 0, 1.76742e-58, 

64, 112, 0, 9.73817e-58, 

64, 113, 0, 4.87483e-57, 

64, 114, 0, 2.1659e-56, 

64, 115, 0, 8.29578e-56, 

64, 116, 0, 2.63589e-55, 

64, 117, 0, 6.57123e-55, 

64, 118, 0, 1.16769e-54, 

64, 119, 0, 1.16769e-54, 

65, 0, 0, 2.03132e-50, 

65, 1, 0, 2.03132e-50, 

65, 2, 0, 1.15432e-50, 

65, 3, 0, 4.70086e-51, 

65, 4, 0, 1.50779e-51, 

65, 5, 0, 4.02374e-52, 

65, 6, 0, 9.27823e-53, 

65, 7, 0, 1.90243e-53, 

65, 8, 0, 3.54941e-54, 

65, 9, 0, 6.14149e-55, 

65, 10, 0, 1.00133e-55, 

65, 11, 0, 1.55902e-56, 

65, 12, 0, 2.34355e-57, 

65, 13, 0, 3.43167e-58, 

65, 14, 0, 4.92921e-59, 

65, 15, 0, 6.98193e-60, 

65, 16, 0, 9.78935e-61, 

65, 17, 0, 1.36227e-61, 

65, 18, 0, 1.88495e-62, 

65, 19, 0, 2.59675e-63, 

65, 20, 0, 3.5656e-64, 

65, 21, 0, 4.88517e-65, 

65, 22, 0, 6.68648e-66, 

65, 23, 0, 9.15533e-67, 

65, 24, 0, 1.25585e-67, 

65, 25, 0, 1.72826e-68, 

65, 26, 0, 2.38912e-69, 

65, 27, 0, 3.32086e-70, 

65, 28, 0, 4.64428e-71, 

65, 29, 0, 6.53654e-72, 

65, 30, 0, 9.25785e-73, 

65, 31, 0, 1.31914e-73, 

65, 32, 0, 1.89039e-74, 

65, 33, 0, 2.72393e-75, 

65, 34, 0, 3.94656e-76, 

65, 35, 0, 5.75074e-77, 

65, 36, 0, 8.43191e-78, 

65, 37, 0, 1.24487e-78, 

65, 38, 0, 1.85209e-79, 

65, 39, 0, 2.77897e-80, 

65, 40, 0, 4.20829e-81, 

65, 41, 0, 6.43573e-82, 

65, 42, 0, 9.94516e-83, 

65, 43, 0, 1.55391e-83, 

65, 44, 0, 2.45704e-84, 

65, 45, 0, 3.93665e-85, 

65, 46, 0, 6.4029e-86, 

65, 47, 0, 1.05992e-86, 

65, 48, 0, 1.79196e-87, 

65, 49, 0, 3.11062e-88, 

65, 50, 0, 5.60761e-89, 

65, 51, 0, 1.08708e-89, 

65, 52, 0, 2.53994e-90, 

65, 53, 0, 9.16193e-91, 

65, 54, 0, 5.78389e-91, 

65, 55, 0, 5.16401e-91, 

65, 56, 0, 5.32643e-91, 

65, 57, 0, 5.8541e-91, 

65, 58, 0, 6.64297e-91, 

65, 59, 0, 7.652e-91, 

65, 60, 0, 8.84944e-91, 

65, 61, 0, 1.02026e-90, 

65, 62, 0, 1.16787e-90, 

65, 63, 0, 1.32459e-90, 

65, 64, 0, 1.48705e-90, 

65, 65, 0, 1.65069e-90, 

65, 66, 0, 1.80825e-90, 

65, 67, 0, 1.94852e-90, 

65, 68, 0, 2.05637e-90, 

65, 69, 0, 2.11659e-90, 

65, 70, 0, 2.13082e-90, 

65, 71, 0, 2.19754e-90, 

65, 72, 0, 2.95429e-90, 

65, 73, 0, 8.18514e-90, 

65, 74, 0, 4.062e-89, 

65, 75, 0, 2.39699e-88, 

65, 76, 0, 1.47988e-87, 

65, 77, 0, 9.36851e-87, 

65, 78, 0, 6.0642e-86, 

65, 79, 0, 4.00702e-85, 

65, 80, 0, 2.69615e-84, 

65, 81, 0, 1.84156e-83, 

65, 82, 0, 1.27264e-82, 

65, 83, 0, 8.87076e-82, 

65, 84, 0, 6.22131e-81, 

65, 85, 0, 4.38286e-80, 

65, 86, 0, 3.09948e-79, 

65, 87, 0, 2.20075e-78, 

65, 88, 0, 1.5704e-77, 

65, 89, 0, 1.12773e-76, 

65, 90, 0, 8.1619e-76, 

65, 91, 0, 5.96057e-75, 

65, 92, 0, 4.39516e-74, 

65, 93, 0, 3.27199e-73, 

65, 94, 0, 2.4571e-72, 

65, 95, 0, 1.85834e-71, 

65, 96, 0, 1.41257e-70, 

65, 97, 0, 1.07662e-69, 

65, 98, 0, 8.20805e-69, 

65, 99, 0, 6.24599e-68, 

65, 100, 0, 4.73517e-67, 

65, 101, 0, 3.57094e-66, 

65, 102, 0, 2.67531e-65, 

65, 103, 0, 1.98857e-64, 

65, 104, 0, 1.46406e-63, 

65, 105, 0, 1.06509e-62, 

65, 106, 0, 7.62953e-62, 

65, 107, 0, 5.35448e-61, 

65, 108, 0, 3.65683e-60, 

65, 109, 0, 2.40905e-59, 

65, 110, 0, 1.51416e-58, 

65, 111, 0, 8.95912e-58, 

65, 112, 0, 4.91068e-57, 

65, 113, 0, 2.44588e-56, 

65, 114, 0, 1.08146e-55, 

65, 115, 0, 4.12326e-55, 

65, 116, 0, 1.30462e-54, 

65, 117, 0, 3.24057e-54, 

65, 118, 0, 5.74325e-54, 

65, 119, 0, 5.74325e-54, 

66, 0, 0, 9.61232e-50, 

66, 1, 0, 9.61232e-50, 

66, 2, 0, 5.4813e-50, 

66, 3, 0, 2.24289e-50, 

66, 4, 0, 7.23327e-51, 

66, 5, 0, 1.9415e-51, 

66, 6, 0, 4.50346e-52, 

66, 7, 0, 9.28891e-53, 

66, 8, 0, 1.74321e-53, 

66, 9, 0, 3.03343e-54, 

66, 10, 0, 4.97305e-55, 

66, 11, 0, 7.78393e-56, 

66, 12, 0, 1.17613e-56, 

66, 13, 0, 1.73098e-57, 

66, 14, 0, 2.49911e-58, 

66, 15, 0, 3.55866e-59, 

66, 16, 0, 5.018e-60, 

66, 17, 0, 7.0267e-61, 

66, 18, 0, 9.79084e-62, 

66, 19, 0, 1.35948e-62, 

66, 20, 0, 1.88333e-63, 

66, 21, 0, 2.60592e-64, 

66, 22, 0, 3.60552e-65, 

66, 23, 0, 4.99411e-66, 

66, 24, 0, 6.9333e-67, 

66, 25, 0, 9.6578e-68, 

66, 26, 0, 1.35097e-68, 

66, 27, 0, 1.89884e-69, 

66, 28, 0, 2.68235e-70, 

66, 29, 0, 3.80803e-71, 

66, 30, 0, 5.43177e-72, 

66, 31, 0, 7.78219e-73, 

66, 32, 0, 1.11966e-73, 

66, 33, 0, 1.61766e-74, 

66, 34, 0, 2.34764e-75, 

66, 35, 0, 3.4244e-76, 

66, 36, 0, 5.02501e-77, 

66, 37, 0, 7.42622e-78, 

66, 38, 0, 1.10663e-78, 

66, 39, 0, 1.66482e-79, 

66, 40, 0, 2.5313e-80, 

66, 41, 0, 3.89383e-81, 

66, 42, 0, 6.06563e-82, 

66, 43, 0, 9.57769e-83, 

66, 44, 0, 1.53471e-83, 

66, 45, 0, 2.49918e-84, 

66, 46, 0, 4.14367e-85, 

66, 47, 0, 7.01168e-86, 

66, 48, 0, 1.21478e-86, 

66, 49, 0, 2.16657e-87, 

66, 50, 0, 4.03338e-88, 

66, 51, 0, 8.20304e-89, 

66, 52, 0, 2.09696e-89, 

66, 53, 0, 8.61132e-90, 

66, 54, 0, 5.92404e-90, 

66, 55, 0, 5.43213e-90, 

66, 56, 0, 5.62714e-90, 

66, 57, 0, 6.17752e-90, 

66, 58, 0, 6.99533e-90, 

66, 59, 0, 8.0429e-90, 

66, 60, 0, 9.2897e-90, 

66, 61, 0, 1.07039e-89, 

66, 62, 0, 1.22534e-89, 

66, 63, 0, 1.39066e-89, 

66, 64, 0, 1.56291e-89, 

66, 65, 0, 1.73731e-89, 

66, 66, 0, 1.90615e-89, 

66, 67, 0, 2.05744e-89, 

66, 68, 0, 2.17475e-89, 

66, 69, 0, 2.24053e-89, 

66, 70, 0, 2.24914e-89, 

66, 71, 0, 2.26366e-89, 

66, 72, 0, 2.71758e-89, 

66, 73, 0, 6.16694e-89, 

66, 74, 0, 2.77819e-88, 

66, 75, 0, 1.59408e-87, 

66, 76, 0, 9.68837e-87, 

66, 77, 0, 6.04311e-86, 

66, 78, 0, 3.85405e-85, 

66, 79, 0, 2.51057e-84, 

66, 80, 0, 1.66742e-83, 

66, 81, 0, 1.1261e-82, 

66, 82, 0, 7.70934e-82, 

66, 83, 0, 5.3338e-81, 

66, 84, 0, 3.71956e-80, 

66, 85, 0, 2.60948e-79, 

66, 86, 0, 1.83977e-78, 

66, 87, 0, 1.30328e-77, 

66, 88, 0, 9.28101e-77, 

66, 89, 0, 6.65053e-76, 

66, 90, 0, 4.80062e-75, 

66, 91, 0, 3.49392e-74, 

66, 92, 0, 2.56504e-73, 

66, 93, 0, 1.89915e-72, 

66, 94, 0, 1.41686e-71, 

66, 95, 0, 1.06351e-70, 

66, 96, 0, 8.01612e-70, 

66, 97, 0, 6.05409e-69, 

66, 98, 0, 4.57149e-68, 

66, 99, 0, 3.44463e-67, 

66, 100, 0, 2.58577e-66, 

66, 101, 0, 1.93118e-65, 

66, 102, 0, 1.43333e-64, 

66, 103, 0, 1.05594e-63, 

66, 104, 0, 7.70924e-63, 

66, 105, 0, 5.56456e-62, 

66, 106, 0, 3.95696e-61, 

66, 107, 0, 2.75815e-60, 

66, 108, 0, 1.87168e-59, 

66, 109, 0, 1.22564e-58, 

66, 110, 0, 7.6599e-58, 

66, 111, 0, 4.50788e-57, 

66, 112, 0, 2.45819e-56, 

66, 113, 0, 1.21838e-55, 

66, 114, 0, 5.36227e-55, 

66, 115, 0, 2.03564e-54, 

66, 116, 0, 6.41567e-54, 

66, 117, 0, 1.58828e-53, 

66, 118, 0, 2.80817e-53, 

66, 119, 0, 2.80817e-53, 

67, 0, 0, 4.53592e-49, 

67, 1, 0, 4.53592e-49, 

67, 2, 0, 2.59521e-49, 

67, 3, 0, 1.06683e-49, 

67, 4, 0, 3.4586e-50, 

67, 5, 0, 9.3354e-51, 

67, 6, 0, 2.17794e-51, 

67, 7, 0, 4.51848e-52, 

67, 8, 0, 8.52889e-53, 

67, 9, 0, 1.49268e-53, 

67, 10, 0, 2.46102e-54, 

67, 11, 0, 3.87378e-55, 

67, 12, 0, 5.88636e-56, 

67, 13, 0, 8.71347e-57, 

67, 14, 0, 1.26562e-57, 

67, 15, 0, 1.81389e-58, 

67, 16, 0, 2.5758e-59, 

67, 17, 0, 3.63508e-60, 

67, 18, 0, 5.1091e-61, 

67, 19, 0, 7.16261e-62, 

67, 20, 0, 1.00279e-62, 

67, 21, 0, 1.40346e-63, 

67, 22, 0, 1.96539e-64, 

67, 23, 0, 2.75636e-65, 

67, 24, 0, 3.87448e-66, 

67, 25, 0, 5.46214e-67, 

67, 26, 0, 7.7263e-68, 

67, 27, 0, 1.09678e-68, 

67, 28, 0, 1.56236e-69, 

67, 29, 0, 2.23281e-70, 

67, 30, 0, 3.20042e-71, 

67, 31, 0, 4.59993e-72, 

67, 32, 0, 6.62956e-73, 

67, 33, 0, 9.584e-74, 

67, 34, 0, 1.39072e-74, 

67, 35, 0, 2.0278e-75, 

67, 36, 0, 2.9751e-76, 

67, 37, 0, 4.39904e-77, 

67, 38, 0, 6.56631e-78, 

67, 39, 0, 9.91083e-79, 

67, 40, 0, 1.51492e-79, 

67, 41, 0, 2.34835e-80, 

67, 42, 0, 3.69639e-81, 

67, 43, 0, 5.91497e-82, 

67, 44, 0, 9.6345e-83, 

67, 45, 0, 1.59958e-83, 

67, 46, 0, 2.71128e-84, 

67, 47, 0, 4.70068e-85, 

67, 48, 0, 8.35884e-86, 

67, 49, 0, 1.53327e-86, 

67, 50, 0, 2.95223e-87, 

67, 51, 0, 6.33051e-88, 

67, 52, 0, 1.78442e-88, 

67, 53, 0, 8.27367e-89, 

67, 54, 0, 6.09216e-89, 

67, 55, 0, 5.69394e-89, 

67, 56, 0, 5.91221e-89, 

67, 57, 0, 6.47947e-89, 

67, 58, 0, 7.32028e-89, 

67, 59, 0, 8.39996e-89, 

67, 60, 0, 9.68945e-89, 

67, 61, 0, 1.11582e-88, 

67, 62, 0, 1.27748e-88, 

67, 63, 0, 1.45081e-88, 

67, 64, 0, 1.63229e-88, 

67, 65, 0, 1.81686e-88, 

67, 66, 0, 1.99635e-88, 

67, 67, 0, 2.15797e-88, 

67, 68, 0, 2.28414e-88, 

67, 69, 0, 2.35534e-88, 

67, 70, 0, 2.36062e-88, 

67, 71, 0, 2.33834e-88, 

67, 72, 0, 2.58165e-88, 

67, 73, 0, 4.81284e-88, 

67, 74, 0, 1.91462e-87, 

67, 75, 0, 1.06123e-86, 

67, 76, 0, 6.35259e-86, 

67, 77, 0, 3.90867e-85, 

67, 78, 0, 2.45777e-84, 

67, 79, 0, 1.57854e-83, 

67, 80, 0, 1.03446e-82, 

67, 81, 0, 6.90271e-82, 

67, 82, 0, 4.6772e-81, 

67, 83, 0, 3.20885e-80, 

67, 84, 0, 2.22305e-79, 

67, 85, 0, 1.55192e-78, 

67, 86, 0, 1.09025e-77, 

67, 87, 0, 7.70307e-77, 

67, 88, 0, 5.47424e-76, 

67, 89, 0, 3.91508e-75, 

67, 90, 0, 2.81981e-74, 

67, 91, 0, 2.04649e-73, 

67, 92, 0, 1.49687e-72, 

67, 93, 0, 1.10301e-71, 

67, 94, 0, 8.18058e-71, 

67, 95, 0, 6.09737e-70, 

67, 96, 0, 4.55876e-69, 

67, 97, 0, 3.41207e-68, 

67, 98, 0, 2.55154e-67, 

67, 99, 0, 1.90306e-66, 

67, 100, 0, 1.41371e-65, 

67, 101, 0, 1.04485e-64, 

67, 102, 0, 7.67596e-64, 

67, 103, 0, 5.59954e-63, 

67, 104, 0, 4.05021e-62, 

67, 105, 0, 2.89807e-61, 

67, 106, 0, 2.0442e-60, 

67, 107, 0, 1.41425e-59, 

67, 108, 0, 9.53087e-59, 

67, 109, 0, 6.20126e-58, 

67, 110, 0, 3.85256e-57, 

67, 111, 0, 2.25466e-56, 

67, 112, 0, 1.2231e-55, 

67, 113, 0, 6.0327e-55, 

67, 114, 0, 2.64305e-54, 

67, 115, 0, 9.99191e-54, 

67, 116, 0, 3.13743e-53, 

67, 117, 0, 7.74292e-53, 

67, 118, 0, 1.36602e-52, 

67, 119, 0, 1.36602e-52, 

68, 0, 0, 2.13381e-48, 

68, 1, 0, 2.13381e-48, 

68, 2, 0, 1.22473e-48, 

68, 3, 0, 5.05672e-49, 

68, 4, 0, 1.64764e-49, 

68, 5, 0, 4.47143e-50, 

68, 6, 0, 1.04908e-50, 

68, 7, 0, 2.18904e-51, 

68, 8, 0, 4.15609e-52, 

68, 9, 0, 7.31665e-53, 

68, 10, 0, 1.21351e-53, 

68, 11, 0, 1.92175e-54, 

68, 12, 0, 2.93853e-55, 

68, 13, 0, 4.37857e-56, 

68, 14, 0, 6.40474e-57, 

68, 15, 0, 9.24957e-58, 

68, 16, 0, 1.32453e-58, 

68, 17, 0, 1.88656e-59, 

68, 18, 0, 2.67861e-60, 

68, 19, 0, 3.79698e-61, 

68, 20, 0, 5.37935e-62, 

68, 21, 0, 7.6232e-63, 

68, 22, 0, 1.08128e-63, 

68, 23, 0, 1.53589e-64, 

68, 24, 0, 2.18556e-65, 

68, 25, 0, 3.11636e-66, 

68, 26, 0, 4.45279e-67, 

68, 27, 0, 6.37466e-68, 

68, 28, 0, 9.14125e-69, 

68, 29, 0, 1.31264e-69, 

68, 30, 0, 1.88704e-70, 

68, 31, 0, 2.71585e-71, 

68, 32, 0, 3.91437e-72, 

68, 33, 0, 5.65416e-73, 

68, 34, 0, 8.19472e-74, 

68, 35, 0, 1.19356e-74, 

68, 36, 0, 1.75037e-75, 

68, 37, 0, 2.59002e-76, 

68, 38, 0, 3.87532e-77, 

68, 39, 0, 5.87571e-78, 

68, 40, 0, 9.04491e-79, 

68, 41, 0, 1.41607e-79, 

68, 42, 0, 2.25811e-80, 

68, 43, 0, 3.67234e-81, 

68, 44, 0, 6.09783e-82, 

68, 45, 0, 1.03491e-82, 

68, 46, 0, 1.7971e-83, 

68, 47, 0, 3.1967e-84, 

68, 48, 0, 5.8377e-85, 

68, 49, 0, 1.10149e-85, 

68, 50, 0, 2.19632e-86, 

68, 51, 0, 4.99233e-87, 

68, 52, 0, 1.56068e-87, 

68, 53, 0, 8.07606e-88, 

68, 54, 0, 6.26985e-88, 

68, 55, 0, 5.93937e-88, 

68, 56, 0, 6.17206e-88, 

68, 57, 0, 6.74918e-88, 

68, 58, 0, 7.60517e-88, 

68, 59, 0, 8.70821e-88, 

68, 60, 0, 1.00311e-87, 

68, 61, 0, 1.15449e-87, 

68, 62, 0, 1.32197e-87, 

68, 63, 0, 1.50247e-87, 

68, 64, 0, 1.69239e-87, 

68, 65, 0, 1.88641e-87, 

68, 66, 0, 2.07585e-87, 

68, 67, 0, 2.24716e-87, 

68, 68, 0, 2.38167e-87, 

68, 69, 0, 2.45823e-87, 

68, 70, 0, 2.46199e-87, 

68, 71, 0, 2.41412e-87, 

68, 72, 0, 2.5116e-87, 

68, 73, 0, 3.91129e-87, 

68, 74, 0, 1.33435e-86, 

68, 75, 0, 7.07169e-86, 

68, 76, 0, 4.16996e-85, 

68, 77, 0, 2.53483e-84, 

68, 78, 0, 1.57337e-83, 

68, 79, 0, 9.96876e-83, 

68, 80, 0, 6.44537e-82, 

68, 81, 0, 4.24685e-81, 

68, 82, 0, 2.8454e-80, 

68, 83, 0, 1.93353e-79, 

68, 84, 0, 1.32915e-78, 

68, 85, 0, 9.2229e-78, 

68, 86, 0, 6.44984e-77, 

68, 87, 0, 4.54183e-76, 

68, 88, 0, 3.21951e-75, 

68, 89, 0, 2.29764e-74, 

68, 90, 0, 1.65136e-73, 

68, 91, 0, 1.19551e-72, 

68, 92, 0, 8.71678e-72, 

68, 93, 0, 6.39715e-71, 

68, 94, 0, 4.72016e-70, 

68, 95, 0, 3.49612e-69, 

68, 96, 0, 2.59459e-68, 

68, 97, 0, 1.92559e-67, 

68, 98, 0, 1.42654e-66, 

68, 99, 0, 1.05334e-65, 

68, 100, 0, 7.74301e-65, 

68, 101, 0, 5.66173e-64, 

68, 102, 0, 4.11521e-63, 

68, 103, 0, 2.97091e-62, 

68, 104, 0, 2.12757e-61, 

68, 105, 0, 1.50809e-60, 

68, 106, 0, 1.05446e-59, 

68, 107, 0, 7.23609e-59, 

68, 108, 0, 4.84014e-58, 

68, 109, 0, 3.1276e-57, 

68, 110, 0, 1.93072e-56, 

68, 111, 0, 1.12331e-55, 

68, 112, 0, 6.06066e-55, 

68, 113, 0, 2.97432e-54, 

68, 114, 0, 1.29711e-53, 

68, 115, 0, 4.88319e-53, 

68, 116, 0, 1.52769e-52, 

68, 117, 0, 3.75886e-52, 

68, 118, 0, 6.61791e-52, 

68, 119, 0, 6.61791e-52, 

69, 0, 0, 1.00079e-47, 

69, 1, 0, 1.00079e-47, 

69, 2, 0, 5.76142e-48, 

69, 3, 0, 2.38878e-48, 

69, 4, 0, 7.82128e-49, 

69, 5, 0, 2.13382e-49, 

69, 6, 0, 5.0343e-50, 

69, 7, 0, 1.05657e-50, 

69, 8, 0, 2.01799e-51, 

69, 9, 0, 3.57447e-52, 

69, 10, 0, 5.96619e-53, 

69, 11, 0, 9.51087e-54, 

69, 12, 0, 1.46447e-54, 

69, 13, 0, 2.19843e-55, 

69, 14, 0, 3.24167e-56, 

69, 15, 0, 4.72268e-57, 

69, 16, 0, 6.82778e-58, 

69, 17, 0, 9.82701e-59, 

69, 18, 0, 1.41112e-59, 

69, 19, 0, 2.02455e-60, 

69, 20, 0, 2.90475e-61, 

69, 21, 0, 4.17e-62, 

69, 22, 0, 5.99151e-63, 

69, 23, 0, 8.61704e-64, 

69, 24, 0, 1.24048e-64, 

69, 25, 0, 1.78713e-65, 

69, 26, 0, 2.57596e-66, 

69, 27, 0, 3.71346e-67, 

69, 28, 0, 5.35202e-68, 

69, 29, 0, 7.7097e-69, 

69, 30, 0, 1.10997e-69, 

69, 31, 0, 1.59758e-70, 

69, 32, 0, 2.30038e-71, 

69, 33, 0, 3.31775e-72, 

69, 34, 0, 4.80097e-73, 

69, 35, 0, 6.98522e-74, 

69, 36, 0, 1.02439e-74, 

69, 37, 0, 1.5182e-75, 

69, 38, 0, 2.28002e-76, 

69, 39, 0, 3.47859e-77, 

69, 40, 0, 5.40407e-78, 

69, 41, 0, 8.56542e-79, 

69, 42, 0, 1.3873e-79, 

69, 43, 0, 2.29883e-80, 

69, 44, 0, 3.90041e-81, 

69, 45, 0, 6.77947e-82, 

69, 46, 0, 1.20746e-82, 

69, 47, 0, 2.20441e-83, 

69, 48, 0, 4.13254e-84, 

69, 49, 0, 8.01724e-85, 

69, 50, 0, 1.6578e-85, 

69, 51, 0, 4.0184e-86, 

69, 52, 0, 1.39785e-86, 

69, 53, 0, 7.96571e-87, 

69, 54, 0, 6.44106e-87, 

69, 55, 0, 6.1582e-87, 

69, 56, 0, 6.39681e-87, 

69, 57, 0, 6.97584e-87, 

69, 58, 0, 7.83776e-87, 

69, 59, 0, 8.95356e-87, 

69, 60, 0, 1.02983e-86, 

69, 61, 0, 1.18456e-86, 

69, 62, 0, 1.35673e-86, 

69, 63, 0, 1.54338e-86, 

69, 64, 0, 1.74082e-86, 

69, 65, 0, 1.94348e-86, 

69, 66, 0, 2.14218e-86, 

69, 67, 0, 2.3226e-86, 

69, 68, 0, 2.46509e-86, 

69, 69, 0, 2.54711e-86, 

69, 70, 0, 2.55088e-86, 

69, 71, 0, 2.4857e-86, 

69, 72, 0, 2.483e-86, 

69, 73, 0, 3.31707e-86, 

69, 74, 0, 9.45248e-86, 

69, 75, 0, 4.71661e-85, 

69, 76, 0, 2.73766e-84, 

69, 77, 0, 1.647e-83, 

69, 78, 0, 1.01074e-82, 

69, 79, 0, 6.32355e-82, 

69, 80, 0, 4.03488e-81, 

69, 81, 0, 2.62422e-80, 

69, 82, 0, 1.73703e-79, 

69, 83, 0, 1.1677e-78, 

69, 84, 0, 7.95381e-78, 

69, 85, 0, 5.47805e-77, 

69, 86, 0, 3.80858e-76, 

69, 87, 0, 2.66995e-75, 

69, 88, 0, 1.8862e-74, 

69, 89, 0, 1.34252e-73, 

69, 90, 0, 9.6263e-73, 

69, 91, 0, 6.95234e-72, 

69, 92, 0, 5.05508e-71, 

69, 93, 0, 3.6971e-70, 

69, 94, 0, 2.71612e-69, 

69, 95, 0, 2.001e-68, 

69, 96, 0, 1.47546e-67, 

69, 97, 0, 1.0868e-66, 

69, 98, 0, 7.98297e-66, 

69, 99, 0, 5.83947e-65, 

69, 100, 0, 4.24972e-64, 

69, 101, 0, 3.07512e-63, 

69, 102, 0, 2.21154e-62, 

69, 103, 0, 1.57983e-61, 

69, 104, 0, 1.11981e-60, 

69, 105, 0, 7.85996e-60, 

69, 106, 0, 5.44496e-59, 

69, 107, 0, 3.70431e-58, 

69, 108, 0, 2.45795e-57, 

69, 109, 0, 1.57653e-56, 

69, 110, 0, 9.66576e-56, 

69, 111, 0, 5.58823e-55, 

69, 112, 0, 2.99753e-54, 

69, 113, 0, 1.4632e-53, 

69, 114, 0, 6.34992e-53, 

69, 115, 0, 2.38005e-52, 

69, 116, 0, 7.41751e-52, 

69, 117, 0, 1.81945e-51, 

69, 118, 0, 3.19685e-51, 

69, 119, 0, 3.19685e-51, 

70, 0, 0, 4.68198e-47, 

70, 1, 0, 4.68198e-47, 

70, 2, 0, 2.703e-47, 

70, 3, 0, 1.12523e-47, 

70, 4, 0, 3.70171e-48, 

70, 5, 0, 1.01521e-48, 

70, 6, 0, 2.40868e-49, 

70, 7, 0, 5.08527e-50, 

70, 8, 0, 9.77317e-51, 

70, 9, 0, 1.74243e-51, 

70, 10, 0, 2.92829e-52, 

70, 11, 0, 4.70199e-53, 

70, 12, 0, 7.29611e-54, 

70, 13, 0, 1.10439e-54, 

70, 14, 0, 1.64313e-55, 

70, 15, 0, 2.41716e-56, 

70, 16, 0, 3.53148e-57, 

70, 17, 0, 5.14041e-58, 

70, 18, 0, 7.47038e-59, 

70, 19, 0, 1.08528e-59, 

70, 20, 0, 1.57718e-60, 

70, 21, 0, 2.29325e-61, 

70, 22, 0, 3.33597e-62, 

70, 23, 0, 4.85374e-63, 

70, 24, 0, 7.06059e-64, 

70, 25, 0, 1.02639e-64, 

70, 26, 0, 1.49026e-65, 

70, 27, 0, 2.16018e-66, 

70, 28, 0, 3.12485e-67, 

70, 29, 0, 4.51037e-68, 

70, 30, 0, 6.49705e-69, 

70, 31, 0, 9.34564e-70, 

70, 32, 0, 1.34395e-70, 

70, 33, 0, 1.9354e-71, 

70, 34, 0, 2.7973e-72, 

70, 35, 0, 4.06862e-73, 

70, 36, 0, 5.97314e-74, 

70, 37, 0, 8.87939e-75, 

70, 38, 0, 1.34078e-75, 

70, 39, 0, 2.06259e-76, 

70, 40, 0, 3.24096e-77, 

70, 41, 0, 5.2126e-78, 

70, 42, 0, 8.59449e-79, 

70, 43, 0, 1.45401e-79, 

70, 44, 0, 2.52479e-80, 

70, 45, 0, 4.49857e-81, 

70, 46, 0, 8.21911e-82, 

70, 47, 0, 1.53909e-82, 

70, 48, 0, 2.95862e-83, 

70, 49, 0, 5.89744e-84, 

70, 50, 0, 1.26712e-84, 

70, 51, 0, 3.29703e-85, 

70, 52, 0, 1.27695e-85, 

70, 53, 0, 7.90334e-86, 

70, 54, 0, 6.5918e-86, 

70, 55, 0, 6.34082e-86, 

70, 56, 0, 6.57742e-86, 

70, 57, 0, 7.15006e-86, 

70, 58, 0, 8.0079e-86, 

70, 59, 0, 9.12487e-86, 

70, 60, 0, 1.04789e-85, 

70, 61, 0, 1.20467e-85, 

70, 62, 0, 1.38028e-85, 

70, 63, 0, 1.57192e-85, 

70, 64, 0, 1.77589e-85, 

70, 65, 0, 1.98636e-85, 

70, 66, 0, 2.19367e-85, 

70, 67, 0, 2.38278e-85, 

70, 68, 0, 2.53305e-85, 

70, 69, 0, 2.62072e-85, 

70, 70, 0, 2.62583e-85, 

70, 71, 0, 2.5495e-85, 

70, 72, 0, 2.47876e-85, 

70, 73, 0, 2.93012e-85, 

70, 74, 0, 6.85199e-85, 

70, 75, 0, 3.14952e-84, 

70, 76, 0, 1.79496e-83, 

70, 77, 0, 1.07052e-82, 

70, 78, 0, 6.50755e-82, 

70, 79, 0, 4.02565e-81, 

70, 80, 0, 2.53658e-80, 

70, 81, 0, 1.62834e-79, 

70, 82, 0, 1.06412e-78, 

70, 83, 0, 7.06867e-78, 

70, 84, 0, 4.76408e-77, 

70, 85, 0, 3.25168e-76, 

70, 86, 0, 2.24404e-75, 

70, 87, 0, 1.56395e-74, 

70, 88, 0, 1.09984e-73, 

70, 89, 0, 7.80062e-73, 

70, 90, 0, 5.57736e-72, 

70, 91, 0, 4.01787e-71, 

70, 92, 0, 2.91388e-70, 

70, 93, 0, 2.12487e-69, 

70, 94, 0, 1.55553e-68, 

70, 95, 0, 1.141e-67, 

70, 96, 0, 8.36865e-67, 

70, 97, 0, 6.12533e-66, 

70, 98, 0, 4.46642e-65, 

70, 99, 0, 3.24026e-64, 

70, 100, 0, 2.33686e-63, 

70, 101, 0, 1.67469e-62, 

70, 102, 0, 1.19233e-61, 

70, 103, 0, 8.43091e-61, 

70, 104, 0, 5.91551e-60, 

70, 105, 0, 4.11112e-59, 

70, 106, 0, 2.82095e-58, 

70, 107, 0, 1.90188e-57, 

70, 108, 0, 1.25129e-56, 

70, 109, 0, 7.96229e-56, 

70, 110, 0, 4.84574e-55, 

70, 111, 0, 2.78237e-54, 

70, 112, 0, 1.483e-53, 

70, 113, 0, 7.19664e-53, 

70, 114, 0, 3.10644e-52, 

70, 115, 0, 1.15874e-51, 

70, 116, 0, 3.59621e-51, 

70, 117, 0, 8.7917e-51, 

70, 118, 0, 1.54138e-50, 

70, 119, 0, 1.54138e-50, 

71, 0, 0, 2.18633e-46, 

71, 1, 0, 2.18633e-46, 

71, 2, 0, 1.26565e-46, 

71, 3, 0, 5.28953e-47, 

71, 4, 0, 1.74835e-47, 

71, 5, 0, 4.82044e-48, 

71, 6, 0, 1.15032e-48, 

71, 7, 0, 2.4437e-49, 

71, 8, 0, 4.72754e-50, 

71, 9, 0, 8.48788e-51, 

71, 10, 0, 1.43711e-51, 

71, 11, 0, 2.32595e-52, 

71, 12, 0, 3.63993e-53, 

71, 13, 0, 5.55997e-54, 

71, 14, 0, 8.35325e-55, 

71, 15, 0, 1.24172e-55, 

71, 16, 0, 1.83444e-56, 

71, 17, 0, 2.70165e-57, 

71, 18, 0, 3.97422e-58, 

71, 19, 0, 5.84564e-59, 

71, 20, 0, 8.60066e-60, 

71, 21, 0, 1.26563e-60, 

71, 22, 0, 1.862e-61, 

71, 23, 0, 2.73714e-62, 

71, 24, 0, 4.0176e-63, 

71, 25, 0, 5.88423e-64, 

71, 26, 0, 8.59393e-65, 

71, 27, 0, 1.25098e-65, 

71, 28, 0, 1.81444e-66, 

71, 29, 0, 2.62223e-67, 

71, 30, 0, 3.77776e-68, 

71, 31, 0, 5.43068e-69, 

71, 32, 0, 7.80206e-70, 

71, 33, 0, 1.12264e-70, 

71, 34, 0, 1.62231e-71, 

71, 35, 0, 2.36199e-72, 

71, 36, 0, 3.47701e-73, 

71, 37, 0, 5.19402e-74, 

71, 38, 0, 7.90177e-75, 

71, 39, 0, 1.22827e-75, 

71, 40, 0, 1.95622e-76, 

71, 41, 0, 3.19902e-77, 

71, 42, 0, 5.37863e-78, 

71, 43, 0, 9.30223e-79, 

71, 44, 0, 1.65424e-79, 

71, 45, 0, 3.0214e-80, 

71, 46, 0, 5.65863e-81, 

71, 47, 0, 1.08537e-81, 

71, 48, 0, 2.13614e-82, 

71, 49, 0, 4.37247e-83, 

71, 50, 0, 9.79063e-84, 

71, 51, 0, 2.75397e-84, 

71, 52, 0, 1.18484e-84, 

71, 53, 0, 7.85947e-85, 

71, 54, 0, 6.71054e-85, 

71, 55, 0, 6.47928e-85, 

71, 56, 0, 6.7069e-85, 

71, 57, 0, 7.26519e-85, 

71, 58, 0, 8.10908e-85, 

71, 59, 0, 9.21563e-85, 

71, 60, 0, 1.05662e-84, 

71, 61, 0, 1.21412e-84, 

71, 62, 0, 1.3919e-84, 

71, 63, 0, 1.58736e-84, 

71, 64, 0, 1.79685e-84, 

71, 65, 0, 2.01433e-84, 

71, 66, 0, 2.22968e-84, 

71, 67, 0, 2.42711e-84, 

71, 68, 0, 2.58506e-84, 

71, 69, 0, 2.67863e-84, 

71, 70, 0, 2.68615e-84, 

71, 71, 0, 2.60315e-84, 

71, 72, 0, 2.4869e-84, 

71, 73, 0, 2.68112e-84, 

71, 74, 0, 5.12175e-84, 

71, 75, 0, 2.10758e-83, 

71, 76, 0, 1.17309e-82, 

71, 77, 0, 6.94471e-82, 

71, 78, 0, 4.19007e-81, 

71, 79, 0, 2.56713e-80, 

71, 80, 0, 1.59899e-79, 

71, 81, 0, 1.01346e-78, 

71, 82, 0, 6.53646e-78, 

71, 83, 0, 4.28664e-77, 

71, 84, 0, 2.85486e-76, 

71, 85, 0, 1.92806e-75, 

71, 86, 0, 1.31864e-74, 

71, 87, 0, 9.12218e-74, 

71, 88, 0, 6.37744e-73, 

71, 89, 0, 4.50244e-72, 

71, 90, 0, 3.20768e-71, 

71, 91, 0, 2.30409e-70, 

71, 92, 0, 1.66673e-69, 

71, 93, 0, 1.21232e-68, 

71, 94, 0, 8.84988e-68, 

71, 95, 0, 6.46965e-67, 

71, 96, 0, 4.72577e-66, 

71, 97, 0, 3.44186e-65, 

71, 98, 0, 2.49495e-64, 

71, 99, 0, 1.79768e-63, 

71, 100, 0, 1.28651e-62, 

71, 101, 0, 9.14185e-62, 

71, 102, 0, 6.44993e-61, 

71, 103, 0, 4.51768e-60, 

71, 104, 0, 3.13929e-59, 

71, 105, 0, 2.16071e-58, 

71, 106, 0, 1.46859e-57, 

71, 107, 0, 9.81031e-57, 

71, 108, 0, 6.39762e-56, 

71, 109, 0, 4.0369e-55, 

71, 110, 0, 2.43735e-54, 

71, 111, 0, 1.38907e-53, 

71, 112, 0, 7.35196e-53, 

71, 113, 0, 3.54452e-52, 

71, 114, 0, 1.52082e-51, 

71, 115, 0, 5.64211e-51, 

71, 116, 0, 1.7428e-50, 

71, 117, 0, 4.24448e-50, 

71, 118, 0, 7.42326e-50, 

71, 119, 0, 7.42326e-50, 

72, 0, 0, 1.01992e-45, 

72, 1, 0, 1.01992e-45, 

72, 2, 0, 5.91997e-46, 

72, 3, 0, 2.48387e-46, 

72, 4, 0, 8.24942e-47, 

72, 5, 0, 2.28698e-47, 

72, 6, 0, 5.49074e-48, 

72, 7, 0, 1.17415e-48, 

72, 8, 0, 2.28768e-49, 

72, 9, 0, 4.13866e-50, 

72, 10, 0, 7.06438e-51, 

72, 11, 0, 1.1533e-51, 

72, 12, 0, 1.82154e-52, 

72, 13, 0, 2.80978e-53, 

72, 14, 0, 4.26542e-54, 

72, 15, 0, 6.41021e-55, 

72, 16, 0, 9.57834e-56, 

72, 17, 0, 1.42724e-56, 

72, 18, 0, 2.12449e-57, 

72, 19, 0, 3.16172e-58, 

72, 20, 0, 4.70489e-59, 

72, 21, 0, 6.99792e-60, 

72, 22, 0, 1.03966e-60, 

72, 23, 0, 1.54159e-61, 

72, 24, 0, 2.27948e-62, 

72, 25, 0, 3.35855e-63, 

72, 26, 0, 4.92756e-64, 

72, 27, 0, 7.19583e-65, 

72, 28, 0, 1.04576e-65, 

72, 29, 0, 1.51281e-66, 

72, 30, 0, 2.18003e-67, 

72, 31, 0, 3.13357e-68, 

72, 32, 0, 4.50162e-69, 

72, 33, 0, 6.48014e-70, 

72, 34, 0, 9.37722e-71, 

72, 35, 0, 1.36909e-71, 

72, 36, 0, 2.02481e-72, 

72, 37, 0, 3.04577e-73, 

72, 38, 0, 4.67807e-74, 

72, 39, 0, 7.36235e-75, 

72, 40, 0, 1.19065e-75, 

72, 41, 0, 1.98265e-76, 

72, 42, 0, 3.40281e-77, 

72, 43, 0, 6.01907e-78, 

72, 44, 0, 1.09605e-78, 

72, 45, 0, 2.05043e-79, 

72, 46, 0, 3.93077e-80, 

72, 47, 0, 7.70865e-81, 

72, 48, 0, 1.55075e-81, 

72, 49, 0, 3.25942e-82, 

72, 50, 0, 7.63853e-83, 

72, 51, 0, 2.3391e-83, 

72, 52, 0, 1.11235e-83, 

72, 53, 0, 7.81246e-84, 

72, 54, 0, 6.78882e-84, 

72, 55, 0, 6.56837e-84, 

72, 56, 0, 6.7814e-84, 

72, 57, 0, 7.31845e-84, 

72, 58, 0, 8.13956e-84, 

72, 59, 0, 9.22511e-84, 

72, 60, 0, 1.05604e-83, 

72, 61, 0, 1.21303e-83, 

72, 62, 0, 1.39174e-83, 

72, 63, 0, 1.5899e-83, 

72, 64, 0, 1.80394e-83, 

72, 65, 0, 2.02768e-83, 

72, 66, 0, 2.25052e-83, 

72, 67, 0, 2.45595e-83, 

72, 68, 0, 2.62144e-83, 

72, 69, 0, 2.72105e-83, 

72, 70, 0, 2.7317e-83, 

72, 71, 0, 2.6451e-83, 

72, 72, 0, 2.49885e-83, 

72, 73, 0, 2.52183e-83, 

72, 74, 0, 3.9765e-83, 

72, 75, 0, 1.41647e-82, 

72, 76, 0, 7.62579e-82, 

72, 77, 0, 4.48315e-81, 

72, 78, 0, 2.68988e-80, 

72, 79, 0, 1.63514e-79, 

72, 80, 0, 1.00813e-78, 

72, 81, 0, 6.31333e-78, 

72, 82, 0, 4.01893e-77, 

72, 83, 0, 2.60063e-76, 

72, 84, 0, 1.70973e-75, 

72, 85, 0, 1.14098e-74, 

72, 86, 0, 7.72158e-74, 

72, 87, 0, 5.29416e-73, 

72, 88, 0, 3.67429e-72, 

72, 89, 0, 2.5791e-71, 

72, 90, 0, 1.82928e-70, 

72, 91, 0, 1.30951e-69, 

72, 92, 0, 9.4472e-69, 

72, 93, 0, 6.85578e-68, 

72, 94, 0, 4.9935e-67, 

72, 95, 0, 3.64154e-66, 

72, 96, 0, 2.65224e-65, 

72, 97, 0, 1.92478e-64, 

72, 98, 0, 1.38916e-63, 

72, 99, 0, 9.95682e-63, 

72, 100, 0, 7.08185e-62, 

72, 101, 0, 4.99711e-61, 

72, 102, 0, 3.49831e-60, 

72, 103, 0, 2.42978e-59, 

72, 104, 0, 1.67353e-58, 

72, 105, 0, 1.14138e-57, 

72, 106, 0, 7.68642e-57, 

72, 107, 0, 5.08763e-56, 

72, 108, 0, 3.288e-55, 

72, 109, 0, 2.05661e-54, 

72, 110, 0, 1.23126e-53, 

72, 111, 0, 6.96048e-53, 

72, 112, 0, 3.65573e-52, 

72, 113, 0, 1.74973e-51, 

72, 114, 0, 7.45678e-51, 

72, 115, 0, 2.74936e-50, 

72, 116, 0, 8.44658e-50, 

72, 117, 0, 2.04807e-49, 

72, 118, 0, 3.57162e-49, 

72, 119, 0, 3.57162e-49, 

73, 0, 0, 4.75729e-45, 

73, 1, 0, 4.75729e-45, 

73, 2, 0, 2.76863e-45, 

73, 3, 0, 1.16631e-45, 

73, 4, 0, 3.89285e-46, 

73, 5, 0, 1.08545e-46, 

73, 6, 0, 2.62292e-47, 

73, 7, 0, 5.64883e-48, 

73, 8, 0, 1.1091e-48, 

73, 9, 0, 2.02314e-49, 

73, 10, 0, 3.48398e-50, 

73, 11, 0, 5.7414e-51, 

73, 12, 0, 9.15828e-52, 

73, 13, 0, 1.42745e-52, 

73, 14, 0, 2.19051e-53, 

73, 15, 0, 3.32879e-54, 

73, 16, 0, 5.03049e-55, 

73, 17, 0, 7.58082e-56, 

73, 18, 0, 1.14098e-56, 

73, 19, 0, 1.71613e-57, 

73, 20, 0, 2.5792e-58, 

73, 21, 0, 3.87108e-59, 

73, 22, 0, 5.79742e-60, 

73, 23, 0, 8.6556e-61, 

73, 24, 0, 1.28717e-61, 

73, 25, 0, 1.90509e-62, 

73, 26, 0, 2.80469e-63, 

73, 27, 0, 4.10582e-64, 

73, 28, 0, 5.97688e-65, 

73, 29, 0, 8.65588e-66, 

73, 30, 0, 1.2484e-66, 

73, 31, 0, 1.79604e-67, 

73, 32, 0, 2.5835e-68, 

73, 33, 0, 3.72673e-69, 

73, 34, 0, 5.41047e-70, 

73, 35, 0, 7.93764e-71, 

73, 36, 0, 1.1819e-71, 

73, 37, 0, 1.79393e-72, 

73, 38, 0, 2.78714e-73, 

73, 39, 0, 4.44851e-74, 

73, 40, 0, 7.31471e-75, 

73, 41, 0, 1.24134e-75, 

73, 42, 0, 2.1755e-76, 

73, 43, 0, 3.93477e-77, 

73, 44, 0, 7.33061e-78, 

73, 45, 0, 1.40265e-78, 

73, 46, 0, 2.7473e-79, 

73, 47, 0, 5.49752e-80, 

73, 48, 0, 1.12878e-80, 

73, 49, 0, 2.4382e-81, 

73, 50, 0, 6.01506e-82, 

73, 51, 0, 2.01795e-82, 

73, 52, 0, 1.05302e-82, 

73, 53, 0, 7.74754e-83, 

73, 54, 0, 6.82192e-83, 

73, 55, 0, 6.60635e-83, 

73, 56, 0, 6.80094e-83, 

73, 57, 0, 7.31151e-83, 

73, 58, 0, 8.10273e-83, 

73, 59, 0, 9.15854e-83, 

73, 60, 0, 1.04685e-82, 

73, 61, 0, 1.20226e-82, 

73, 62, 0, 1.38082e-82, 

73, 63, 0, 1.58063e-82, 

73, 64, 0, 1.79831e-82, 

73, 65, 0, 2.02754e-82, 

73, 66, 0, 2.25729e-82, 

73, 67, 0, 2.47029e-82, 

73, 68, 0, 2.64306e-82, 

73, 69, 0, 2.74855e-82, 

73, 70, 0, 2.76255e-82, 

73, 71, 0, 2.6742e-82, 

73, 72, 0, 2.50833e-82, 

73, 73, 0, 2.41836e-82, 

73, 74, 0, 3.22177e-82, 

73, 75, 0, 9.60076e-82, 

73, 76, 0, 4.92042e-81, 

73, 77, 0, 2.86995e-80, 

73, 78, 0, 1.71528e-79, 

73, 79, 0, 1.03649e-78, 

73, 80, 0, 6.33546e-78, 

73, 81, 0, 3.9244e-77, 

73, 82, 0, 2.46699e-76, 

73, 83, 0, 1.57507e-75, 

73, 84, 0, 1.02158e-74, 

73, 85, 0, 6.7298e-74, 

73, 86, 0, 4.50093e-73, 

73, 87, 0, 3.05434e-72, 

73, 88, 0, 2.10158e-71, 

73, 89, 0, 1.46497e-70, 

73, 90, 0, 1.0335e-69, 

73, 91, 0, 7.3687e-69, 

73, 92, 0, 5.30031e-68, 

73, 93, 0, 3.83789e-67, 

73, 94, 0, 2.79037e-66, 

73, 95, 0, 2.03146e-65, 

73, 96, 0, 1.47682e-64, 

73, 97, 0, 1.06932e-63, 

73, 98, 0, 7.69509e-63, 

73, 99, 0, 5.49519e-62, 

73, 100, 0, 3.89073e-61, 

73, 101, 0, 2.73043e-60, 

73, 102, 0, 1.8994e-59, 

73, 103, 0, 1.30985e-58, 

73, 104, 0, 8.9513e-58, 

73, 105, 0, 6.05412e-57, 

73, 106, 0, 4.04157e-56, 

73, 107, 0, 2.65126e-55, 

73, 108, 0, 1.69804e-54, 

73, 109, 0, 1.0526e-53, 

73, 110, 0, 6.24614e-53, 

73, 111, 0, 3.50062e-52, 

73, 112, 0, 1.82325e-51, 

73, 113, 0, 8.65699e-51, 

73, 114, 0, 3.66153e-50, 

73, 115, 0, 1.34064e-49, 

73, 116, 0, 4.09321e-49, 

73, 117, 0, 9.87441e-49, 

73, 118, 0, 1.71618e-48, 

73, 119, 0, 1.71618e-48, 

74, 0, 0, 2.22052e-44, 

74, 1, 0, 2.22052e-44, 

74, 2, 0, 1.29579e-44, 

74, 3, 0, 5.48126e-45, 

74, 4, 0, 1.83908e-45, 

74, 5, 0, 5.15949e-46, 

74, 6, 0, 1.25542e-46, 

74, 7, 0, 2.72455e-47, 

74, 8, 0, 5.39425e-48, 

74, 9, 0, 9.92855e-49, 

74, 10, 0, 1.72618e-49, 

74, 11, 0, 2.87346e-50, 

74, 12, 0, 4.632e-51, 

74, 13, 0, 7.29844e-52, 

74, 14, 0, 1.13244e-52, 

74, 15, 0, 1.7401e-53, 

74, 16, 0, 2.65855e-54, 

74, 17, 0, 4.04887e-55, 

74, 18, 0, 6.1549e-56, 

74, 19, 0, 9.34285e-57, 

74, 20, 0, 1.41577e-57, 

74, 21, 0, 2.14027e-58, 

74, 22, 0, 3.22504e-59, 

74, 23, 0, 4.83954e-60, 

74, 24, 0, 7.22643e-61, 

74, 25, 0, 1.07303e-61, 

74, 26, 0, 1.58371e-62, 

74, 27, 0, 2.32305e-63, 

74, 28, 0, 3.38735e-64, 

74, 29, 0, 4.91344e-65, 

74, 30, 0, 7.09885e-66, 

74, 31, 0, 1.02354e-66, 

74, 32, 0, 1.47661e-67, 

74, 33, 0, 2.13847e-68, 

74, 34, 0, 3.12111e-69, 

74, 35, 0, 4.6107e-70, 

74, 36, 0, 6.92584e-71, 

74, 37, 0, 1.0627e-71, 

74, 38, 0, 1.67276e-72, 

74, 39, 0, 2.71091e-73, 

74, 40, 0, 4.53562e-74, 

74, 41, 0, 7.84634e-75, 

74, 42, 0, 1.40375e-75, 

74, 43, 0, 2.59393e-76, 

74, 44, 0, 4.93771e-77, 

74, 45, 0, 9.64636e-78, 

74, 46, 0, 1.92646e-78, 

74, 47, 0, 3.92585e-79, 

74, 48, 0, 8.21908e-80, 

74, 49, 0, 1.82822e-80, 

74, 50, 0, 4.78278e-81, 

74, 51, 0, 1.76629e-81, 

74, 52, 0, 1.00236e-81, 

74, 53, 0, 7.65618e-82, 

74, 54, 0, 6.80914e-82, 

74, 55, 0, 6.59518e-82, 

74, 56, 0, 6.7694e-82, 

74, 57, 0, 7.25018e-82, 

74, 58, 0, 8.00657e-82, 

74, 59, 0, 9.02615e-82, 

74, 60, 0, 1.0303e-81, 

74, 61, 0, 1.18325e-81, 

74, 62, 0, 1.36073e-81, 

74, 63, 0, 1.56127e-81, 

74, 64, 0, 1.7817e-81, 

74, 65, 0, 2.01563e-81, 

74, 66, 0, 2.25158e-81, 

74, 67, 0, 2.47152e-81, 

74, 68, 0, 2.65095e-81, 

74, 69, 0, 2.76177e-81, 

74, 70, 0, 2.77873e-81, 

74, 71, 0, 2.68935e-81, 

74, 72, 0, 2.51044e-81, 

74, 73, 0, 2.34667e-81, 

74, 74, 0, 2.72442e-81, 

74, 75, 0, 6.60628e-81, 

74, 76, 0, 3.1463e-80, 

74, 77, 0, 1.81508e-79, 

74, 78, 0, 1.08193e-78, 

74, 79, 0, 6.51066e-78, 

74, 80, 0, 3.95221e-77, 

74, 81, 0, 2.42496e-76, 

74, 82, 0, 1.50683e-75, 

74, 83, 0, 9.49635e-75, 

74, 84, 0, 6.07605e-74, 

74, 85, 0, 3.94917e-73, 

74, 86, 0, 2.608e-72, 

74, 87, 0, 1.74979e-71, 

74, 88, 0, 1.19229e-70, 

74, 89, 0, 8.2451e-70, 

74, 90, 0, 5.78038e-69, 

74, 91, 0, 4.10208e-68, 

74, 92, 0, 2.94081e-67, 

74, 93, 0, 2.12455e-66, 

74, 94, 0, 1.54228e-65, 

74, 95, 0, 1.12155e-64, 

74, 96, 0, 8.14499e-64, 

74, 97, 0, 5.89039e-63, 

74, 98, 0, 4.23197e-62, 

74, 99, 0, 3.01527e-61, 

74, 100, 0, 2.12836e-60, 

74, 101, 0, 1.48773e-59, 

74, 102, 0, 1.02986e-58, 

74, 103, 0, 7.0607e-58, 

74, 104, 0, 4.79295e-57, 

74, 105, 0, 3.21758e-56, 

74, 106, 0, 2.13069e-55, 

74, 107, 0, 1.38584e-54, 

74, 108, 0, 8.79742e-54, 

74, 109, 0, 5.40429e-53, 

74, 110, 0, 3.17782e-52, 

74, 111, 0, 1.76491e-51, 

74, 112, 0, 9.11067e-51, 

74, 113, 0, 4.2885e-50, 

74, 114, 0, 1.79887e-49, 

74, 115, 0, 6.53554e-49, 

74, 116, 0, 1.98155e-48, 

74, 117, 0, 4.75252e-48, 

74, 118, 0, 8.22751e-48, 

74, 119, 0, 8.22751e-48, 

75, 0, 0, 1.03795e-43, 

75, 1, 0, 1.03795e-43, 

75, 2, 0, 6.0738e-44, 

75, 3, 0, 2.58038e-44, 

75, 4, 0, 8.70564e-45, 

75, 5, 0, 2.45835e-45, 

75, 6, 0, 6.02645e-46, 

75, 7, 0, 1.31874e-46, 

75, 8, 0, 2.6346e-47, 

75, 9, 0, 4.89641e-48, 

75, 10, 0, 8.60076e-49, 

75, 11, 0, 1.44715e-49, 

75, 12, 0, 2.35871e-50, 

75, 13, 0, 3.75835e-51, 

75, 14, 0, 5.89689e-52, 

75, 15, 0, 9.16013e-53, 

75, 16, 0, 1.41406e-53, 

75, 17, 0, 2.17436e-54, 

75, 18, 0, 3.33416e-55, 

75, 19, 0, 5.09974e-56, 

75, 20, 0, 7.77806e-57, 

75, 21, 0, 1.18214e-57, 

75, 22, 0, 1.78898e-58, 

75, 23, 0, 2.69372e-59, 

75, 24, 0, 4.03307e-60, 

75, 25, 0, 6.00156e-61, 

75, 26, 0, 8.87446e-62, 

75, 27, 0, 1.30408e-62, 

75, 28, 0, 1.90522e-63, 

75, 29, 0, 2.76992e-64, 

75, 30, 0, 4.01342e-65, 

75, 31, 0, 5.80785e-66, 

75, 32, 0, 8.41776e-67, 

75, 33, 0, 1.22624e-67, 

75, 34, 0, 1.80271e-68, 

75, 35, 0, 2.68665e-69, 

75, 36, 0, 4.07838e-70, 

75, 37, 0, 6.3355e-71, 

75, 38, 0, 1.01147e-71, 

75, 39, 0, 1.66556e-72, 

75, 40, 0, 2.83604e-73, 

75, 41, 0, 4.99992e-74, 

75, 42, 0, 9.12463e-75, 

75, 43, 0, 1.72061e-75, 

75, 44, 0, 3.34123e-76, 

75, 45, 0, 6.65201e-77, 

75, 46, 0, 1.35182e-77, 

75, 47, 0, 2.80072e-78, 

75, 48, 0, 5.977e-79, 

75, 49, 0, 1.37393e-79, 

75, 50, 0, 3.84443e-80, 

75, 51, 0, 1.56674e-80, 

75, 52, 0, 9.5734e-81, 

75, 53, 0, 7.5354e-81, 

75, 54, 0, 6.75356e-81, 

75, 55, 0, 6.54024e-81, 

75, 56, 0, 6.69392e-81, 

75, 57, 0, 7.14356e-81, 

75, 58, 0, 7.86235e-81, 

75, 59, 0, 8.84156e-81, 

75, 60, 0, 1.00799e-80, 

75, 61, 0, 1.1578e-80, 

75, 62, 0, 1.33342e-80, 

75, 63, 0, 1.53384e-80, 

75, 64, 0, 1.75614e-80, 

75, 65, 0, 1.99385e-80, 

75, 66, 0, 2.23507e-80, 

75, 67, 0, 2.461e-80, 

75, 68, 0, 2.64605e-80, 

75, 69, 0, 2.76107e-80, 

75, 70, 0, 2.77996e-80, 

75, 71, 0, 2.68929e-80, 

75, 72, 0, 2.50117e-80, 

75, 73, 0, 2.28952e-80, 

75, 74, 0, 2.3929e-80, 

75, 75, 0, 4.65701e-80, 

75, 76, 0, 1.99305e-79, 

75, 77, 0, 1.12988e-78, 

75, 78, 0, 6.72044e-78, 

75, 79, 0, 4.03401e-77, 

75, 80, 0, 2.43632e-76, 

75, 81, 0, 1.48319e-75, 

75, 82, 0, 9.12265e-75, 

75, 83, 0, 5.68066e-74, 

75, 84, 0, 3.58738e-73, 

75, 85, 0, 2.30058e-72, 

75, 86, 0, 1.49964e-71, 

75, 87, 0, 9.94156e-71, 

75, 88, 0, 6.70298e-70, 

75, 89, 0, 4.59449e-69, 

75, 90, 0, 3.19839e-68, 

75, 91, 0, 2.25767e-67, 

75, 92, 0, 1.61241e-66, 

75, 93, 0, 1.16195e-65, 

75, 94, 0, 8.42219e-65, 

75, 95, 0, 6.11947e-64, 

75, 96, 0, 4.44198e-63, 

75, 97, 0, 3.21102e-62, 

75, 98, 0, 2.30545e-61, 

75, 99, 0, 1.64077e-60, 

75, 100, 0, 1.15605e-59, 

75, 101, 0, 8.05937e-59, 

75, 102, 0, 5.55887e-58, 

75, 103, 0, 3.79363e-57, 

75, 104, 0, 2.56083e-56, 

75, 105, 0, 1.70797e-55, 

75, 106, 0, 1.12277e-54, 

75, 107, 0, 7.24441e-54, 

75, 108, 0, 4.55968e-53, 

75, 109, 0, 2.7761e-52, 

75, 110, 0, 1.61746e-51, 

75, 111, 0, 8.89983e-51, 

75, 112, 0, 4.55164e-50, 

75, 113, 0, 2.12296e-49, 

75, 114, 0, 8.82638e-49, 

75, 115, 0, 3.17992e-48, 

75, 116, 0, 9.56791e-48, 

75, 117, 0, 2.27997e-47, 

75, 118, 0, 3.92953e-47, 

75, 119, 0, 3.92953e-47, 

76, 0, 0, 4.86187e-43, 

76, 1, 0, 4.86187e-43, 

76, 2, 0, 2.85322e-43, 

76, 3, 0, 1.21765e-43, 

76, 4, 0, 4.13205e-44, 

76, 5, 0, 1.17497e-44, 

76, 6, 0, 2.90338e-45, 

76, 7, 0, 6.40998e-46, 

76, 8, 0, 1.29306e-46, 

76, 9, 0, 2.42821e-47, 

76, 10, 0, 4.3121e-48, 

76, 11, 0, 7.33794e-49, 

76, 12, 0, 1.20982e-49, 

76, 13, 0, 1.94987e-50, 

76, 14, 0, 3.09353e-51, 

76, 15, 0, 4.8562e-52, 

76, 16, 0, 7.56931e-53, 

76, 17, 0, 1.17393e-53, 

76, 18, 0, 1.81338e-54, 

76, 19, 0, 2.79044e-55, 

76, 20, 0, 4.27628e-56, 

76, 21, 0, 6.52279e-57, 

76, 22, 0, 9.89742e-58, 

76, 23, 0, 1.49318e-58, 

76, 24, 0, 2.23898e-59, 

76, 25, 0, 3.33628e-60, 

76, 26, 0, 4.9405e-61, 

76, 27, 0, 7.27301e-62, 

76, 28, 0, 1.06509e-62, 

76, 29, 0, 1.55333e-63, 

76, 30, 0, 2.25978e-64, 

76, 31, 0, 3.28686e-65, 

76, 32, 0, 4.79389e-66, 

76, 33, 0, 7.03639e-67, 

76, 34, 0, 1.04371e-67, 

76, 35, 0, 1.57169e-68, 

76, 36, 0, 2.41428e-69, 

76, 37, 0, 3.80076e-70, 

76, 38, 0, 6.15834e-71, 

76, 39, 0, 1.03058e-71, 

76, 40, 0, 1.78555e-72, 

76, 41, 0, 3.20606e-73, 

76, 42, 0, 5.96238e-74, 

76, 43, 0, 1.14577e-74, 

76, 44, 0, 2.26602e-75, 

76, 45, 0, 4.58899e-76, 

76, 46, 0, 9.47232e-77, 

76, 47, 0, 1.99267e-77, 

76, 48, 0, 4.33765e-78, 

76, 49, 0, 1.03582e-78, 

76, 50, 0, 3.12896e-79, 

76, 51, 0, 1.40658e-79, 

76, 52, 0, 9.16042e-80, 

76, 53, 0, 7.38669e-80, 

76, 54, 0, 6.66125e-80, 

76, 55, 0, 6.44932e-80, 

76, 56, 0, 6.58375e-80, 

76, 57, 0, 7.00258e-80, 

76, 58, 0, 7.68292e-80, 

76, 59, 0, 8.61967e-80, 

76, 60, 0, 9.81599e-80, 

76, 61, 0, 1.12778e-79, 

76, 62, 0, 1.30089e-79, 

76, 63, 0, 1.50038e-79, 

76, 64, 0, 1.72358e-79, 

76, 65, 0, 1.96399e-79, 

76, 66, 0, 2.20928e-79, 

76, 67, 0, 2.4398e-79, 

76, 68, 0, 2.62892e-79, 

76, 69, 0, 2.74643e-79, 

76, 70, 0, 2.76558e-79, 

76, 71, 0, 2.67258e-79, 

76, 72, 0, 2.47715e-79, 

76, 73, 0, 2.23449e-79, 

76, 74, 0, 2.16427e-79, 

76, 75, 0, 3.39758e-79, 

76, 76, 0, 1.25299e-78, 

76, 77, 0, 6.89979e-78, 

76, 78, 0, 4.09295e-77, 

76, 79, 0, 2.4541e-76, 

76, 80, 0, 1.47723e-75, 

76, 81, 0, 8.9395e-75, 

76, 82, 0, 5.45195e-74, 

76, 83, 0, 3.35928e-73, 

76, 84, 0, 2.09607e-72, 

76, 85, 0, 1.32715e-71, 

76, 86, 0, 8.54109e-71, 

76, 87, 0, 5.59376e-70, 

76, 88, 0, 3.73036e-69, 

76, 89, 0, 2.53293e-68, 

76, 90, 0, 1.74972e-67, 

76, 91, 0, 1.22774e-66, 

76, 92, 0, 8.7306e-66, 

76, 93, 0, 6.27339e-65, 

76, 94, 0, 4.53937e-64, 

76, 95, 0, 3.29549e-63, 

76, 96, 0, 2.39146e-62, 

76, 97, 0, 1.72871e-61, 

76, 98, 0, 1.24111e-60, 

76, 99, 0, 8.82966e-60, 

76, 100, 0, 6.21551e-59, 

76, 101, 0, 4.32592e-58, 

76, 102, 0, 2.97611e-57, 

76, 103, 0, 2.02381e-56, 

76, 104, 0, 1.35988e-55, 

76, 105, 0, 9.01908e-55, 

76, 106, 0, 5.89014e-54, 

76, 107, 0, 3.7725e-53, 

76, 108, 0, 2.35529e-52, 

76, 109, 0, 1.42163e-51, 

76, 110, 0, 8.20814e-51, 

76, 111, 0, 4.47443e-50, 

76, 112, 0, 2.26681e-49, 

76, 113, 0, 1.04735e-48, 

76, 114, 0, 4.31443e-48, 

76, 115, 0, 1.54072e-47, 

76, 116, 0, 4.59824e-47, 

76, 117, 0, 1.08812e-46, 

76, 118, 0, 1.86626e-46, 

76, 119, 0, 1.86626e-46, 

77, 0, 0, 2.28347e-42, 

77, 1, 0, 2.28347e-42, 

77, 2, 0, 1.34403e-42, 

77, 3, 0, 5.76286e-43, 

77, 4, 0, 1.96759e-43, 

77, 5, 0, 5.63622e-44, 

77, 6, 0, 1.40455e-44, 

77, 7, 0, 3.13031e-45, 

77, 8, 0, 6.37999e-46, 

77, 9, 0, 1.21133e-46, 

77, 10, 0, 2.17602e-47, 

77, 11, 0, 3.74688e-48, 

77, 12, 0, 6.251e-49, 

77, 13, 0, 1.01918e-49, 

77, 14, 0, 1.63479e-50, 

77, 15, 0, 2.59229e-51, 

77, 16, 0, 4.07675e-52, 

77, 17, 0, 6.3706e-53, 

77, 18, 0, 9.90063e-54, 

77, 19, 0, 1.53055e-54, 

77, 20, 0, 2.35318e-55, 

77, 21, 0, 3.59703e-56, 

77, 22, 0, 5.46499e-57, 

77, 23, 0, 8.25116e-58, 

77, 24, 0, 1.23799e-58, 

77, 25, 0, 1.84615e-59, 

77, 26, 0, 2.73725e-60, 

77, 27, 0, 4.03747e-61, 

77, 28, 0, 5.92969e-62, 

77, 29, 0, 8.68218e-63, 

77, 30, 0, 1.26958e-63, 

77, 31, 0, 1.85843e-64, 

77, 32, 0, 2.73134e-65, 

77, 33, 0, 4.045e-66, 

77, 34, 0, 6.06153e-67, 

77, 35, 0, 9.23313e-68, 

77, 36, 0, 1.43641e-68, 

77, 37, 0, 2.29287e-69, 

77, 38, 0, 3.77115e-70, 

77, 39, 0, 6.41263e-71, 

77, 40, 0, 1.12992e-71, 

77, 41, 0, 2.06466e-72, 

77, 42, 0, 3.90858e-73, 

77, 43, 0, 7.64398e-74, 

77, 44, 0, 1.53726e-74, 

77, 45, 0, 3.16132e-75, 

77, 46, 0, 6.61776e-76, 

77, 47, 0, 1.41256e-76, 

77, 48, 0, 3.14201e-77, 

77, 49, 0, 7.84976e-78, 

77, 50, 0, 2.58311e-78, 

77, 51, 0, 1.27634e-78, 

77, 52, 0, 8.77321e-79, 

77, 53, 0, 7.21463e-79, 

77, 54, 0, 6.54008e-79, 

77, 55, 0, 6.33141e-79, 

77, 56, 0, 6.4489e-79, 

77, 57, 0, 6.83843e-79, 

77, 58, 0, 7.4809e-79, 

77, 59, 0, 8.37465e-79, 

77, 60, 0, 9.52699e-79, 

77, 61, 0, 1.09488e-78, 

77, 62, 0, 1.26489e-78, 

77, 63, 0, 1.46263e-78, 

77, 64, 0, 1.68567e-78, 

77, 65, 0, 1.92747e-78, 

77, 66, 0, 2.17525e-78, 

77, 67, 0, 2.40854e-78, 

77, 68, 0, 2.59963e-78, 

77, 69, 0, 2.71737e-78, 

77, 70, 0, 2.73459e-78, 

77, 71, 0, 2.63768e-78, 

77, 72, 0, 2.43562e-78, 

77, 73, 0, 2.17285e-78, 

77, 74, 0, 1.99551e-78, 

77, 75, 0, 2.58649e-78, 

77, 76, 0, 7.85905e-78, 

77, 77, 0, 4.12367e-77, 

77, 78, 0, 2.43439e-76, 

77, 79, 0, 1.4595e-75, 

77, 80, 0, 8.77131e-75, 

77, 81, 0, 5.28659e-74, 

77, 82, 0, 3.20325e-73, 

77, 83, 0, 1.95663e-72, 

77, 84, 0, 1.2082e-71, 

77, 85, 0, 7.56191e-71, 

77, 86, 0, 4.80851e-70, 

77, 87, 0, 3.11231e-69, 

77, 88, 0, 2.05289e-68, 

77, 89, 0, 1.38044e-67, 

77, 90, 0, 9.45831e-67, 

77, 91, 0, 6.59354e-66, 

77, 92, 0, 4.66579e-65, 

77, 93, 0, 3.34117e-64, 

77, 94, 0, 2.41245e-63, 

77, 95, 0, 1.74938e-62, 

77, 96, 0, 1.26894e-61, 

77, 97, 0, 9.17275e-61, 

77, 98, 0, 6.58636e-60, 

77, 99, 0, 4.68568e-59, 

77, 100, 0, 3.29705e-58, 

77, 101, 0, 2.29233e-57, 

77, 102, 0, 1.57416e-56, 

77, 103, 0, 1.06749e-55, 

77, 104, 0, 7.14575e-55, 

77, 105, 0, 4.71646e-54, 

77, 106, 0, 3.06234e-53, 

77, 107, 0, 1.9482e-52, 

77, 108, 0, 1.20719e-51, 

77, 109, 0, 7.22684e-51, 

77, 110, 0, 4.1363e-50, 

77, 111, 0, 2.23431e-49, 

77, 112, 0, 1.1214e-48, 

77, 113, 0, 5.13275e-48, 

77, 114, 0, 2.09477e-47, 

77, 115, 0, 7.41373e-47, 

77, 116, 0, 2.1942e-46, 

77, 117, 0, 5.15487e-46, 

77, 118, 0, 8.79574e-46, 

77, 119, 0, 8.79574e-46, 

78, 0, 0, 1.07593e-41, 

78, 1, 0, 1.07593e-41, 

78, 2, 0, 6.35205e-42, 

78, 3, 0, 2.73687e-42, 

78, 4, 0, 9.40409e-43, 

78, 5, 0, 2.71464e-43, 

78, 6, 0, 6.82526e-44, 

78, 7, 0, 1.53634e-44, 

78, 8, 0, 3.16534e-45, 

78, 9, 0, 6.0795e-46, 

78, 10, 0, 1.10528e-46, 

78, 11, 0, 1.92651e-47, 

78, 12, 0, 3.25302e-48, 

78, 13, 0, 5.36563e-49, 

78, 14, 0, 8.69977e-50, 

78, 15, 0, 1.39285e-50, 

78, 16, 0, 2.2085e-51, 

78, 17, 0, 3.47401e-52, 

78, 18, 0, 5.42584e-53, 

78, 19, 0, 8.41635e-54, 

78, 20, 0, 1.2966e-54, 

78, 21, 0, 1.98384e-55, 

78, 22, 0, 3.01477e-56, 

78, 23, 0, 4.55141e-57, 

78, 24, 0, 6.82887e-58, 

78, 25, 0, 1.01881e-58, 

78, 26, 0, 1.51238e-59, 

78, 27, 0, 2.23572e-60, 

78, 28, 0, 3.2947e-61, 

78, 29, 0, 4.84675e-62, 

78, 30, 0, 7.13023e-63, 

78, 31, 0, 1.05145e-63, 

78, 32, 0, 1.55876e-64, 

78, 33, 0, 2.33139e-65, 

78, 34, 0, 3.53237e-66, 

78, 35, 0, 5.44604e-67, 

78, 36, 0, 8.58389e-68, 

78, 37, 0, 1.3895e-68, 

78, 38, 0, 2.3195e-69, 

78, 39, 0, 4.00621e-70, 

78, 40, 0, 7.17467e-71, 

78, 41, 0, 1.33304e-71, 

78, 42, 0, 2.56618e-72, 

78, 43, 0, 5.10111e-73, 

78, 44, 0, 1.04166e-73, 

78, 45, 0, 2.17207e-74, 

78, 46, 0, 4.60575e-75, 

78, 47, 0, 9.97453e-76, 

78, 48, 0, 2.27421e-76, 

78, 49, 0, 5.99665e-77, 

78, 50, 0, 2.16607e-77, 

78, 51, 0, 1.16895e-77, 

78, 52, 0, 8.40579e-78, 

78, 53, 0, 7.02544e-78, 

78, 54, 0, 6.39842e-78, 

78, 55, 0, 6.19541e-78, 

78, 56, 0, 6.29871e-78, 

78, 57, 0, 6.66118e-78, 

78, 58, 0, 7.26724e-78, 

78, 59, 0, 8.1184e-78, 

78, 60, 0, 9.22572e-78, 

78, 61, 0, 1.06044e-77, 

78, 62, 0, 1.2268e-77, 

78, 63, 0, 1.42192e-77, 

78, 64, 0, 1.64361e-77, 

78, 65, 0, 1.88524e-77, 

78, 66, 0, 2.13358e-77, 

78, 67, 0, 2.36734e-77, 

78, 68, 0, 2.55782e-77, 

78, 69, 0, 2.67309e-77, 

78, 70, 0, 2.68587e-77, 

78, 71, 0, 2.58322e-77, 

78, 72, 0, 2.37463e-77, 

78, 73, 0, 2.09888e-77, 

78, 74, 0, 1.85791e-77, 

78, 75, 0, 2.06018e-77, 

78, 76, 0, 4.96689e-77, 

78, 77, 0, 2.41038e-76, 

78, 78, 0, 1.40951e-75, 

78, 79, 0, 8.45389e-75, 

78, 80, 0, 5.08042e-74, 

78, 81, 0, 3.0557e-73, 

78, 82, 0, 1.84347e-72, 

78, 83, 0, 1.1187e-71, 

78, 84, 0, 6.84986e-71, 

78, 85, 0, 4.24517e-70, 

78, 86, 0, 2.67071e-69, 

78, 87, 0, 1.70984e-68, 

78, 88, 0, 1.11598e-67, 

78, 89, 0, 7.43211e-67, 

78, 90, 0, 5.04943e-66, 

78, 91, 0, 3.49546e-65, 

78, 92, 0, 2.45988e-64, 

78, 93, 0, 1.75433e-63, 

78, 94, 0, 1.26312e-62, 

78, 95, 0, 9.14344e-62, 

78, 96, 0, 6.62611e-61, 

78, 97, 0, 4.78791e-60, 

78, 98, 0, 3.4375e-59, 

78, 99, 0, 2.44527e-58, 

78, 100, 0, 1.72001e-57, 

78, 101, 0, 1.1949e-56, 

78, 102, 0, 8.1934e-56, 

78, 103, 0, 5.54349e-55, 

78, 104, 0, 3.6989e-54, 

78, 105, 0, 2.43122e-53, 

78, 106, 0, 1.57044e-52, 

78, 107, 0, 9.93035e-52, 

78, 108, 0, 6.11094e-51, 

78, 109, 0, 3.63055e-50, 

78, 110, 0, 2.06097e-49, 

78, 111, 0, 1.10368e-48, 

78, 112, 0, 5.49004e-48, 

78, 113, 0, 2.4901e-47, 

78, 114, 0, 1.0071e-46, 

78, 115, 0, 3.53304e-46, 

78, 116, 0, 1.03706e-45, 

78, 117, 0, 2.41879e-45, 

78, 118, 0, 4.10561e-45, 

78, 119, 0, 4.10561e-45, 

79, 0, 0, 5.08876e-41, 

79, 1, 0, 5.08876e-41, 

79, 2, 0, 3.01353e-41, 

79, 3, 0, 1.30492e-41, 

79, 4, 0, 4.51343e-42, 

79, 5, 0, 1.31333e-42, 

79, 6, 0, 3.33272e-43, 

79, 7, 0, 7.57986e-44, 

79, 8, 0, 1.57937e-44, 

79, 9, 0, 3.06986e-45, 

79, 10, 0, 5.65055e-46, 

79, 11, 0, 9.97225e-47, 

79, 12, 0, 1.7045e-47, 

79, 13, 0, 2.84406e-48, 

79, 14, 0, 4.66001e-49, 

79, 15, 0, 7.52931e-50, 

79, 16, 0, 1.20287e-50, 

79, 17, 0, 1.90312e-51, 

79, 18, 0, 2.98439e-52, 

79, 19, 0, 4.64054e-53, 

79, 20, 0, 7.1569e-54, 

79, 21, 0, 1.09514e-54, 

79, 22, 0, 1.66346e-55, 

79, 23, 0, 2.5098e-56, 

79, 24, 0, 3.76443e-57, 

79, 25, 0, 5.61801e-58, 

79, 26, 0, 8.35053e-59, 

79, 27, 0, 1.23752e-59, 

79, 28, 0, 1.83069e-60, 

79, 29, 0, 2.70727e-61, 

79, 30, 0, 4.00939e-62, 

79, 31, 0, 5.95997e-63, 

79, 32, 0, 8.91779e-64, 

79, 33, 0, 1.34773e-64, 

79, 34, 0, 2.06539e-65, 

79, 35, 0, 3.22367e-66, 

79, 36, 0, 5.14802e-67, 

79, 37, 0, 8.44935e-68, 

79, 38, 0, 1.43109e-68, 

79, 39, 0, 2.5095e-69, 

79, 40, 0, 4.56516e-70, 

79, 41, 0, 8.61819e-71, 

79, 42, 0, 1.68549e-71, 

79, 43, 0, 3.4017e-72, 

79, 44, 0, 7.04436e-73, 

79, 45, 0, 1.48754e-73, 

79, 46, 0, 3.19247e-74, 

79, 47, 0, 7.01972e-75, 

79, 48, 0, 1.64819e-75, 

79, 49, 0, 4.63335e-76, 

79, 50, 0, 1.84632e-76, 

79, 51, 0, 1.07907e-76, 

79, 52, 0, 8.0554e-77, 

79, 53, 0, 6.82549e-77, 

79, 54, 0, 6.24392e-77, 

79, 55, 0, 6.04898e-77, 

79, 56, 0, 6.14091e-77, 

79, 57, 0, 6.47874e-77, 

79, 58, 0, 7.05021e-77, 

79, 59, 0, 7.85965e-77, 

79, 60, 0, 8.92132e-77, 

79, 61, 0, 1.02541e-76, 

79, 62, 0, 1.18753e-76, 

79, 63, 0, 1.3791e-76, 

79, 64, 0, 1.59808e-76, 

79, 65, 0, 1.83774e-76, 

79, 66, 0, 2.08439e-76, 

79, 67, 0, 2.31596e-76, 

79, 68, 0, 2.50291e-76, 

79, 69, 0, 2.61275e-76, 

79, 70, 0, 2.61848e-76, 

79, 71, 0, 2.50839e-76, 

79, 72, 0, 2.2933e-76, 

79, 73, 0, 2.00954e-76, 

79, 74, 0, 1.73324e-76, 

79, 75, 0, 1.70935e-76, 

79, 76, 0, 3.20981e-76, 

79, 77, 0, 1.38091e-75, 

79, 78, 0, 7.92865e-75, 

79, 79, 0, 4.75593e-74, 

79, 80, 0, 2.86185e-73, 

79, 81, 0, 1.72102e-72, 

79, 82, 0, 1.03605e-71, 

79, 83, 0, 6.26083e-71, 

79, 84, 0, 3.81008e-70, 

79, 85, 0, 2.34299e-69, 

79, 86, 0, 1.46086e-68, 

79, 87, 0, 9.2631e-68, 

79, 88, 0, 5.98736e-67, 

79, 89, 0, 3.95044e-66, 

79, 90, 0, 2.66127e-65, 

79, 91, 0, 1.8287e-64, 

79, 92, 0, 1.27904e-63, 

79, 93, 0, 9.07736e-63, 

79, 94, 0, 6.51165e-62, 

79, 95, 0, 4.70116e-61, 

79, 96, 0, 3.40074e-60, 

79, 97, 0, 2.45445e-59, 

79, 98, 0, 1.76083e-58, 

79, 99, 0, 1.2518e-57, 

79, 100, 0, 8.7992e-57, 

79, 101, 0, 6.10688e-56, 

79, 102, 0, 4.18133e-55, 

79, 103, 0, 2.82303e-54, 

79, 104, 0, 1.87825e-53, 

79, 105, 0, 1.22995e-52, 

79, 106, 0, 7.90849e-52, 

79, 107, 0, 4.97367e-51, 

79, 108, 0, 3.04174e-50, 

79, 109, 0, 1.79468e-49, 

79, 110, 0, 1.01119e-48, 

79, 111, 0, 5.37226e-48, 

79, 112, 0, 2.65032e-47, 

79, 113, 0, 1.19199e-46, 

79, 114, 0, 4.78032e-46, 

79, 115, 0, 1.66318e-45, 

79, 116, 0, 4.84391e-45, 

79, 117, 0, 1.12197e-44, 

79, 118, 0, 1.89474e-44, 

79, 119, 0, 1.89474e-44, 

80, 0, 0, 2.41722e-40, 

80, 1, 0, 2.41722e-40, 

80, 2, 0, 1.43592e-40, 

80, 3, 0, 6.24964e-41, 

80, 4, 0, 2.17629e-41, 

80, 5, 0, 6.38504e-42, 

80, 6, 0, 1.63582e-42, 

80, 7, 0, 3.76038e-43, 

80, 8, 0, 7.92657e-44, 

80, 9, 0, 1.55967e-44, 

80, 10, 0, 2.90716e-45, 

80, 11, 0, 5.19552e-46, 

80, 12, 0, 8.98914e-47, 

80, 13, 0, 1.51702e-47, 

80, 14, 0, 2.51107e-48, 

80, 15, 0, 4.09248e-49, 

80, 16, 0, 6.58348e-50, 

80, 17, 0, 1.04692e-50, 

80, 18, 0, 1.6472e-51, 

80, 19, 0, 2.56574e-52, 

80, 20, 0, 3.95885e-53, 

80, 21, 0, 6.05524e-54, 

80, 22, 0, 9.18969e-55, 

80, 23, 0, 1.38534e-55, 

80, 24, 0, 2.07698e-56, 

80, 25, 0, 3.10081e-57, 

80, 26, 0, 4.6157e-58, 

80, 27, 0, 6.85915e-59, 

80, 28, 0, 1.01893e-59, 

80, 29, 0, 1.51529e-60, 

80, 30, 0, 2.25989e-61, 

80, 31, 0, 3.38737e-62, 

80, 32, 0, 5.11674e-63, 

80, 33, 0, 7.81456e-64, 

80, 34, 0, 1.21131e-64, 

80, 35, 0, 1.91383e-65, 

80, 36, 0, 3.09599e-66, 

80, 37, 0, 5.15083e-67, 

80, 38, 0, 8.84889e-68, 

80, 39, 0, 1.57477e-68, 

80, 40, 0, 2.90854e-69, 

80, 41, 0, 5.5755e-70, 

80, 42, 0, 1.10692e-70, 

80, 43, 0, 2.26591e-71, 

80, 44, 0, 4.75316e-72, 

80, 45, 0, 1.0154e-72, 

80, 46, 0, 2.20469e-73, 

80, 47, 0, 4.92972e-74, 

80, 48, 0, 1.19939e-74, 

80, 49, 0, 3.63315e-75, 

80, 50, 0, 1.59952e-75, 

80, 51, 0, 1.00264e-75, 

80, 52, 0, 7.72077e-76, 

80, 53, 0, 6.62024e-76, 

80, 54, 0, 6.08262e-76, 

80, 55, 0, 5.89783e-76, 

80, 56, 0, 5.9809e-76, 

80, 57, 0, 6.2964e-76, 

80, 58, 0, 6.83505e-76, 

80, 59, 0, 7.60367e-76, 

80, 60, 0, 8.61909e-76, 

80, 61, 0, 9.90308e-76, 

80, 62, 0, 1.14759e-75, 

80, 63, 0, 1.33459e-75, 

80, 64, 0, 1.54938e-75, 

80, 65, 0, 1.78507e-75, 

80, 66, 0, 2.02754e-75, 

80, 67, 0, 2.25404e-75, 

80, 68, 0, 2.43435e-75, 

80, 69, 0, 2.53581e-75, 

80, 70, 0, 2.53214e-75, 

80, 71, 0, 2.41333e-75, 

80, 72, 0, 2.19212e-75, 

80, 73, 0, 1.90426e-75, 

80, 74, 0, 1.61112e-75, 

80, 75, 0, 1.46292e-75, 

80, 76, 0, 2.15762e-75, 

80, 77, 0, 7.80363e-75, 

80, 78, 0, 4.33175e-74, 

80, 79, 0, 2.59462e-73, 

80, 80, 0, 1.56495e-72, 

80, 81, 0, 9.4262e-72, 

80, 82, 0, 5.67466e-71, 

80, 83, 0, 3.42295e-70, 

80, 84, 0, 2.07537e-69, 

80, 85, 0, 1.26929e-68, 

80, 86, 0, 7.8594e-68, 

80, 87, 0, 4.94388e-67, 

80, 88, 0, 3.16827e-66, 

80, 89, 0, 2.07237e-65, 

80, 90, 0, 1.3845e-64, 

80, 91, 0, 9.44113e-64, 

80, 92, 0, 6.55894e-63, 

80, 93, 0, 4.62823e-62, 

80, 94, 0, 3.30442e-61, 

80, 95, 0, 2.37667e-60, 

80, 96, 0, 1.71419e-59, 

80, 97, 0, 1.23438e-58, 

80, 98, 0, 8.83959e-58, 

80, 99, 0, 6.27477e-57, 

80, 100, 0, 4.40445e-56, 

80, 101, 0, 3.05217e-55, 

80, 102, 0, 2.08605e-54, 

80, 103, 0, 1.40526e-53, 

80, 104, 0, 9.3235e-53, 

80, 105, 0, 6.0844e-52, 

80, 106, 0, 3.89609e-51, 

80, 107, 0, 2.43846e-50, 

80, 108, 0, 1.48312e-49, 

80, 109, 0, 8.69754e-49, 

80, 110, 0, 4.86828e-48, 

80, 111, 0, 2.56834e-47, 

80, 112, 0, 1.25781e-46, 

80, 113, 0, 5.61482e-46, 

80, 114, 0, 2.23485e-45, 

80, 115, 0, 7.7182e-45, 

80, 116, 0, 2.23209e-44, 

80, 117, 0, 5.1376e-44, 

80, 118, 0, 8.63549e-44, 

80, 119, 0, 8.63549e-44, 

81, 0, 0, 1.1538e-39, 

81, 1, 0, 1.1538e-39, 

81, 2, 0, 6.8757e-40, 

81, 3, 0, 3.0082e-40, 

81, 4, 0, 1.05483e-40, 

81, 5, 0, 3.12103e-41, 

81, 6, 0, 8.07452e-42, 

81, 7, 0, 1.87649e-42, 

81, 8, 0, 4.00238e-43, 

81, 9, 0, 7.97341e-44, 

81, 10, 0, 1.50512e-44, 

81, 11, 0, 2.72377e-45, 

81, 12, 0, 4.76948e-46, 

81, 13, 0, 8.13857e-47, 

81, 14, 0, 1.36034e-47, 

81, 15, 0, 2.23516e-48, 

81, 16, 0, 3.61852e-49, 

81, 17, 0, 5.78024e-50, 

81, 18, 0, 9.11965e-51, 

81, 19, 0, 1.4223e-51, 

81, 20, 0, 2.19476e-52, 

81, 21, 0, 3.35473e-53, 

81, 22, 0, 5.08626e-54, 

81, 23, 0, 7.6609e-55, 

81, 24, 0, 1.14817e-55, 

81, 25, 0, 1.71505e-56, 

81, 26, 0, 2.55718e-57, 

81, 27, 0, 3.8114e-58, 

81, 28, 0, 5.68664e-59, 

81, 29, 0, 8.50579e-60, 

81, 30, 0, 1.2776e-60, 

81, 31, 0, 1.93104e-61, 

81, 32, 0, 2.94455e-62, 

81, 33, 0, 4.54402e-63, 

81, 34, 0, 7.1231e-64, 

81, 35, 0, 1.13899e-64, 

81, 36, 0, 1.86606e-65, 

81, 37, 0, 3.14631e-66, 

81, 38, 0, 5.48128e-67, 

81, 39, 0, 9.89711e-68, 

81, 40, 0, 1.85526e-68, 

81, 41, 0, 3.60948e-69, 

81, 42, 0, 7.26923e-70, 

81, 43, 0, 1.50791e-70, 

81, 44, 0, 3.20084e-71, 

81, 45, 0, 6.91154e-72, 

81, 46, 0, 1.51825e-72, 

81, 47, 0, 3.46093e-73, 

81, 48, 0, 8.79382e-74, 

81, 49, 0, 2.89946e-74, 

81, 50, 0, 1.40697e-74, 

81, 51, 0, 9.36565e-75, 

81, 52, 0, 7.40093e-75, 

81, 53, 0, 6.41353e-75, 

81, 54, 0, 5.91847e-75, 

81, 55, 0, 5.74538e-75, 

81, 56, 0, 5.82161e-75, 

81, 57, 0, 6.11669e-75, 

81, 58, 0, 6.62405e-75, 

81, 59, 0, 7.35253e-75, 

81, 60, 0, 8.32093e-75, 

81, 61, 0, 9.55306e-75, 

81, 62, 0, 1.10711e-74, 

81, 63, 0, 1.2885e-74, 

81, 64, 0, 1.49754e-74, 

81, 65, 0, 1.72718e-74, 

81, 66, 0, 1.96288e-74, 

81, 67, 0, 2.18135e-74, 

81, 68, 0, 2.352e-74, 

81, 69, 0, 2.44241e-74, 

81, 70, 0, 2.42749e-74, 

81, 71, 0, 2.29939e-74, 

81, 72, 0, 2.07308e-74, 

81, 73, 0, 1.78461e-74, 

81, 74, 0, 1.48697e-74, 

81, 75, 0, 1.27665e-74, 

81, 76, 0, 1.52949e-74, 

81, 77, 0, 4.40435e-74, 

81, 78, 0, 2.3035e-73, 

81, 79, 0, 1.37273e-72, 

81, 80, 0, 8.30346e-72, 

81, 81, 0, 5.01725e-71, 

81, 82, 0, 3.02658e-70, 

81, 83, 0, 1.82651e-69, 

81, 84, 0, 1.10603e-68, 

81, 85, 0, 6.74377e-68, 

81, 86, 0, 4.156e-67, 

81, 87, 0, 2.59829e-66, 

81, 88, 0, 1.6532e-65, 

81, 89, 0, 1.07297e-64, 

81, 90, 0, 7.11139e-64, 

81, 91, 0, 4.81182e-63, 

81, 92, 0, 3.31858e-62, 

81, 93, 0, 2.32627e-61, 

81, 94, 0, 1.6512e-60, 

81, 95, 0, 1.18162e-59, 

81, 96, 0, 8.48582e-59, 

81, 97, 0, 6.08833e-58, 

81, 98, 0, 4.34639e-57, 

81, 99, 0, 3.07691e-56, 

81, 100, 0, 2.15446e-55, 

81, 101, 0, 1.48945e-54, 

81, 102, 0, 1.01552e-53, 

81, 103, 0, 6.82307e-53, 

81, 104, 0, 4.51367e-52, 

81, 105, 0, 2.93576e-51, 

81, 106, 0, 1.87277e-50, 

81, 107, 0, 1.16711e-49, 

81, 108, 0, 7.0649e-49, 

81, 109, 0, 4.12161e-48, 

81, 110, 0, 2.29413e-47, 

81, 111, 0, 1.20317e-46, 

81, 112, 0, 5.85625e-46, 

81, 113, 0, 2.59782e-45, 

81, 114, 0, 1.02748e-44, 

81, 115, 0, 3.52644e-44, 

81, 116, 0, 1.01378e-43, 

81, 117, 0, 2.32088e-43, 

81, 118, 0, 3.88512e-43, 

81, 119, 0, 3.88512e-43, 

82, 0, 0, 5.53694e-39, 

82, 1, 0, 5.53694e-39, 

82, 2, 0, 3.3102e-39, 

82, 3, 0, 1.45602e-39, 

82, 4, 0, 5.14202e-40, 

82, 5, 0, 1.53463e-40, 

82, 6, 0, 4.01003e-41, 

82, 7, 0, 9.42266e-42, 

82, 8, 0, 2.03374e-42, 

82, 9, 0, 4.102e-43, 

82, 10, 0, 7.84086e-44, 

82, 11, 0, 1.43649e-44, 

82, 12, 0, 2.54483e-45, 

82, 13, 0, 4.38871e-46, 

82, 14, 0, 7.40337e-47, 

82, 15, 0, 1.22565e-47, 

82, 16, 0, 1.99566e-48, 

82, 17, 0, 3.20054e-49, 

82, 18, 0, 5.06132e-50, 

82, 19, 0, 7.90103e-51, 

82, 20, 0, 1.2191e-51, 

82, 21, 0, 1.86208e-52, 

82, 22, 0, 2.82059e-53, 

82, 23, 0, 4.24534e-54, 

82, 24, 0, 6.36186e-55, 

82, 25, 0, 9.51016e-56, 

82, 26, 0, 1.42066e-56, 

82, 27, 0, 2.12414e-57, 

82, 28, 0, 3.18347e-58, 

82, 29, 0, 4.7894e-59, 

82, 30, 0, 7.24481e-60, 

82, 31, 0, 1.10406e-60, 

82, 32, 0, 1.69917e-61, 

82, 33, 0, 2.649e-62, 

82, 34, 0, 4.19859e-63, 

82, 35, 0, 6.79345e-64, 

82, 36, 0, 1.12709e-64, 

82, 37, 0, 1.92578e-65, 

82, 38, 0, 3.40201e-66, 

82, 39, 0, 6.23185e-67, 

82, 40, 0, 1.18537e-67, 

82, 41, 0, 2.3396e-68, 

82, 42, 0, 4.77642e-69, 

82, 43, 0, 1.00313e-69, 

82, 44, 0, 2.15264e-70, 

82, 45, 0, 4.69507e-71, 

82, 46, 0, 1.04391e-71, 

82, 47, 0, 2.4347e-72, 

82, 48, 0, 6.52033e-73, 

82, 49, 0, 2.35947e-73, 

82, 50, 0, 1.25453e-73, 

82, 51, 0, 8.78474e-74, 

82, 52, 0, 7.09447e-74, 

82, 53, 0, 6.20731e-74, 

82, 54, 0, 5.75328e-74, 

82, 55, 0, 5.59284e-74, 

82, 56, 0, 5.66367e-74, 

82, 57, 0, 5.93979e-74, 

82, 58, 0, 6.41701e-74, 

82, 59, 0, 7.10577e-74, 

82, 60, 0, 8.02619e-74, 

82, 61, 0, 9.20332e-74, 

82, 62, 0, 1.06603e-73, 

82, 63, 0, 1.24076e-73, 

82, 64, 0, 1.44252e-73, 

82, 65, 0, 1.66405e-73, 

82, 66, 0, 1.89046e-73, 

82, 67, 0, 2.09813e-73, 

82, 68, 0, 2.25643e-73, 

82, 69, 0, 2.33364e-73, 

82, 70, 0, 2.30639e-73, 

82, 71, 0, 2.16927e-73, 

82, 72, 0, 1.93958e-73, 

82, 73, 0, 1.65393e-73, 

82, 74, 0, 1.36022e-73, 

82, 75, 0, 1.12478e-73, 

82, 76, 0, 1.14831e-73, 

82, 77, 0, 2.53179e-73, 

82, 78, 0, 1.19883e-72, 

82, 79, 0, 7.05647e-72, 

82, 80, 0, 4.27969e-71, 

82, 81, 0, 2.59725e-70, 

82, 82, 0, 1.57271e-69, 

82, 83, 0, 9.51556e-69, 

82, 84, 0, 5.76786e-68, 

82, 85, 0, 3.51423e-67, 

82, 86, 0, 2.16025e-66, 

82, 87, 0, 1.3449e-65, 

82, 88, 0, 8.50903e-65, 

82, 89, 0, 5.48563e-64, 

82, 90, 0, 3.60888e-63, 

82, 91, 0, 2.42311e-62, 

82, 92, 0, 1.65833e-61, 

82, 93, 0, 1.15386e-60, 

82, 94, 0, 8.13336e-60, 

82, 95, 0, 5.78322e-59, 

82, 96, 0, 4.12926e-58, 

82, 97, 0, 2.94729e-57, 

82, 98, 0, 2.09432e-56, 

82, 99, 0, 1.47648e-55, 

82, 100, 0, 1.02995e-54, 

82, 101, 0, 7.09572e-54, 

82, 102, 0, 4.82198e-53, 

82, 103, 0, 3.22935e-52, 

82, 104, 0, 2.12934e-51, 

82, 105, 0, 1.38028e-50, 

82, 106, 0, 8.77363e-50, 

82, 107, 0, 5.447e-49, 

82, 108, 0, 3.28394e-48, 

82, 109, 0, 1.90763e-47, 

82, 110, 0, 1.05702e-46, 

82, 111, 0, 5.51768e-46, 

82, 112, 0, 2.67273e-45, 

82, 113, 0, 1.17982e-44, 

82, 114, 0, 4.64357e-44, 

82, 115, 0, 1.58604e-43, 

82, 116, 0, 4.53844e-43, 

82, 117, 0, 1.03461e-42, 

82, 118, 0, 1.72626e-42, 

82, 119, 0, 1.72626e-42, 

83, 0, 0, 2.67222e-38, 

83, 1, 0, 2.67222e-38, 

83, 2, 0, 1.60291e-38, 

83, 3, 0, 7.08972e-39, 

83, 4, 0, 2.52218e-39, 

83, 5, 0, 7.59423e-40, 

83, 6, 0, 2.00452e-40, 

83, 7, 0, 4.76274e-41, 

83, 8, 0, 1.04019e-41, 

83, 9, 0, 2.12378e-42, 

83, 10, 0, 4.10946e-43, 

83, 11, 0, 7.61851e-44, 

83, 12, 0, 1.3647e-44, 

83, 13, 0, 2.377e-45, 

83, 14, 0, 4.04397e-46, 

83, 15, 0, 6.74082e-47, 

83, 16, 0, 1.10319e-47, 

83, 17, 0, 1.77531e-48, 

83, 18, 0, 2.81287e-49, 

83, 19, 0, 4.39413e-50, 

83, 20, 0, 6.77883e-51, 

83, 21, 0, 1.03474e-51, 

83, 22, 0, 1.56623e-52, 

83, 23, 0, 2.35632e-53, 

83, 24, 0, 3.53166e-54, 

83, 25, 0, 5.28493e-55, 

83, 26, 0, 7.91164e-56, 

83, 27, 0, 1.18687e-56, 

83, 28, 0, 1.78692e-57, 

83, 29, 0, 2.70399e-58, 

83, 30, 0, 4.11894e-59, 

83, 31, 0, 6.32798e-60, 

83, 32, 0, 9.82823e-61, 

83, 33, 0, 1.54776e-61, 

83, 34, 0, 2.48031e-62, 

83, 35, 0, 4.06118e-63, 

83, 36, 0, 6.82402e-64, 

83, 37, 0, 1.18177e-64, 

83, 38, 0, 2.11726e-65, 

83, 39, 0, 3.93486e-66, 

83, 40, 0, 7.59348e-67, 

83, 41, 0, 1.5198e-67, 

83, 42, 0, 3.14307e-68, 

83, 43, 0, 6.67683e-69, 

83, 44, 0, 1.44708e-69, 

83, 45, 0, 3.18636e-70, 

83, 46, 0, 7.17757e-71, 

83, 47, 0, 1.72093e-71, 

83, 48, 0, 4.90713e-72, 

83, 49, 0, 1.95906e-72, 

83, 50, 0, 1.13156e-72, 

83, 51, 0, 8.26511e-73, 

83, 52, 0, 6.79931e-73, 

83, 53, 0, 6.00179e-73, 

83, 54, 0, 5.58699e-73, 

83, 55, 0, 5.43952e-73, 

83, 56, 0, 5.50587e-73, 

83, 57, 0, 5.76403e-73, 

83, 58, 0, 6.21191e-73, 

83, 59, 0, 6.86114e-73, 

83, 60, 0, 7.7326e-73, 

83, 61, 0, 8.85175e-73, 

83, 62, 0, 1.02418e-72, 

83, 63, 0, 1.19127e-72, 

83, 64, 0, 1.38433e-72, 

83, 65, 0, 1.59586e-72, 

83, 66, 0, 1.81073e-72, 

83, 67, 0, 2.00521e-72, 

83, 68, 0, 2.14903e-72, 

83, 69, 0, 2.21165e-72, 

83, 70, 0, 2.17184e-72, 

83, 71, 0, 2.02684e-72, 

83, 72, 0, 1.79613e-72, 

83, 73, 0, 1.51668e-72, 

83, 74, 0, 1.23281e-72, 

83, 75, 0, 9.93643e-73, 

83, 76, 0, 9.07113e-73, 

83, 77, 0, 1.51992e-72, 

83, 78, 0, 6.16836e-72, 

83, 79, 0, 3.53847e-71, 

83, 80, 0, 2.14861e-70, 

83, 81, 0, 1.31063e-69, 

83, 82, 0, 7.97756e-69, 

83, 83, 0, 4.84772e-68, 

83, 84, 0, 2.94726e-67, 

83, 85, 0, 1.79812e-66, 

83, 86, 0, 1.10481e-65, 

83, 87, 0, 6.86222e-65, 

83, 88, 0, 4.32412e-64, 

83, 89, 0, 2.7723e-63, 

83, 90, 0, 1.81168e-62, 

83, 91, 0, 1.20734e-61, 

83, 92, 0, 8.19753e-61, 

83, 93, 0, 5.65799e-60, 

83, 94, 0, 3.95661e-59, 

83, 95, 0, 2.79188e-58, 

83, 96, 0, 1.97904e-57, 

83, 97, 0, 1.40306e-56, 

83, 98, 0, 9.90816e-56, 

83, 99, 0, 6.94552e-55, 

83, 100, 0, 4.81993e-54, 

83, 101, 0, 3.30495e-53, 

83, 102, 0, 2.2362e-52, 

83, 103, 0, 1.49162e-51, 

83, 104, 0, 9.79847e-51, 

83, 105, 0, 6.32885e-50, 

83, 106, 0, 4.00897e-49, 

83, 107, 0, 2.48045e-48, 

83, 108, 0, 1.49037e-47, 

83, 109, 0, 8.62812e-47, 

83, 110, 0, 4.76456e-46, 

83, 111, 0, 2.47858e-45, 

83, 112, 0, 1.19649e-44, 

83, 113, 0, 5.26361e-44, 

83, 114, 0, 2.06467e-43, 

83, 115, 0, 7.02876e-43, 

83, 116, 0, 2.00489e-42, 

83, 117, 0, 4.5571e-42, 

83, 118, 0, 7.58581e-42, 

83, 119, 0, 7.58581e-42, 

84, 0, 0, 1.29708e-37, 

84, 1, 0, 1.29708e-37, 

84, 2, 0, 7.80793e-38, 

84, 3, 0, 3.47358e-38, 

84, 4, 0, 1.24515e-38, 

84, 5, 0, 3.78315e-39, 

84, 6, 0, 1.00882e-39, 

84, 7, 0, 2.42364e-40, 

84, 8, 0, 5.35519e-41, 

84, 9, 0, 1.10643e-41, 

84, 10, 0, 2.16614e-42, 

84, 11, 0, 4.06096e-43, 

84, 12, 0, 7.34959e-44, 

84, 13, 0, 1.29179e-44, 

84, 14, 0, 2.21448e-45, 

84, 15, 0, 3.71344e-46, 

84, 16, 0, 6.10387e-47, 

84, 17, 0, 9.85047e-48, 

84, 18, 0, 1.5631e-48, 

84, 19, 0, 2.44296e-49, 

84, 20, 0, 3.76797e-50, 

84, 21, 0, 5.74849e-51, 

84, 22, 0, 8.69682e-52, 

84, 23, 0, 1.30822e-52, 

84, 24, 0, 1.96177e-53, 

84, 25, 0, 2.93972e-54, 

84, 26, 0, 4.41143e-55, 

84, 27, 0, 6.64126e-56, 

84, 28, 0, 1.00461e-56, 

84, 29, 0, 1.52917e-57, 

84, 30, 0, 2.34581e-58, 

84, 31, 0, 3.6334e-59, 

84, 32, 0, 5.69551e-60, 

84, 33, 0, 9.06202e-61, 

84, 34, 0, 1.46868e-61, 

84, 35, 0, 2.43442e-62, 

84, 36, 0, 4.14464e-63, 

84, 37, 0, 7.2779e-64, 

84, 38, 0, 1.3228e-64, 

84, 39, 0, 2.49443e-65, 

84, 40, 0, 4.88295e-66, 

84, 41, 0, 9.90536e-67, 

84, 42, 0, 2.07345e-67, 

84, 43, 0, 4.45078e-68, 

84, 44, 0, 9.73325e-69, 

84, 45, 0, 2.16289e-69, 

84, 46, 0, 4.94363e-70, 

84, 47, 0, 1.22589e-70, 

84, 48, 0, 3.76049e-71, 

84, 49, 0, 1.65861e-71, 

84, 50, 0, 1.03024e-71, 

84, 51, 0, 7.79222e-72, 

84, 52, 0, 6.51279e-72, 

84, 53, 0, 5.79585e-72, 

84, 54, 0, 5.41815e-72, 

84, 55, 0, 5.28344e-72, 

84, 56, 0, 5.34574e-72, 

84, 57, 0, 5.5866e-72, 

84, 58, 0, 6.00572e-72, 

84, 59, 0, 6.61555e-72, 

84, 60, 0, 7.43721e-72, 

84, 61, 0, 8.4959e-72, 

84, 62, 0, 9.81413e-72, 

84, 63, 0, 1.14004e-71, 

84, 64, 0, 1.32319e-71, 

84, 65, 0, 1.52314e-71, 

84, 66, 0, 1.72464e-71, 

84, 67, 0, 1.90411e-71, 

84, 68, 0, 2.03205e-71, 

84, 69, 0, 2.07954e-71, 

84, 70, 0, 2.0278e-71, 

84, 71, 0, 1.87678e-71, 

84, 72, 0, 1.6478e-71, 

84, 73, 0, 1.37775e-71, 

84, 74, 0, 1.10787e-71, 

84, 75, 0, 8.76885e-72, 

84, 76, 0, 7.44407e-72, 

84, 77, 0, 9.7577e-72, 

84, 78, 0, 3.1894e-71, 

84, 79, 0, 1.74206e-70, 

84, 80, 0, 1.05534e-69, 

84, 81, 0, 6.47114e-69, 

84, 82, 0, 3.96316e-68, 

84, 83, 0, 2.42197e-67, 

84, 84, 0, 1.47924e-66, 

84, 85, 0, 9.05274e-66, 

84, 86, 0, 5.5695e-65, 

84, 87, 0, 3.45723e-64, 

84, 88, 0, 2.17301e-63, 

84, 89, 0, 1.38719e-62, 

84, 90, 0, 9.01245e-62, 

84, 91, 0, 5.96391e-61, 

84, 92, 0, 4.0174e-60, 

84, 93, 0, 2.74948e-59, 

84, 94, 0, 1.90603e-58, 

84, 95, 0, 1.33327e-57, 

84, 96, 0, 9.37081e-57, 

84, 97, 0, 6.5894e-56, 

84, 98, 0, 4.6175e-55, 

84, 99, 0, 3.21358e-54, 

84, 100, 0, 2.21536e-53, 

84, 101, 0, 1.50988e-52, 

84, 102, 0, 1.01606e-51, 

84, 103, 0, 6.74444e-51, 

84, 104, 0, 4.41114e-50, 

84, 105, 0, 2.8381e-49, 

84, 106, 0, 1.79153e-48, 

84, 107, 0, 1.105e-47, 

84, 108, 0, 6.6205e-47, 

84, 109, 0, 3.82281e-46, 

84, 110, 0, 2.10594e-45, 

84, 111, 0, 1.09308e-44, 

84, 112, 0, 5.26559e-44, 

84, 113, 0, 2.31187e-43, 

84, 114, 0, 9.05146e-43, 

84, 115, 0, 3.07591e-42, 

84, 116, 0, 8.75891e-42, 

84, 117, 0, 1.98772e-41, 

84, 118, 0, 3.30435e-41, 

84, 119, 0, 3.30435e-41, 

85, 0, 0, 6.33018e-37, 

85, 1, 0, 6.33018e-37, 

85, 2, 0, 3.82502e-37, 

85, 3, 0, 1.71217e-37, 

85, 4, 0, 6.18618e-38, 

85, 5, 0, 1.89705e-38, 

85, 6, 0, 5.11094e-39, 

85, 7, 0, 1.24143e-39, 

85, 8, 0, 2.77429e-40, 

85, 9, 0, 5.79735e-41, 

85, 10, 0, 1.14755e-41, 

85, 11, 0, 2.17364e-42, 

85, 12, 0, 3.97056e-43, 

85, 13, 0, 7.0348e-44, 

85, 14, 0, 1.21384e-44, 

85, 15, 0, 2.04564e-45, 

85, 16, 0, 3.3742e-46, 

85, 17, 0, 5.45694e-47, 

85, 18, 0, 8.66806e-48, 

85, 19, 0, 1.35501e-48, 

85, 20, 0, 2.08936e-49, 

85, 21, 0, 3.18622e-50, 

85, 22, 0, 4.81915e-51, 

85, 23, 0, 7.25061e-52, 

85, 24, 0, 1.08824e-52, 

85, 25, 0, 1.6336e-53, 

85, 26, 0, 2.4582e-54, 

85, 27, 0, 3.71505e-55, 

85, 28, 0, 5.64791e-56, 

85, 29, 0, 8.65023e-57, 

85, 30, 0, 1.33678e-57, 

85, 31, 0, 2.08827e-58, 

85, 32, 0, 3.30538e-59, 

85, 33, 0, 5.31652e-60, 

85, 34, 0, 8.72018e-61, 

85, 35, 0, 1.46429e-61, 

85, 36, 0, 2.52773e-62, 

85, 37, 0, 4.50336e-63, 

85, 38, 0, 8.30697e-64, 

85, 39, 0, 1.5896e-64, 

85, 40, 0, 3.15566e-65, 

85, 41, 0, 6.48418e-66, 

85, 42, 0, 1.37257e-66, 

85, 43, 0, 2.97401e-67, 

85, 44, 0, 6.55638e-68, 

85, 45, 0, 1.47015e-68, 

85, 46, 0, 3.41723e-69, 

85, 47, 0, 8.82818e-70, 

85, 48, 0, 2.94139e-70, 

85, 49, 0, 1.42949e-70, 

85, 50, 0, 9.44804e-71, 

85, 51, 0, 7.3547e-71, 

85, 52, 0, 6.23203e-71, 

85, 53, 0, 5.58762e-71, 

85, 54, 0, 5.24456e-71, 

85, 55, 0, 5.12194e-71, 

85, 56, 0, 5.18027e-71, 

85, 57, 0, 5.40424e-71, 

85, 58, 0, 5.79507e-71, 

85, 59, 0, 6.36577e-71, 

85, 60, 0, 7.13722e-71, 

85, 61, 0, 8.13379e-71, 

85, 62, 0, 9.37656e-71, 

85, 63, 0, 1.08722e-70, 

85, 64, 0, 1.25954e-70, 

85, 65, 0, 1.44676e-70, 

85, 66, 0, 1.63361e-70, 

85, 67, 0, 1.79694e-70, 

85, 68, 0, 1.90838e-70, 

85, 69, 0, 1.94101e-70, 

85, 70, 0, 1.87872e-70, 

85, 71, 0, 1.72402e-70, 

85, 72, 0, 1.49962e-70, 

85, 73, 0, 1.24174e-70, 

85, 74, 0, 9.88647e-71, 

85, 75, 0, 7.72095e-71, 

85, 76, 0, 6.26526e-71, 

85, 77, 0, 6.78163e-71, 

85, 78, 0, 1.69662e-70, 

85, 79, 0, 8.49898e-70, 

85, 80, 0, 5.10072e-69, 

85, 81, 0, 3.14154e-68, 

85, 82, 0, 1.93669e-67, 

85, 83, 0, 1.19128e-66, 

85, 84, 0, 7.31738e-66, 

85, 85, 0, 4.49779e-65, 

85, 86, 0, 2.77469e-64, 

85, 87, 0, 1.72378e-63, 

85, 88, 0, 1.08221e-62, 

85, 89, 0, 6.88701e-62, 

85, 90, 0, 4.45259e-61, 

85, 91, 0, 2.92762e-60, 

85, 92, 0, 1.9571e-59, 

85, 93, 0, 1.32805e-58, 

85, 94, 0, 9.12291e-58, 

85, 95, 0, 6.32168e-57, 

85, 96, 0, 4.40123e-56, 

85, 97, 0, 3.06614e-55, 

85, 98, 0, 2.12933e-54, 

85, 99, 0, 1.46933e-53, 

85, 100, 0, 1.0049e-52, 

85, 101, 0, 6.79927e-52, 

85, 102, 0, 4.54565e-51, 

85, 103, 0, 2.99991e-50, 

85, 104, 0, 1.95222e-49, 

85, 105, 0, 1.25066e-48, 

85, 106, 0, 7.86621e-48, 

85, 107, 0, 4.83731e-47, 

85, 108, 0, 2.89117e-46, 

85, 109, 0, 1.66615e-45, 

85, 110, 0, 9.16435e-45, 

85, 111, 0, 4.75099e-44, 

85, 112, 0, 2.28653e-43, 

85, 113, 0, 1.00321e-42, 

85, 114, 0, 3.92576e-42, 

85, 115, 0, 1.33355e-41, 

85, 116, 0, 3.79615e-41, 

85, 117, 0, 8.61196e-41, 

85, 118, 0, 1.43109e-40, 

85, 119, 0, 1.43109e-40, 

86, 0, 0, 3.10363e-36, 

86, 1, 0, 3.10363e-36, 

86, 2, 0, 1.88317e-36, 

86, 3, 0, 8.48508e-37, 

86, 4, 0, 3.09119e-37, 

86, 5, 0, 9.56982e-38, 

86, 6, 0, 2.605e-38, 

86, 7, 0, 6.39611e-39, 

86, 8, 0, 1.44506e-39, 

86, 9, 0, 3.05212e-40, 

86, 10, 0, 6.10288e-41, 

86, 11, 0, 1.1667e-41, 

86, 12, 0, 2.14848e-42, 

86, 13, 0, 3.83222e-43, 

86, 14, 0, 6.64736e-44, 

86, 15, 0, 1.12454e-44, 

86, 16, 0, 1.85949e-45, 

86, 17, 0, 3.01128e-46, 

86, 18, 0, 4.78539e-47, 

86, 19, 0, 7.47963e-48, 

86, 20, 0, 1.15286e-48, 

86, 21, 0, 1.75744e-49, 

86, 22, 0, 2.65801e-50, 

86, 23, 0, 4.00118e-51, 

86, 24, 0, 6.01307e-52, 

86, 25, 0, 9.0464e-53, 

86, 26, 0, 1.36571e-53, 

86, 27, 0, 2.07302e-54, 

86, 28, 0, 3.16913e-55, 

86, 29, 0, 4.88685e-56, 

86, 30, 0, 7.61308e-57, 

86, 31, 0, 1.20046e-57, 

86, 32, 0, 1.92044e-58, 

86, 33, 0, 3.12584e-59, 

86, 34, 0, 5.19427e-60, 

86, 35, 0, 8.84535e-61, 

86, 36, 0, 1.54962e-61, 

86, 37, 0, 2.80296e-62, 

86, 38, 0, 5.24939e-63, 

86, 39, 0, 1.01936e-63, 

86, 40, 0, 2.05144e-64, 

86, 41, 0, 4.2666e-65, 

86, 42, 0, 9.12401e-66, 

86, 43, 0, 1.99334e-66, 

86, 44, 0, 4.42623e-67, 

86, 45, 0, 1.00169e-67, 

86, 46, 0, 2.37524e-68, 

86, 47, 0, 6.44743e-69, 

86, 48, 0, 2.35128e-69, 

86, 49, 0, 1.25131e-69, 

86, 50, 0, 8.711e-70, 

86, 51, 0, 6.9438e-70, 

86, 52, 0, 5.95428e-70, 

86, 53, 0, 5.37502e-70, 

86, 54, 0, 5.06386e-70, 

86, 55, 0, 4.95231e-70, 

86, 56, 0, 5.00648e-70, 

86, 57, 0, 5.21385e-70, 

86, 58, 0, 5.57696e-70, 

86, 59, 0, 6.10906e-70, 

86, 60, 0, 6.83048e-70, 

86, 61, 0, 7.7643e-70, 

86, 62, 0, 8.92971e-70, 

86, 63, 0, 1.0331e-69, 

86, 64, 0, 1.19406e-69, 

86, 65, 0, 1.36785e-69, 

86, 66, 0, 1.53936e-69, 

86, 67, 0, 1.68612e-69, 

86, 68, 0, 1.7812e-69, 

86, 69, 0, 1.79997e-69, 

86, 70, 0, 1.72902e-69, 

86, 71, 0, 1.57317e-69, 

86, 72, 0, 1.35598e-69, 

86, 73, 0, 1.11248e-69, 

86, 74, 0, 8.77799e-70, 

86, 75, 0, 6.7856e-70, 

86, 76, 0, 5.35764e-70, 

86, 77, 0, 5.08167e-70, 

86, 78, 0, 9.5576e-70, 

86, 79, 0, 4.16216e-69, 

86, 80, 0, 2.44291e-68, 

86, 81, 0, 1.50809e-67, 

86, 82, 0, 9.35677e-67, 

86, 83, 0, 5.79504e-66, 

86, 84, 0, 3.58203e-65, 

86, 85, 0, 2.21324e-64, 

86, 86, 0, 1.37041e-63, 

86, 87, 0, 8.53e-63, 

86, 88, 0, 5.35498e-62, 

86, 89, 0, 3.40093e-61, 

86, 90, 0, 2.19016e-60, 

86, 91, 0, 1.43196e-59, 

86, 92, 0, 9.50494e-59, 

86, 93, 0, 6.39683e-58, 

86, 94, 0, 4.35437e-57, 

86, 95, 0, 2.98823e-56, 

86, 96, 0, 2.05975e-55, 

86, 97, 0, 1.42059e-54, 

86, 98, 0, 9.7684e-54, 

86, 99, 0, 6.67672e-53, 

86, 100, 0, 4.52546e-52, 

86, 101, 0, 3.03666e-51, 

86, 102, 0, 2.01499e-50, 

86, 103, 0, 1.32102e-49, 

86, 104, 0, 8.54792e-49, 

86, 105, 0, 5.45011e-48, 

86, 106, 0, 3.41475e-47, 

86, 107, 0, 2.0936e-46, 

86, 108, 0, 1.24852e-45, 

86, 109, 0, 7.18396e-45, 

86, 110, 0, 3.94766e-44, 

86, 111, 0, 2.04564e-43, 

86, 112, 0, 9.84489e-43, 

86, 113, 0, 4.32077e-42, 

86, 114, 0, 1.69175e-41, 

86, 115, 0, 5.75089e-41, 

86, 116, 0, 1.63836e-40, 

86, 117, 0, 3.71946e-40, 

86, 118, 0, 6.18357e-40, 

86, 119, 0, 6.18357e-40, 

87, 0, 0, 1.52666e-35, 

87, 1, 0, 1.52666e-35, 

87, 2, 0, 9.30557e-36, 

87, 3, 0, 4.22252e-36, 

87, 4, 0, 1.55169e-36, 

87, 5, 0, 4.85068e-37, 

87, 6, 0, 1.3341e-37, 

87, 7, 0, 3.3103e-38, 

87, 8, 0, 7.55686e-39, 

87, 9, 0, 1.61194e-39, 

87, 10, 0, 3.25255e-40, 

87, 11, 0, 6.26791e-41, 

87, 12, 0, 1.16201e-41, 

87, 13, 0, 2.08372e-42, 

87, 14, 0, 3.6285e-43, 

87, 15, 0, 6.15402e-44, 

87, 16, 0, 1.01899e-44, 

87, 17, 0, 1.65087e-45, 

87, 18, 0, 2.62291e-46, 

87, 19, 0, 4.09735e-47, 

87, 20, 0, 6.31162e-48, 

87, 21, 0, 9.61822e-49, 

87, 22, 0, 1.45492e-49, 

87, 23, 0, 2.19204e-50, 

87, 24, 0, 3.30004e-51, 

87, 25, 0, 4.97859e-52, 

87, 26, 0, 7.54553e-53, 

87, 27, 0, 1.15125e-53, 

87, 28, 0, 1.77134e-54, 

87, 29, 0, 2.75285e-55, 

87, 30, 0, 4.32831e-56, 

87, 31, 0, 6.89807e-57, 

87, 32, 0, 1.11688e-57, 

87, 33, 0, 1.84228e-58, 

87, 34, 0, 3.1058e-59, 

87, 35, 0, 5.37017e-60, 

87, 36, 0, 9.55732e-61, 

87, 37, 0, 1.75631e-61, 

87, 38, 0, 3.34041e-62, 

87, 39, 0, 6.58173e-63, 

87, 40, 0, 1.3421e-63, 

87, 41, 0, 2.82298e-64, 

87, 42, 0, 6.09229e-65, 

87, 43, 0, 1.3406e-65, 

87, 44, 0, 2.99627e-66, 

87, 45, 0, 6.84794e-67, 

87, 46, 0, 1.66348e-67, 

87, 47, 0, 4.78924e-68, 

87, 48, 0, 1.92102e-68, 

87, 49, 0, 1.10961e-68, 

87, 50, 0, 8.0615e-69, 

87, 51, 0, 6.55303e-69, 

87, 52, 0, 5.67738e-69, 

87, 53, 0, 5.15633e-69, 

87, 54, 0, 4.87408e-69, 

87, 55, 0, 4.77232e-69, 

87, 56, 0, 4.82197e-69, 

87, 57, 0, 5.01303e-69, 

87, 58, 0, 5.3491e-69, 

87, 59, 0, 5.8435e-69, 

87, 60, 0, 6.51576e-69, 

87, 61, 0, 7.38734e-69, 

87, 62, 0, 8.4752e-69, 

87, 63, 0, 9.78099e-69, 

87, 64, 0, 1.1275e-68, 

87, 65, 0, 1.28764e-68, 

87, 66, 0, 1.4437e-68, 

87, 67, 0, 1.57409e-68, 

87, 68, 0, 1.6536e-68, 

87, 69, 0, 1.66e-68, 

87, 70, 0, 1.58255e-68, 

87, 71, 0, 1.42801e-68, 

87, 72, 0, 1.22026e-68, 

87, 73, 0, 9.92628e-69, 

87, 74, 0, 7.77043e-69, 

87, 75, 0, 5.95987e-69, 

87, 76, 0, 4.62939e-69, 

87, 77, 0, 4.04287e-69, 

87, 78, 0, 5.85733e-69, 

87, 79, 0, 2.08202e-68, 

87, 80, 0, 1.16868e-67, 

87, 81, 0, 7.20129e-67, 

87, 82, 0, 4.49288e-66, 

87, 83, 0, 2.80131e-65, 

87, 84, 0, 1.7427e-64, 

87, 85, 0, 1.08276e-63, 

87, 86, 0, 6.73282e-63, 

87, 87, 0, 4.20183e-62, 

87, 88, 0, 2.63998e-61, 

87, 89, 0, 1.6748e-60, 

87, 90, 0, 1.07533e-59, 

87, 91, 0, 6.99732e-59, 

87, 92, 0, 4.61533e-58, 

87, 93, 0, 3.08244e-57, 

87, 94, 0, 2.08004e-56, 

87, 95, 0, 1.41396e-55, 

87, 96, 0, 9.64914e-55, 

87, 97, 0, 6.58688e-54, 

87, 98, 0, 4.48301e-53, 

87, 99, 0, 3.03346e-52, 

87, 100, 0, 2.03637e-51, 

87, 101, 0, 1.35419e-50, 

87, 102, 0, 8.91239e-50, 

87, 103, 0, 5.80058e-49, 

87, 104, 0, 3.72992e-48, 

87, 105, 0, 2.36581e-47, 

87, 106, 0, 1.47613e-46, 

87, 107, 0, 9.02169e-46, 

87, 108, 0, 5.36812e-45, 

87, 109, 0, 3.08454e-44, 

87, 110, 0, 1.69389e-43, 

87, 111, 0, 8.77742e-43, 

87, 112, 0, 4.22637e-42, 

87, 113, 0, 1.85661e-41, 

87, 114, 0, 7.2784e-41, 

87, 115, 0, 2.47781e-40, 

87, 116, 0, 7.06992e-40, 

87, 117, 0, 1.60737e-39, 

87, 118, 0, 2.6751e-39, 

87, 119, 0, 2.6751e-39, 

88, 0, 0, 7.5195e-35, 

88, 1, 0, 7.5195e-35, 

88, 2, 0, 4.6065e-35, 

88, 3, 0, 2.10611e-35, 

88, 4, 0, 7.80991e-36, 

88, 5, 0, 2.46571e-36, 

88, 6, 0, 6.85139e-37, 

88, 7, 0, 1.71743e-37, 

88, 8, 0, 3.95901e-38, 

88, 9, 0, 8.52105e-39, 

88, 10, 0, 1.73305e-39, 

88, 11, 0, 3.36207e-40, 

88, 12, 0, 6.2659e-41, 

88, 13, 0, 1.12791e-41, 

88, 14, 0, 1.96889e-42, 

88, 15, 0, 3.3433e-43, 

88, 16, 0, 5.53696e-44, 

88, 17, 0, 8.96568e-45, 

88, 18, 0, 1.42313e-45, 

88, 19, 0, 2.22084e-46, 

88, 20, 0, 3.41818e-47, 

88, 21, 0, 5.20713e-48, 

88, 22, 0, 7.87954e-49, 

88, 23, 0, 1.18867e-49, 

88, 24, 0, 1.79368e-50, 

88, 25, 0, 2.7156e-51, 

88, 26, 0, 4.1357e-52, 

88, 27, 0, 6.34948e-53, 

88, 28, 0, 9.8453e-54, 

88, 29, 0, 1.54432e-54, 

88, 30, 0, 2.45464e-55, 

88, 31, 0, 3.96075e-56, 

88, 32, 0, 6.5021e-57, 

88, 33, 0, 1.08876e-57, 

88, 34, 0, 1.865e-58, 

88, 35, 0, 3.27842e-59, 

88, 36, 0, 5.93257e-60, 

88, 37, 0, 1.10817e-60, 

88, 38, 0, 2.14074e-61, 

88, 39, 0, 4.27875e-62, 

88, 40, 0, 8.83521e-63, 

88, 41, 0, 1.87786e-63, 

88, 42, 0, 4.08566e-64, 

88, 43, 0, 9.0465e-65, 

88, 44, 0, 2.03418e-65, 

88, 45, 0, 4.70098e-66, 

88, 46, 0, 1.17628e-66, 

88, 47, 0, 3.62734e-67, 

88, 48, 0, 1.60246e-67, 

88, 49, 0, 9.94262e-68, 

88, 50, 0, 7.4784e-68, 

88, 51, 0, 6.17785e-68, 

88, 52, 0, 5.39991e-68, 

88, 53, 0, 4.93048e-68, 

88, 54, 0, 4.674e-68, 

88, 55, 0, 4.58053e-68, 

88, 56, 0, 4.62523e-68, 

88, 57, 0, 4.80027e-68, 

88, 58, 0, 5.11017e-68, 

88, 59, 0, 5.56815e-68, 

88, 60, 0, 6.19272e-68, 

88, 61, 0, 7.00357e-68, 

88, 62, 0, 8.01526e-68, 

88, 63, 0, 9.22678e-68, 

88, 64, 0, 1.06063e-67, 

88, 65, 0, 1.2073e-67, 

88, 66, 0, 1.34827e-67, 

88, 67, 0, 1.46302e-67, 

88, 68, 0, 1.52819e-67, 

88, 69, 0, 1.52403e-67, 

88, 70, 0, 1.44228e-67, 

88, 71, 0, 1.29124e-67, 

88, 72, 0, 1.0946e-67, 

88, 73, 0, 8.83643e-68, 

88, 74, 0, 6.87085e-68, 

88, 75, 0, 5.23909e-68, 

88, 76, 0, 4.03104e-68, 

88, 77, 0, 3.35577e-68, 

88, 78, 0, 3.95887e-68, 

88, 79, 0, 1.08808e-67, 

88, 80, 0, 5.63564e-67, 

88, 81, 0, 3.44015e-66, 

88, 82, 0, 2.15466e-65, 

88, 83, 0, 1.35164e-64, 

88, 84, 0, 8.46033e-64, 

88, 85, 0, 5.2854e-63, 

88, 86, 0, 3.30111e-62, 

88, 87, 0, 2.06638e-61, 

88, 88, 0, 1.30009e-60, 

88, 89, 0, 8.24484e-60, 

88, 90, 0, 5.28245e-59, 

88, 91, 0, 3.42418e-58, 

88, 92, 0, 2.24634e-57, 

88, 93, 0, 1.49011e-56, 

88, 94, 0, 9.97567e-56, 

88, 95, 0, 6.72135e-55, 

88, 96, 0, 4.54323e-54, 

88, 97, 0, 3.07063e-53, 

88, 98, 0, 2.06876e-52, 

88, 99, 0, 1.38579e-51, 

88, 100, 0, 9.21216e-51, 

88, 101, 0, 6.06955e-50, 

88, 102, 0, 3.96051e-49, 

88, 103, 0, 2.55795e-48, 

88, 104, 0, 1.63388e-47, 

88, 105, 0, 1.03055e-46, 

88, 106, 0, 6.40114e-46, 

88, 107, 0, 3.8988e-45, 

88, 108, 0, 2.31428e-44, 

88, 109, 0, 1.32781e-43, 

88, 110, 0, 7.28686e-43, 

88, 111, 0, 3.77605e-42, 

88, 112, 0, 1.81933e-41, 

88, 113, 0, 8.00102e-41, 

88, 114, 0, 3.14126e-40, 

88, 115, 0, 1.07125e-39, 

88, 116, 0, 3.06232e-39, 

88, 117, 0, 6.97498e-39, 

88, 118, 0, 1.16248e-38, 

88, 119, 0, 1.16248e-38, 

89, 0, 0, 3.69942e-34, 

89, 1, 0, 3.69942e-34, 

89, 2, 0, 2.27876e-34, 

89, 3, 0, 1.05026e-34, 

89, 4, 0, 3.93135e-35, 

89, 5, 0, 1.25369e-35, 

89, 6, 0, 3.51896e-36, 

89, 7, 0, 8.90742e-37, 

89, 8, 0, 2.07196e-37, 

89, 9, 0, 4.49537e-38, 

89, 10, 0, 9.20472e-39, 

89, 11, 0, 1.79519e-39, 

89, 12, 0, 3.35847e-40, 

89, 13, 0, 6.05966e-41, 

89, 14, 0, 1.05884e-41, 

89, 15, 0, 1.79776e-42, 

89, 16, 0, 2.97446e-43, 

89, 17, 0, 4.80927e-44, 

89, 18, 0, 7.6212e-45, 

89, 19, 0, 1.18753e-45, 

89, 20, 0, 1.82588e-46, 

89, 21, 0, 2.78061e-47, 

89, 22, 0, 4.21038e-48, 

89, 23, 0, 6.36292e-49, 

89, 24, 0, 9.63118e-50, 

89, 25, 0, 1.46474e-50, 

89, 26, 0, 2.2443e-51, 

89, 27, 0, 3.47232e-52, 

89, 28, 0, 5.4351e-53, 

89, 29, 0, 8.62133e-54, 

89, 30, 0, 1.3881e-54, 

89, 31, 0, 2.27245e-55, 

89, 32, 0, 3.78996e-56, 

89, 33, 0, 6.4538e-57, 

89, 34, 0, 1.12495e-57, 

89, 35, 0, 2.01263e-58, 

89, 36, 0, 3.70575e-59, 

89, 37, 0, 7.03831e-60, 

89, 38, 0, 1.38091e-60, 

89, 39, 0, 2.79881e-61, 

89, 40, 0, 5.8486e-62, 

89, 41, 0, 1.25504e-62, 

89, 42, 0, 2.75024e-63, 

89, 43, 0, 6.12263e-64, 

89, 44, 0, 1.38492e-64, 

89, 45, 0, 3.24292e-65, 

89, 46, 0, 8.41645e-66, 

89, 47, 0, 2.80627e-66, 

89, 48, 0, 1.36221e-66, 

89, 49, 0, 8.98155e-67, 

89, 50, 0, 6.94687e-67, 

89, 51, 0, 5.81535e-67, 

89, 52, 0, 5.12133e-67, 

89, 53, 0, 4.69727e-67, 

89, 54, 0, 4.46332e-67, 

89, 55, 0, 4.37654e-67, 

89, 56, 0, 4.41576e-67, 

89, 57, 0, 4.57511e-67, 

89, 58, 0, 4.85982e-67, 

89, 59, 0, 5.28288e-67, 

89, 60, 0, 5.86171e-67, 

89, 61, 0, 6.6141e-67, 

89, 62, 0, 7.55214e-67, 

89, 63, 0, 8.67226e-67, 

89, 64, 0, 9.94089e-67, 

89, 65, 0, 1.12777e-66, 

89, 66, 0, 1.25436e-66, 

89, 67, 0, 1.35454e-66, 

89, 68, 0, 1.40687e-66, 

89, 69, 0, 1.39406e-66, 

89, 70, 0, 1.31006e-66, 

89, 71, 0, 1.16433e-66, 

89, 72, 0, 9.79938e-67, 

89, 73, 0, 7.85885e-67, 

89, 74, 0, 6.07745e-67, 

89, 75, 0, 4.61509e-67, 

89, 76, 0, 3.53293e-67, 

89, 77, 0, 2.86585e-67, 

89, 78, 0, 2.93455e-67, 

89, 79, 0, 6.09733e-67, 

89, 80, 0, 2.76886e-66, 

89, 81, 0, 1.65261e-65, 

89, 82, 0, 1.03616e-64, 

89, 83, 0, 6.53301e-64, 

89, 84, 0, 4.11198e-63, 

89, 85, 0, 2.58206e-62, 

89, 86, 0, 1.61958e-61, 

89, 87, 0, 1.01696e-60, 

89, 88, 0, 6.40944e-60, 

89, 89, 0, 4.06551e-59, 

89, 90, 0, 2.60116e-58, 

89, 91, 0, 1.68115e-57, 

89, 92, 0, 1.09801e-56, 

89, 93, 0, 7.24178e-56, 

89, 94, 0, 4.8146e-55, 

89, 95, 0, 3.21843e-54, 

89, 96, 0, 2.15671e-53, 

89, 97, 0, 1.44431e-52, 

89, 98, 0, 9.63843e-52, 

89, 99, 0, 6.3947e-51, 

89, 100, 0, 4.21086e-50, 

89, 101, 0, 2.74924e-49, 

89, 102, 0, 1.77871e-48, 

89, 103, 0, 1.13992e-47, 

89, 104, 0, 7.23142e-47, 

89, 105, 0, 4.5345e-46, 

89, 106, 0, 2.80307e-45, 

89, 107, 0, 1.70089e-44, 

89, 108, 0, 1.00686e-43, 

89, 109, 0, 5.76631e-43, 

89, 110, 0, 3.16134e-42, 

89, 111, 0, 1.63777e-41, 

89, 112, 0, 7.89362e-41, 

89, 113, 0, 3.47441e-40, 

89, 114, 0, 1.36579e-39, 

89, 115, 0, 4.66497e-39, 

89, 116, 0, 1.33588e-38, 

89, 117, 0, 3.04812e-38, 

89, 118, 0, 5.08762e-38, 

89, 119, 0, 5.08762e-38, 

90, 0, 0, 1.81259e-33, 

90, 1, 0, 1.81259e-33, 

90, 2, 0, 1.12313e-33, 

90, 3, 0, 5.22031e-34, 

90, 4, 0, 1.97301e-34, 

90, 5, 0, 6.35532e-35, 

90, 6, 0, 1.80156e-35, 

90, 7, 0, 4.60259e-36, 

90, 8, 0, 1.0795e-36, 

90, 9, 0, 2.3586e-37, 

90, 10, 0, 4.85636e-38, 

90, 11, 0, 9.5092e-39, 

90, 12, 0, 1.7833e-39, 

90, 13, 0, 3.22064e-40, 

90, 14, 0, 5.62574e-41, 

90, 15, 0, 9.53892e-42, 

90, 16, 0, 1.57508e-42, 

90, 17, 0, 2.54077e-43, 

90, 18, 0, 4.01722e-44, 

90, 19, 0, 6.24795e-45, 

90, 20, 0, 9.59553e-46, 

90, 21, 0, 1.46107e-46, 

90, 22, 0, 2.21473e-47, 

90, 23, 0, 3.35537e-48, 

90, 24, 0, 5.0996e-49, 

90, 25, 0, 7.80085e-50, 

90, 26, 0, 1.20444e-50, 

90, 27, 0, 1.88141e-51, 

90, 28, 0, 2.97906e-52, 

90, 29, 0, 4.78939e-53, 

90, 30, 0, 7.82926e-54, 

90, 31, 0, 1.30325e-54, 

90, 32, 0, 2.21248e-55, 

90, 33, 0, 3.8376e-56, 

90, 34, 0, 6.81495e-57, 

90, 35, 0, 1.24187e-57, 

90, 36, 0, 2.32751e-58, 

90, 37, 0, 4.49517e-59, 

90, 38, 0, 8.95567e-60, 

90, 39, 0, 1.83981e-60, 

90, 40, 0, 3.8883e-61, 

90, 41, 0, 8.41755e-62, 

90, 42, 0, 1.85636e-62, 

90, 43, 0, 4.15267e-63, 

90, 44, 0, 9.45244e-64, 

90, 45, 0, 2.24964e-64, 

90, 46, 0, 6.1069e-65, 

90, 47, 0, 2.21955e-65, 

90, 48, 0, 1.17716e-65, 

90, 49, 0, 8.16294e-66, 

90, 50, 0, 6.45649e-66, 

90, 51, 0, 5.46379e-66, 

90, 52, 0, 4.84185e-66, 

90, 53, 0, 4.45725e-66, 

90, 54, 0, 4.24259e-66, 

90, 55, 0, 4.16083e-66, 

90, 56, 0, 4.19402e-66, 

90, 57, 0, 4.33796e-66, 

90, 58, 0, 4.5985e-66, 

90, 59, 0, 4.98826e-66, 

90, 60, 0, 5.52347e-66, 

90, 61, 0, 6.22002e-66, 

90, 62, 0, 7.08759e-66, 

90, 63, 0, 8.12022e-66, 

90, 64, 0, 9.28289e-66, 

90, 65, 0, 1.04965e-65, 

90, 66, 0, 1.16279e-65, 

90, 67, 0, 1.24966e-65, 

90, 68, 0, 1.29077e-65, 

90, 69, 0, 1.27114e-65, 

90, 70, 0, 1.18672e-65, 

90, 71, 0, 1.04771e-65, 

90, 72, 0, 8.76222e-66, 

90, 73, 0, 6.98855e-66, 

90, 74, 0, 5.38201e-66, 

90, 75, 0, 4.07672e-66, 

90, 76, 0, 3.11439e-66, 

90, 77, 0, 2.49439e-66, 

90, 78, 0, 2.34021e-66, 

90, 79, 0, 3.74895e-66, 

90, 80, 0, 1.40477e-65, 

90, 81, 0, 8.02002e-65, 

90, 82, 0, 5.01027e-64, 

90, 83, 0, 3.17058e-63, 

90, 84, 0, 2.00514e-62, 

90, 85, 0, 1.26487e-61, 

90, 86, 0, 7.96512e-61, 

90, 87, 0, 5.01652e-60, 

90, 88, 0, 3.16766e-59, 

90, 89, 0, 2.01047e-58, 

90, 90, 0, 1.28537e-57, 

90, 91, 0, 8.28995e-57, 

90, 92, 0, 5.39587e-56, 

90, 93, 0, 3.54224e-55, 

90, 94, 0, 2.34149e-54, 

90, 95, 0, 1.55476e-53, 

90, 96, 0, 1.03409e-52, 

90, 97, 0, 6.86924e-52, 

90, 98, 0, 4.5453e-51, 

90, 99, 0, 2.98944e-50, 

90, 100, 0, 1.95144e-49, 

90, 101, 0, 1.26329e-48, 

90, 102, 0, 8.10733e-48, 

90, 103, 0, 5.15689e-47, 

90, 104, 0, 3.24939e-46, 

90, 105, 0, 2.02554e-45, 

90, 106, 0, 1.24588e-44, 

90, 107, 0, 7.52934e-44, 

90, 108, 0, 4.44302e-43, 

90, 109, 0, 2.53867e-42, 

90, 110, 0, 1.38967e-41, 

90, 111, 0, 7.19315e-41, 

90, 112, 0, 3.46595e-40, 

90, 113, 0, 1.52588e-39, 

90, 114, 0, 6.00195e-39, 

90, 115, 0, 2.05197e-38, 

90, 116, 0, 5.88319e-38, 

90, 117, 0, 1.34421e-37, 

90, 118, 0, 2.24639e-37, 

90, 119, 0, 2.24639e-37, 

91, 0, 0, 8.81593e-33, 

91, 1, 0, 8.81593e-33, 

91, 2, 0, 5.49693e-33, 

91, 3, 0, 2.57737e-33, 

91, 4, 0, 9.83661e-34, 

91, 5, 0, 3.20014e-34, 

91, 6, 0, 9.15836e-35, 

91, 7, 0, 2.36016e-35, 

91, 8, 0, 5.57716e-36, 

91, 9, 0, 1.22593e-36, 

91, 10, 0, 2.53544e-37, 

91, 11, 0, 4.97848e-38, 

91, 12, 0, 9.34744e-39, 

91, 13, 0, 1.6877e-39, 

91, 14, 0, 2.94373e-40, 

91, 15, 0, 4.97969e-41, 

91, 16, 0, 8.19923e-42, 

91, 17, 0, 1.31873e-42, 

91, 18, 0, 2.0795e-43, 

91, 19, 0, 3.22772e-44, 

91, 20, 0, 4.952e-45, 

91, 21, 0, 7.54207e-46, 

91, 22, 0, 1.14527e-46, 

91, 23, 0, 1.74119e-47, 

91, 24, 0, 2.66067e-48, 

91, 25, 0, 4.1005e-49, 

91, 26, 0, 6.39225e-50, 

91, 27, 0, 1.01036e-50, 

91, 28, 0, 1.62224e-51, 

91, 29, 0, 2.64972e-52, 

91, 30, 0, 4.40787e-53, 

91, 31, 0, 7.47559e-54, 

91, 32, 0, 1.29394e-54, 

91, 33, 0, 2.28878e-55, 

91, 34, 0, 4.14393e-56, 

91, 35, 0, 7.69421e-57, 

91, 36, 0, 1.46796e-57, 

91, 37, 0, 2.8825e-58, 

91, 38, 0, 5.82967e-59, 

91, 39, 0, 1.21337e-59, 

91, 40, 0, 2.59198e-60, 

91, 41, 0, 5.65699e-61, 

91, 42, 0, 1.25472e-61, 

91, 43, 0, 2.81955e-62, 

91, 44, 0, 6.46454e-63, 

91, 45, 0, 1.5706e-63, 

91, 46, 0, 4.50305e-64, 

91, 47, 0, 1.79437e-64, 

91, 48, 0, 1.03126e-64, 

91, 49, 0, 7.45143e-65, 

91, 50, 0, 5.9998e-65, 

91, 51, 0, 5.12227e-65, 

91, 52, 0, 4.56219e-65, 

91, 53, 0, 4.2116e-65, 

91, 54, 0, 4.01309e-65, 

91, 55, 0, 3.93467e-65, 

91, 56, 0, 3.96121e-65, 

91, 57, 0, 4.08998e-65, 

91, 58, 0, 4.32725e-65, 

91, 59, 0, 4.68521e-65, 

91, 60, 0, 5.17884e-65, 

91, 61, 0, 5.82217e-65, 

91, 62, 0, 6.62255e-65, 

91, 63, 0, 7.57187e-65, 

91, 64, 0, 8.63413e-65, 

91, 65, 0, 9.73197e-65, 

91, 66, 0, 1.07389e-64, 

91, 67, 0, 1.14874e-64, 

91, 68, 0, 1.18021e-64, 

91, 69, 0, 1.15549e-64, 

91, 70, 0, 1.07219e-64, 

91, 71, 0, 9.40943e-65, 

91, 72, 0, 7.82662e-65, 

91, 73, 0, 6.2149e-65, 

91, 74, 0, 4.77242e-65, 

91, 75, 0, 3.61116e-65, 

91, 76, 0, 2.75916e-65, 

91, 77, 0, 2.19905e-65, 

91, 78, 0, 1.9636e-65, 

91, 79, 0, 2.55489e-65, 

91, 80, 0, 7.48772e-65, 

91, 81, 0, 3.94959e-64, 

91, 82, 0, 2.43942e-63, 

91, 83, 0, 1.54634e-62, 

91, 84, 0, 9.81709e-62, 

91, 85, 0, 6.21731e-61, 

91, 86, 0, 3.92895e-60, 

91, 87, 0, 2.48149e-59, 

91, 88, 0, 1.56997e-58, 

91, 89, 0, 9.9735e-58, 

91, 90, 0, 6.3752e-57, 

91, 91, 0, 4.10618e-56, 

91, 92, 0, 2.66609e-55, 

91, 93, 0, 1.74402e-54, 

91, 94, 0, 1.14761e-53, 

91, 95, 0, 7.57897e-53, 

91, 96, 0, 5.00982e-52, 

91, 97, 0, 3.30541e-51, 

91, 98, 0, 2.17136e-50, 

91, 99, 0, 1.41739e-49, 

91, 100, 0, 9.18197e-49, 

91, 101, 0, 5.89918e-48, 

91, 102, 0, 3.75821e-47, 

91, 103, 0, 2.374e-46, 

91, 104, 0, 1.48635e-45, 

91, 105, 0, 9.21231e-45, 

91, 106, 0, 5.63796e-44, 

91, 107, 0, 3.39267e-43, 

91, 108, 0, 1.99491e-42, 

91, 109, 0, 1.13661e-41, 

91, 110, 0, 6.20807e-41, 

91, 111, 0, 3.20813e-40, 

91, 112, 0, 1.54404e-39, 

91, 113, 0, 6.79279e-39, 

91, 114, 0, 2.67103e-38, 

91, 115, 0, 9.13191e-38, 

91, 116, 0, 2.61905e-37, 

91, 117, 0, 5.98769e-37, 

91, 118, 0, 1.00138e-36, 

91, 119, 0, 1.00138e-36, 

92, 0, 0, 4.24198e-32, 

92, 1, 0, 4.24198e-32, 

92, 2, 0, 2.66219e-32, 

92, 3, 0, 1.25934e-32, 

92, 4, 0, 4.85313e-33, 

92, 5, 0, 1.59422e-33, 

92, 6, 0, 4.60406e-34, 

92, 7, 0, 1.19607e-34, 

92, 8, 0, 2.84538e-35, 

92, 9, 0, 6.28672e-36, 

92, 10, 0, 1.30471e-36, 

92, 11, 0, 2.56643e-37, 

92, 12, 0, 4.81959e-38, 

92, 13, 0, 8.69153e-39, 

92, 14, 0, 1.51255e-39, 

92, 15, 0, 2.55098e-40, 

92, 16, 0, 4.18629e-41, 

92, 17, 0, 6.71129e-42, 

92, 18, 0, 1.05542e-42, 

92, 19, 0, 1.63521e-43, 

92, 20, 0, 2.50733e-44, 

92, 21, 0, 3.82256e-45, 

92, 22, 0, 5.82104e-46, 

92, 23, 0, 8.89333e-47, 

92, 24, 0, 1.3687e-47, 

92, 25, 0, 2.12951e-48, 

92, 26, 0, 3.35944e-49, 

92, 27, 0, 5.38614e-50, 

92, 28, 0, 8.7909e-51, 

92, 29, 0, 1.46221e-51, 

92, 30, 0, 2.48023e-52, 

92, 31, 0, 4.29225e-53, 

92, 32, 0, 7.58266e-54, 

92, 33, 0, 1.36856e-54, 

92, 34, 0, 2.52672e-55, 

92, 35, 0, 4.77987e-56, 

92, 36, 0, 9.28122e-57, 

92, 37, 0, 1.85238e-57, 

92, 38, 0, 3.80158e-58, 

92, 39, 0, 8.01289e-59, 

92, 40, 0, 1.72921e-59, 

92, 41, 0, 3.80257e-60, 

92, 42, 0, 8.47846e-61, 

92, 43, 0, 1.91399e-61, 

92, 44, 0, 4.42765e-62, 

92, 45, 0, 1.10463e-62, 

92, 46, 0, 3.38061e-63, 

92, 47, 0, 1.4809e-63, 

92, 48, 0, 9.13351e-64, 

92, 49, 0, 6.82157e-64, 

92, 50, 0, 5.57125e-64, 

92, 51, 0, 4.79023e-64, 

92, 52, 0, 4.28328e-64, 

92, 53, 0, 3.96176e-64, 

92, 54, 0, 3.77647e-64, 

92, 55, 0, 3.69978e-64, 

92, 56, 0, 3.71904e-64, 

92, 57, 0, 3.83277e-64, 

92, 58, 0, 4.04751e-64, 

92, 59, 0, 4.37491e-64, 

92, 60, 0, 4.82868e-64, 

92, 61, 0, 5.42102e-64, 

92, 62, 0, 6.15716e-64, 

92, 63, 0, 7.0271e-64, 

92, 64, 0, 7.99426e-64, 

92, 65, 0, 8.98364e-64, 

92, 66, 0, 9.87588e-64, 

92, 67, 0, 1.05169e-63, 

92, 68, 0, 1.07499e-63, 

92, 69, 0, 1.04668e-63, 

92, 70, 0, 9.65792e-64, 

92, 71, 0, 8.43073e-64, 

92, 72, 0, 6.98049e-64, 

92, 73, 0, 5.5244e-64, 

92, 74, 0, 4.23501e-64, 

92, 75, 0, 3.20537e-64, 

92, 76, 0, 2.45364e-64, 

92, 77, 0, 1.95512e-64, 

92, 78, 0, 1.70186e-64, 

92, 79, 0, 1.9143e-64, 

92, 80, 0, 4.27958e-64, 

92, 81, 0, 1.98492e-63, 

92, 82, 0, 1.19622e-62, 

92, 83, 0, 7.57394e-62, 

92, 84, 0, 4.82213e-61, 

92, 85, 0, 3.06419e-60, 

92, 86, 0, 1.94242e-59, 

92, 87, 0, 1.23004e-58, 

92, 88, 0, 7.79735e-58, 

92, 89, 0, 4.95923e-57, 

92, 90, 0, 3.17095e-56, 

92, 91, 0, 2.04108e-55, 

92, 92, 0, 1.32317e-54, 

92, 93, 0, 8.63396e-54, 

92, 94, 0, 5.66234e-53, 

92, 95, 0, 3.72402e-52, 

92, 96, 0, 2.44977e-51, 

92, 97, 0, 1.60759e-50, 

92, 98, 0, 1.04986e-49, 

92, 99, 0, 6.81078e-49, 

92, 100, 0, 4.38399e-48, 

92, 101, 0, 2.79855e-47, 

92, 102, 0, 1.77163e-46, 

92, 103, 0, 1.11229e-45, 

92, 104, 0, 6.92391e-45, 

92, 105, 0, 4.26849e-44, 

92, 106, 0, 2.59964e-43, 

92, 107, 0, 1.55753e-42, 

92, 108, 0, 9.12315e-42, 

92, 109, 0, 5.18053e-41, 

92, 110, 0, 2.82134e-40, 

92, 111, 0, 1.45434e-39, 

92, 112, 0, 6.98475e-39, 

92, 113, 0, 3.06735e-38, 

92, 114, 0, 1.20436e-37, 

92, 115, 0, 4.11282e-37, 

92, 116, 0, 1.17863e-36, 

92, 117, 0, 2.69357e-36, 

92, 118, 0, 4.50492e-36, 

92, 119, 0, 4.50492e-36, 

93, 0, 0, 2.01265e-31, 

93, 1, 0, 2.01265e-31, 

93, 2, 0, 1.27141e-31, 

93, 3, 0, 6.06736e-32, 

93, 4, 0, 2.36038e-32, 

93, 5, 0, 7.82586e-33, 

93, 6, 0, 2.27941e-33, 

93, 7, 0, 5.96545e-34, 

93, 8, 0, 1.42761e-34, 

93, 9, 0, 3.16795e-35, 

93, 10, 0, 6.59214e-36, 

93, 11, 0, 1.29803e-36, 

93, 12, 0, 2.43644e-37, 

93, 13, 0, 4.38614e-38, 

93, 14, 0, 7.6125e-39, 

93, 15, 0, 1.27972e-39, 

93, 16, 0, 2.09303e-40, 

93, 17, 0, 3.34521e-41, 

93, 18, 0, 5.24857e-42, 

93, 19, 0, 8.12242e-43, 

93, 20, 0, 1.24591e-43, 

93, 21, 0, 1.9037e-44, 

93, 22, 0, 2.9117e-45, 

93, 23, 0, 4.4786e-46, 

93, 24, 0, 6.95694e-47, 

93, 25, 0, 1.09535e-47, 

93, 26, 0, 1.75309e-48, 

93, 27, 0, 2.85814e-49, 

93, 28, 0, 4.75276e-50, 

93, 29, 0, 8.06545e-51, 

93, 30, 0, 1.39687e-51, 

93, 31, 0, 2.46872e-52, 

93, 32, 0, 4.45242e-53, 

93, 33, 0, 8.19862e-54, 

93, 34, 0, 1.54301e-54, 

93, 35, 0, 2.97264e-55, 

93, 36, 0, 5.87185e-56, 

93, 37, 0, 1.19064e-56, 

93, 38, 0, 2.47849e-57, 

93, 39, 0, 5.28791e-58, 

93, 40, 0, 1.15223e-58, 

93, 41, 0, 2.55168e-59, 

93, 42, 0, 5.71765e-60, 

93, 43, 0, 1.29723e-60, 

93, 44, 0, 3.03569e-61, 

93, 45, 0, 7.83627e-62, 

93, 46, 0, 2.58747e-62, 

93, 47, 0, 1.24496e-62, 

93, 48, 0, 8.15591e-63, 

93, 49, 0, 6.25466e-63, 

93, 50, 0, 5.16643e-63, 

93, 51, 0, 4.46721e-63, 

93, 52, 0, 4.00603e-63, 

93, 53, 0, 3.70925e-63, 

93, 54, 0, 3.53456e-63, 

93, 55, 0, 3.45814e-63, 

93, 56, 0, 3.46951e-63, 

93, 57, 0, 3.56822e-63, 

93, 58, 0, 3.76095e-63, 

93, 59, 0, 4.05869e-63, 

93, 60, 0, 4.47388e-63, 

93, 61, 0, 5.01694e-63, 

93, 62, 0, 5.69115e-63, 

93, 63, 0, 6.48497e-63, 

93, 64, 0, 7.36171e-63, 

93, 65, 0, 8.24923e-63, 

93, 66, 0, 9.03582e-63, 

93, 67, 0, 9.58077e-63, 

93, 68, 0, 9.74538e-63, 

93, 69, 0, 9.43974e-63, 

93, 70, 0, 8.66554e-63, 

93, 71, 0, 7.52902e-63, 

93, 72, 0, 6.21035e-63, 

93, 73, 0, 4.9031e-63, 

93, 74, 0, 3.75645e-63, 

93, 75, 0, 2.84723e-63, 

93, 76, 0, 2.18646e-63, 

93, 77, 0, 1.74688e-63, 

93, 78, 0, 1.50353e-63, 

93, 79, 0, 1.54368e-63, 

93, 80, 0, 2.67233e-63, 

93, 81, 0, 1.02684e-62, 

93, 82, 0, 5.9064e-62, 

93, 83, 0, 3.71825e-61, 

93, 84, 0, 2.3713e-60, 

93, 85, 0, 1.51109e-59, 

93, 86, 0, 9.60585e-59, 

93, 87, 0, 6.09802e-58, 

93, 88, 0, 3.8734e-57, 

93, 89, 0, 2.46707e-56, 

93, 90, 0, 1.57865e-55, 

93, 91, 0, 1.01617e-54, 

93, 92, 0, 6.5826e-54, 

93, 93, 0, 4.2888e-53, 

93, 94, 0, 2.80636e-52, 

93, 95, 0, 1.84027e-51, 

93, 96, 0, 1.20628e-50, 

93, 97, 0, 7.88359e-50, 

93, 98, 0, 5.12527e-49, 

93, 99, 0, 3.30884e-48, 

93, 100, 0, 2.11908e-47, 

93, 101, 0, 1.34573e-46, 

93, 102, 0, 8.47499e-46, 

93, 103, 0, 5.29369e-45, 

93, 104, 0, 3.27889e-44, 

93, 105, 0, 2.01175e-43, 

93, 106, 0, 1.21967e-42, 

93, 107, 0, 7.27628e-42, 

93, 108, 0, 4.24495e-41, 

93, 109, 0, 2.40142e-40, 

93, 110, 0, 1.30322e-39, 

93, 111, 0, 6.69561e-39, 

93, 112, 0, 3.20572e-38, 

93, 113, 0, 1.40371e-37, 

93, 114, 0, 5.49678e-37, 

93, 115, 0, 1.87264e-36, 

93, 116, 0, 5.35571e-36, 

93, 117, 0, 1.22213e-35, 

93, 118, 0, 2.0424e-35, 

93, 119, 0, 2.0424e-35, 

94, 0, 0, 9.38809e-31, 

94, 1, 0, 9.38809e-31, 

94, 2, 0, 5.96888e-31, 

94, 3, 0, 2.87268e-31, 

94, 4, 0, 1.12763e-31, 

94, 5, 0, 3.77127e-32, 

94, 6, 0, 1.10711e-32, 

94, 7, 0, 2.91682e-33, 

94, 8, 0, 7.01708e-34, 

94, 9, 0, 1.5629e-34, 

94, 10, 0, 3.25906e-35, 

94, 11, 0, 6.421e-36, 

94, 12, 0, 1.20431e-36, 

94, 13, 0, 2.16399e-37, 

94, 14, 0, 3.746e-38, 

94, 15, 0, 6.2788e-39, 

94, 16, 0, 1.024e-39, 

94, 17, 0, 1.63286e-40, 

94, 18, 0, 2.55859e-41, 

94, 19, 0, 3.95999e-42, 

94, 20, 0, 6.08591e-43, 

94, 21, 0, 9.33682e-44, 

94, 22, 0, 1.43734e-44, 

94, 23, 0, 2.23104e-45, 

94, 24, 0, 3.50685e-46, 

94, 25, 0, 5.60203e-47, 

94, 26, 0, 9.11916e-48, 

94, 27, 0, 1.51521e-48, 

94, 28, 0, 2.57158e-49, 

94, 29, 0, 4.45743e-50, 

94, 30, 0, 7.8862e-51, 

94, 31, 0, 1.42321e-51, 

94, 32, 0, 2.61914e-52, 

94, 33, 0, 4.91688e-53, 

94, 34, 0, 9.42561e-54, 

94, 35, 0, 1.84792e-54, 

94, 36, 0, 3.71097e-55, 

94, 37, 0, 7.64082e-56, 

94, 38, 0, 1.61249e-56, 

94, 39, 0, 3.48046e-57, 

94, 40, 0, 7.65338e-58, 

94, 41, 0, 1.70609e-58, 

94, 42, 0, 3.84139e-59, 

94, 43, 0, 8.76693e-60, 

94, 44, 0, 2.08306e-60, 

94, 45, 0, 5.61567e-61, 

94, 46, 0, 2.0202e-61, 

94, 47, 0, 1.06304e-61, 

94, 48, 0, 7.32435e-62, 

94, 49, 0, 5.73661e-62, 

94, 50, 0, 4.78163e-62, 

94, 51, 0, 4.15264e-62, 

94, 52, 0, 3.73115e-62, 

94, 53, 0, 3.45547e-62, 

94, 54, 0, 3.28916e-62, 

94, 55, 0, 3.21178e-62, 

94, 56, 0, 3.21475e-62, 

94, 57, 0, 3.29845e-62, 

94, 58, 0, 3.46952e-62, 

94, 59, 0, 3.73819e-62, 

94, 60, 0, 4.11561e-62, 

94, 61, 0, 4.61051e-62, 

94, 62, 0, 5.22444e-62, 

94, 63, 0, 5.94464e-62, 

94, 64, 0, 6.73479e-62, 

94, 65, 0, 7.52617e-62, 

94, 66, 0, 8.21514e-62, 

94, 67, 0, 8.67438e-62, 

94, 68, 0, 8.7824e-62, 

94, 69, 0, 8.46561e-62, 

94, 70, 0, 7.73478e-62, 

94, 71, 0, 6.69271e-62, 

94, 72, 0, 5.50364e-62, 

94, 73, 0, 4.33846e-62, 

94, 74, 0, 3.32505e-62, 

94, 75, 0, 2.52641e-62, 

94, 76, 0, 1.94839e-62, 

94, 77, 0, 1.56372e-62, 

94, 78, 0, 1.34168e-62, 

94, 79, 0, 1.30741e-62, 

94, 80, 0, 1.83832e-62, 

94, 81, 0, 5.54357e-62, 

94, 82, 0, 2.93774e-61, 

94, 83, 0, 1.82447e-60, 

94, 84, 0, 1.16365e-59, 

94, 85, 0, 7.43285e-59, 

94, 86, 0, 4.73737e-58, 

94, 87, 0, 3.01478e-57, 

94, 88, 0, 1.91906e-56, 

94, 89, 0, 1.2244e-55, 

94, 90, 0, 7.84434e-55, 

94, 91, 0, 5.05258e-54, 

94, 92, 0, 3.27303e-53, 

94, 93, 0, 2.13116e-52, 

94, 94, 0, 1.39275e-51, 

94, 95, 0, 9.11596e-51, 

94, 96, 0, 5.96105e-50, 

94, 97, 0, 3.88461e-49, 

94, 98, 0, 2.51721e-48, 

94, 99, 0, 1.61929e-47, 

94, 100, 0, 1.03311e-46, 

94, 101, 0, 6.53494e-46, 

94, 102, 0, 4.09891e-45, 

94, 103, 0, 2.54986e-44, 

94, 104, 0, 1.57294e-43, 

94, 105, 0, 9.61151e-43, 

94, 106, 0, 5.80364e-42, 

94, 107, 0, 3.4484e-41, 

94, 108, 0, 2.00373e-40, 

94, 109, 0, 1.129e-39, 

94, 110, 0, 6.10247e-39, 

94, 111, 0, 3.12279e-38, 

94, 112, 0, 1.48919e-37, 

94, 113, 0, 6.49528e-37, 

94, 114, 0, 2.53379e-36, 

94, 115, 0, 8.60103e-36, 

94, 116, 0, 2.45192e-35, 

94, 117, 0, 5.58041e-35, 

94, 118, 0, 9.31076e-35, 

94, 119, 0, 9.31076e-35, 

95, 0, 0, 4.295e-30, 

95, 1, 0, 4.295e-30, 

95, 2, 0, 2.74752e-30, 

95, 3, 0, 1.33285e-30, 

95, 4, 0, 5.27554e-31, 

95, 5, 0, 1.7784e-31, 

95, 6, 0, 5.25797e-32, 

95, 7, 0, 1.39358e-32, 

95, 8, 0, 3.36819e-33, 

95, 9, 0, 7.52614e-34, 

95, 10, 0, 1.57224e-34, 

95, 11, 0, 3.09915e-35, 

95, 12, 0, 5.80903e-36, 

95, 13, 0, 1.04228e-36, 

95, 14, 0, 1.80072e-37, 

95, 15, 0, 3.01211e-38, 

95, 16, 0, 4.90416e-39, 

95, 17, 0, 7.8134e-40, 

95, 18, 0, 1.22479e-40, 

95, 19, 0, 1.89956e-41, 

95, 20, 0, 2.93142e-42, 

95, 21, 0, 4.52666e-43, 

95, 22, 0, 7.03238e-44, 

95, 23, 0, 1.10461e-44, 

95, 24, 0, 1.7618e-45, 

95, 25, 0, 2.86289e-46, 

95, 26, 0, 4.7504e-47, 

95, 27, 0, 8.05733e-48, 

95, 28, 0, 1.39694e-48, 

95, 29, 0, 2.47363e-49, 

95, 30, 0, 4.46856e-50, 

95, 31, 0, 8.22708e-51, 

95, 32, 0, 1.54311e-51, 

95, 33, 0, 2.94978e-52, 

95, 34, 0, 5.75343e-53, 

95, 35, 0, 1.14683e-53, 

95, 36, 0, 2.33964e-54, 

95, 37, 0, 4.88837e-55, 

95, 38, 0, 1.0452e-55, 

95, 39, 0, 2.28089e-56, 

95, 40, 0, 5.05845e-57, 

95, 41, 0, 1.13456e-57, 

95, 42, 0, 2.56699e-58, 

95, 43, 0, 5.90132e-59, 

95, 44, 0, 1.43084e-59, 

95, 45, 0, 4.07246e-60, 

95, 46, 0, 1.60832e-60, 

95, 47, 0, 9.18927e-61, 

95, 48, 0, 6.5994e-61, 

95, 49, 0, 5.25667e-61, 

95, 50, 0, 4.41359e-61, 

95, 51, 0, 3.84581e-61, 

95, 52, 0, 3.45914e-61, 

95, 53, 0, 3.20164e-61, 

95, 54, 0, 3.042e-61, 

95, 55, 0, 2.96277e-61, 

95, 56, 0, 2.95703e-61, 

95, 57, 0, 3.02578e-61, 

95, 58, 0, 3.17547e-61, 

95, 59, 0, 3.41548e-61, 

95, 60, 0, 3.75564e-61, 

95, 61, 0, 4.20308e-61, 

95, 62, 0, 4.75784e-61, 

95, 63, 0, 5.4063e-61, 

95, 64, 0, 6.11301e-61, 

95, 65, 0, 6.8132e-61, 

95, 66, 0, 7.41171e-61, 

95, 67, 0, 7.79451e-61, 

95, 68, 0, 7.85637e-61, 

95, 69, 0, 7.5383e-61, 

95, 70, 0, 6.85783e-61, 

95, 71, 0, 5.91259e-61, 

95, 72, 0, 4.85041e-61, 

95, 73, 0, 3.82055e-61, 

95, 74, 0, 2.93163e-61, 

95, 75, 0, 2.23487e-61, 

95, 76, 0, 1.73241e-61, 

95, 77, 0, 1.39837e-61, 

95, 78, 0, 1.20163e-61, 

95, 79, 0, 1.13939e-61, 

95, 80, 0, 1.38205e-61, 

95, 81, 0, 3.1833e-61, 

95, 82, 0, 1.47637e-60, 

95, 83, 0, 8.9216e-60, 

95, 84, 0, 5.67629e-59, 

95, 85, 0, 3.63262e-58, 

95, 86, 0, 2.3212e-57, 

95, 87, 0, 1.48093e-56, 

95, 88, 0, 9.44909e-56, 

95, 89, 0, 6.04119e-55, 

95, 90, 0, 3.87691e-54, 

95, 91, 0, 2.50019e-53, 

95, 92, 0, 1.62075e-52, 

95, 93, 0, 1.05547e-51, 

95, 94, 0, 6.8949e-51, 

95, 95, 0, 4.5087e-50, 

95, 96, 0, 2.94414e-49, 

95, 97, 0, 1.91508e-48, 

95, 98, 0, 1.23827e-47, 

95, 99, 0, 7.94615e-47, 

95, 100, 0, 5.05621e-46, 

95, 101, 0, 3.18936e-45, 

95, 102, 0, 1.99461e-44, 

95, 103, 0, 1.23705e-43, 

95, 104, 0, 7.60703e-43, 

95, 105, 0, 4.63306e-42, 

95, 106, 0, 2.78791e-41, 

95, 107, 0, 1.65051e-40, 

95, 108, 0, 9.55367e-40, 

95, 109, 0, 5.36118e-39, 

95, 110, 0, 2.88542e-38, 

95, 111, 0, 1.46992e-37, 

95, 112, 0, 6.97709e-37, 

95, 113, 0, 3.02862e-36, 

95, 114, 0, 1.1758e-35, 

95, 115, 0, 3.97263e-35, 

95, 116, 0, 1.12758e-34, 

95, 117, 0, 2.55688e-34, 

95, 118, 0, 4.25566e-34, 

95, 119, 0, 4.25566e-34, 

96, 0, 0, 1.92422e-29, 

96, 1, 0, 1.92422e-29, 

96, 2, 0, 1.23786e-29, 

96, 3, 0, 6.04815e-30, 

96, 4, 0, 2.41174e-30, 

96, 5, 0, 8.18751e-31, 

96, 6, 0, 2.43596e-31, 

96, 7, 0, 6.49052e-32, 

96, 8, 0, 1.57524e-32, 

96, 9, 0, 3.53029e-33, 

96, 10, 0, 7.38831e-34, 

96, 11, 0, 1.45752e-34, 

96, 12, 0, 2.73192e-35, 

96, 13, 0, 4.89908e-36, 

96, 14, 0, 8.45809e-37, 

96, 15, 0, 1.41415e-37, 

96, 16, 0, 2.30289e-38, 

96, 17, 0, 3.67378e-39, 

96, 18, 0, 5.77512e-40, 

96, 19, 0, 8.99945e-41, 

96, 20, 0, 1.39858e-41, 

96, 21, 0, 2.18038e-42, 

96, 22, 0, 3.42898e-43, 

96, 23, 0, 5.4668e-44, 

96, 24, 0, 8.87164e-45, 

96, 25, 0, 1.46976e-45, 

96, 26, 0, 2.48976e-46, 

96, 27, 0, 4.31395e-47, 

96, 28, 0, 7.63962e-48, 

96, 29, 0, 1.38083e-48, 

96, 30, 0, 2.54354e-49, 

96, 31, 0, 4.76982e-50, 

96, 32, 0, 9.10348e-51, 

96, 33, 0, 1.76939e-51, 

96, 34, 0, 3.50699e-52, 

96, 35, 0, 7.1e-53, 

96, 36, 0, 1.47018e-53, 

96, 37, 0, 3.11455e-54, 

96, 38, 0, 6.7415e-55, 

96, 39, 0, 1.48621e-55, 

96, 40, 0, 3.32176e-56, 

96, 41, 0, 7.49255e-57, 

96, 42, 0, 1.70381e-57, 

96, 43, 0, 3.95356e-58, 

96, 44, 0, 9.84576e-59, 

96, 45, 0, 2.99408e-59, 

96, 46, 0, 1.3037e-59, 

96, 47, 0, 8.01446e-60, 

96, 48, 0, 5.95299e-60, 

96, 49, 0, 4.80662e-60, 

96, 50, 0, 4.05958e-60, 

96, 51, 0, 3.54601e-60, 

96, 52, 0, 3.19037e-60, 

96, 53, 0, 2.94888e-60, 

96, 54, 0, 2.79475e-60, 

96, 55, 0, 2.71322e-60, 

96, 56, 0, 2.69877e-60, 

96, 57, 0, 2.75283e-60, 

96, 58, 0, 2.88152e-60, 

96, 59, 0, 3.09329e-60, 

96, 60, 0, 3.39662e-60, 

96, 61, 0, 3.79716e-60, 

96, 62, 0, 4.29365e-60, 

96, 63, 0, 4.872e-60, 

96, 64, 0, 5.49809e-60, 

96, 65, 0, 6.11166e-60, 

96, 66, 0, 6.62632e-60, 

96, 67, 0, 6.94115e-60, 

96, 68, 0, 6.96618e-60, 

96, 69, 0, 6.65522e-60, 

96, 70, 0, 6.03053e-60, 

96, 71, 0, 5.18308e-60, 

96, 72, 0, 4.24419e-60, 

96, 73, 0, 3.3427e-60, 

96, 74, 0, 2.56992e-60, 

96, 75, 0, 1.96706e-60, 

96, 76, 0, 1.5337e-60, 

96, 77, 0, 1.2461e-60, 

96, 78, 0, 1.07523e-60, 

96, 79, 0, 1.00686e-60, 

96, 80, 0, 1.11214e-60, 

96, 81, 0, 1.9832e-60, 

96, 82, 0, 7.55918e-60, 

96, 83, 0, 4.3391e-59, 

96, 84, 0, 2.74137e-58, 

96, 85, 0, 1.75652e-57, 

96, 86, 0, 1.1253e-56, 

96, 87, 0, 7.19928e-56, 

96, 88, 0, 4.60575e-55, 

96, 89, 0, 2.9519e-54, 

96, 90, 0, 1.89847e-53, 

96, 91, 0, 1.22649e-52, 

96, 92, 0, 7.96126e-52, 

96, 93, 0, 5.18889e-51, 

96, 94, 0, 3.39078e-50, 

96, 95, 0, 2.21695e-49, 

96, 96, 0, 1.44679e-48, 

96, 97, 0, 9.40185e-48, 

96, 98, 0, 6.07143e-47, 

96, 99, 0, 3.89032e-46, 

96, 100, 0, 2.47133e-45, 

96, 101, 0, 1.55606e-44, 

96, 102, 0, 9.7129e-44, 

96, 103, 0, 6.0115e-43, 

96, 104, 0, 3.68837e-42, 

96, 105, 0, 2.24084e-41, 

96, 106, 0, 1.34467e-40, 

96, 107, 0, 7.93588e-40, 

96, 108, 0, 4.57736e-39, 

96, 109, 0, 2.55853e-38, 

96, 110, 0, 1.37101e-37, 

96, 111, 0, 6.95105e-37, 

96, 112, 0, 3.28247e-36, 

96, 113, 0, 1.41717e-35, 

96, 114, 0, 5.4713e-35, 

96, 115, 0, 1.83835e-34, 

96, 116, 0, 5.19053e-34, 

96, 117, 0, 1.17163e-33, 

96, 118, 0, 1.94389e-33, 

96, 119, 0, 1.94389e-33, 

97, 0, 0, 8.43774e-29, 

97, 1, 0, 8.43774e-29, 

97, 2, 0, 5.45483e-29, 

97, 3, 0, 2.68176e-29, 

97, 4, 0, 1.0762e-29, 

97, 5, 0, 3.6757e-30, 

97, 6, 0, 1.09955e-30, 

97, 7, 0, 2.94338e-31, 

97, 8, 0, 7.17067e-32, 

97, 9, 0, 1.61174e-32, 

97, 10, 0, 3.3803e-33, 

97, 11, 0, 6.67842e-34, 

97, 12, 0, 1.25313e-34, 

97, 13, 0, 2.24935e-35, 

97, 14, 0, 3.88798e-36, 

97, 15, 0, 6.51199e-37, 

97, 16, 0, 1.0634e-37, 

97, 17, 0, 1.70351e-38, 

97, 18, 0, 2.6939e-39, 

97, 19, 0, 4.23201e-40, 

97, 20, 0, 6.64604e-41, 

97, 21, 0, 1.04967e-41, 

97, 22, 0, 1.67654e-42, 

97, 23, 0, 2.72088e-43, 

97, 24, 0, 4.50309e-44, 

97, 25, 0, 7.61739e-45, 

97, 26, 0, 1.31816e-45, 

97, 27, 0, 2.33241e-46, 

97, 28, 0, 4.21436e-47, 

97, 29, 0, 7.76231e-48, 

97, 30, 0, 1.45516e-48, 

97, 31, 0, 2.77397e-49, 

97, 32, 0, 5.37741e-50, 

97, 33, 0, 1.06104e-50, 

97, 34, 0, 2.13426e-51, 

97, 35, 0, 4.38367e-52, 

97, 36, 0, 9.20391e-53, 

97, 37, 0, 1.97503e-53, 

97, 38, 0, 4.32332e-54, 

97, 39, 0, 9.61859e-55, 

97, 40, 0, 2.16464e-55, 

97, 41, 0, 4.9076e-56, 

97, 42, 0, 1.12207e-56, 

97, 43, 0, 2.6354e-57, 

97, 44, 0, 6.79655e-58, 

97, 45, 0, 2.2352e-58, 

97, 46, 0, 1.07343e-58, 

97, 47, 0, 7.02915e-59, 

97, 48, 0, 5.36541e-59, 

97, 49, 0, 4.38045e-59, 

97, 50, 0, 3.71749e-59, 

97, 51, 0, 3.25276e-59, 

97, 52, 0, 2.92533e-59, 

97, 53, 0, 2.69839e-59, 

97, 54, 0, 2.5492e-59, 

97, 55, 0, 2.46538e-59, 

97, 56, 0, 2.4426e-59, 

97, 57, 0, 2.48259e-59, 

97, 58, 0, 2.59094e-59, 

97, 59, 0, 2.77511e-59, 

97, 60, 0, 3.04227e-59, 

97, 61, 0, 3.39667e-59, 

97, 62, 0, 3.836e-59, 

97, 63, 0, 4.34607e-59, 

97, 64, 0, 4.89455e-59, 

97, 65, 0, 5.42614e-59, 

97, 66, 0, 5.86342e-59, 

97, 67, 0, 6.11825e-59, 

97, 68, 0, 6.11483e-59, 

97, 69, 0, 5.81796e-59, 

97, 70, 0, 5.2528e-59, 

97, 71, 0, 4.50252e-59, 

97, 72, 0, 3.68214e-59, 

97, 73, 0, 2.90149e-59, 

97, 74, 0, 2.23645e-59, 

97, 75, 0, 1.7198e-59, 

97, 76, 0, 1.34946e-59, 

97, 77, 0, 1.10421e-59, 

97, 78, 0, 9.58153e-60, 

97, 79, 0, 8.93558e-60, 

97, 80, 0, 9.35042e-60, 

97, 81, 0, 1.35473e-59, 

97, 82, 0, 4.00839e-59, 

97, 83, 0, 2.10026e-58, 

97, 84, 0, 1.30629e-57, 

97, 85, 0, 8.36956e-57, 

97, 86, 0, 5.37602e-56, 

97, 87, 0, 3.44988e-55, 

97, 88, 0, 2.2138e-54, 

97, 89, 0, 1.42298e-53, 

97, 90, 0, 9.17594e-53, 

97, 91, 0, 5.94172e-52, 

97, 92, 0, 3.86412e-51, 

97, 93, 0, 2.52208e-50, 

97, 94, 0, 1.64965e-49, 

97, 95, 0, 1.07908e-48, 

97, 96, 0, 7.04251e-48, 

97, 97, 0, 4.57523e-47, 

97, 98, 0, 2.95293e-46, 

97, 99, 0, 1.89073e-45, 

97, 100, 0, 1.20005e-44, 

97, 101, 0, 7.54887e-44, 

97, 102, 0, 4.70699e-43, 

97, 103, 0, 2.90976e-42, 

97, 104, 0, 1.78278e-41, 

97, 105, 0, 1.08127e-40, 

97, 106, 0, 6.47489e-40, 

97, 107, 0, 3.81154e-39, 

97, 108, 0, 2.19167e-38, 

97, 109, 0, 1.22054e-37, 

97, 110, 0, 6.51252e-37, 

97, 111, 0, 3.28591e-36, 

97, 112, 0, 1.54339e-35, 

97, 113, 0, 6.62496e-35, 

97, 114, 0, 2.54223e-34, 

97, 115, 0, 8.48945e-34, 

97, 116, 0, 2.38277e-33, 

97, 117, 0, 5.35025e-33, 

97, 118, 0, 8.84365e-33, 

97, 119, 0, 8.84365e-33, 

98, 0, 0, 3.62385e-28, 

98, 1, 0, 3.62385e-28, 

98, 2, 0, 2.3523e-28, 

98, 3, 0, 1.16233e-28, 

98, 4, 0, 4.68879e-29, 

98, 5, 0, 1.60942e-29, 

98, 6, 0, 4.83653e-30, 

98, 7, 0, 1.3e-30, 

98, 8, 0, 3.17845e-31, 

98, 9, 0, 7.16651e-32, 

98, 10, 0, 1.50721e-32, 

98, 11, 0, 2.98551e-33, 

98, 12, 0, 5.61677e-34, 

98, 13, 0, 1.0112e-34, 

98, 14, 0, 1.75418e-35, 

98, 15, 0, 2.95167e-36, 

98, 16, 0, 4.84888e-37, 

98, 17, 0, 7.82745e-38, 

98, 18, 0, 1.24983e-38, 

98, 19, 0, 1.98689e-39, 

98, 20, 0, 3.16494e-40, 

98, 21, 0, 5.08193e-41, 

98, 22, 0, 8.26922e-42, 

98, 23, 0, 1.36942e-42, 

98, 24, 0, 2.31492e-43, 

98, 25, 0, 4.00059e-44, 

98, 26, 0, 7.06881e-45, 

98, 27, 0, 1.2757e-45, 

98, 28, 0, 2.34743e-46, 

98, 29, 0, 4.39642e-47, 

98, 30, 0, 8.36915e-48, 

98, 31, 0, 1.61849e-48, 

98, 32, 0, 3.18107e-49, 

98, 33, 0, 6.36232e-50, 

98, 34, 0, 1.2971e-50, 

98, 35, 0, 2.69973e-51, 

98, 36, 0, 5.74078e-52, 

98, 37, 0, 1.24629e-52, 

98, 38, 0, 2.75541e-53, 

98, 39, 0, 6.17884e-54, 

98, 40, 0, 1.39864e-54, 

98, 41, 0, 3.18539e-55, 

98, 42, 0, 7.32758e-56, 

98, 43, 0, 1.74857e-56, 

98, 44, 0, 4.71659e-57, 

98, 45, 0, 1.6962e-57, 

98, 46, 0, 8.95053e-58, 

98, 47, 0, 6.18113e-58, 

98, 48, 0, 4.82334e-58, 

98, 49, 0, 3.97414e-58, 

98, 50, 0, 3.38606e-58, 

98, 51, 0, 2.96601e-58, 

98, 52, 0, 2.66478e-58, 

98, 53, 0, 2.45159e-58, 

98, 54, 0, 2.30733e-58, 

98, 55, 0, 2.22173e-58, 

98, 56, 0, 2.19148e-58, 

98, 57, 0, 2.21838e-58, 

98, 58, 0, 2.30746e-58, 

98, 59, 0, 2.46512e-58, 

98, 60, 0, 2.69723e-58, 

98, 61, 0, 3.00681e-58, 

98, 62, 0, 3.39071e-58, 

98, 63, 0, 3.83497e-58, 

98, 64, 0, 4.3095e-58, 

98, 65, 0, 4.76425e-58, 

98, 66, 0, 5.13085e-58, 

98, 67, 0, 5.33342e-58, 

98, 68, 0, 5.30905e-58, 

98, 69, 0, 5.03181e-58, 

98, 70, 0, 4.52809e-58, 

98, 71, 0, 3.87255e-58, 

98, 72, 0, 3.16446e-58, 

98, 73, 0, 2.49621e-58, 

98, 74, 0, 1.93009e-58, 

98, 75, 0, 1.4919e-58, 

98, 76, 0, 1.17859e-58, 

98, 77, 0, 9.71595e-59, 

98, 78, 0, 8.48497e-59, 

98, 79, 0, 7.91701e-59, 

98, 80, 0, 8.05002e-59, 

98, 81, 0, 1.00817e-58, 

98, 82, 0, 2.25633e-58, 

98, 83, 0, 1.0175e-57, 

98, 84, 0, 6.12945e-57, 

98, 85, 0, 3.91662e-56, 

98, 86, 0, 2.52209e-55, 

98, 87, 0, 1.62395e-54, 

98, 88, 0, 1.04571e-53, 

98, 89, 0, 6.74423e-53, 

98, 90, 0, 4.3626e-52, 

98, 91, 0, 2.83284e-51, 

98, 92, 0, 1.84669e-50, 

98, 93, 0, 1.20763e-49, 

98, 94, 0, 7.91013e-49, 

98, 95, 0, 5.1792e-48, 

98, 96, 0, 3.38203e-47, 

98, 97, 0, 2.19766e-46, 

98, 98, 0, 1.4184e-45, 

98, 99, 0, 9.08038e-45, 

98, 100, 0, 5.76195e-44, 

98, 101, 0, 3.62344e-43, 

98, 102, 0, 2.25854e-42, 

98, 103, 0, 1.39552e-41, 

98, 104, 0, 8.54444e-41, 

98, 105, 0, 5.17716e-40, 

98, 106, 0, 3.09581e-39, 

98, 107, 0, 1.81882e-38, 

98, 108, 0, 1.04312e-37, 

98, 109, 0, 5.79007e-37, 

98, 110, 0, 3.07706e-36, 

98, 111, 0, 1.54523e-35, 

98, 112, 0, 7.21905e-35, 

98, 113, 0, 3.08044e-34, 

98, 114, 0, 1.17462e-33, 

98, 115, 0, 3.89705e-33, 

98, 116, 0, 1.08686e-32, 

98, 117, 0, 2.42651e-32, 

98, 118, 0, 3.9943e-32, 

98, 119, 0, 3.9943e-32, 

99, 0, 0, 1.52726e-27, 

99, 1, 0, 1.52726e-27, 

99, 2, 0, 9.94466e-28, 

99, 3, 0, 4.93276e-28, 

99, 4, 0, 1.99777e-28, 

99, 5, 0, 6.88423e-29, 

99, 6, 0, 2.07667e-29, 

99, 7, 0, 5.60226e-30, 

99, 8, 0, 1.37463e-30, 

99, 9, 0, 3.1105e-31, 

99, 10, 0, 6.56616e-32, 

99, 11, 0, 1.30591e-32, 

99, 12, 0, 2.46822e-33, 

99, 13, 0, 4.46781e-34, 

99, 14, 0, 7.80145e-35, 

99, 15, 0, 1.32319e-35, 

99, 16, 0, 2.19473e-36, 

99, 17, 0, 3.58409e-37, 

99, 18, 0, 5.8015e-38, 

99, 19, 0, 9.36987e-39, 

99, 20, 0, 1.51949e-39, 

99, 21, 0, 2.48839e-40, 

99, 22, 0, 4.13522e-41, 

99, 23, 0, 6.99869e-42, 

99, 24, 0, 1.20905e-42, 

99, 25, 0, 2.1336e-43, 

99, 26, 0, 3.84423e-44, 

99, 27, 0, 7.06201e-45, 

99, 28, 0, 1.3204e-45, 

99, 29, 0, 2.50873e-46, 

99, 30, 0, 4.83911e-47, 

99, 31, 0, 9.47577e-48, 

99, 32, 0, 1.88526e-48, 

99, 33, 0, 3.81682e-49, 

99, 34, 0, 7.87696e-50, 

99, 35, 0, 1.65928e-50, 

99, 36, 0, 3.56869e-51, 

99, 37, 0, 7.82652e-52, 

99, 38, 0, 1.74501e-52, 

99, 39, 0, 3.93824e-53, 

99, 40, 0, 8.95566e-54, 

99, 41, 0, 2.04782e-54, 

99, 42, 0, 4.74451e-55, 

99, 43, 0, 1.15609e-55, 

99, 44, 0, 3.29956e-56, 

99, 45, 0, 1.30872e-56, 

99, 46, 0, 7.53312e-57, 

99, 47, 0, 5.43565e-57, 

99, 48, 0, 4.31835e-57, 

99, 49, 0, 3.58554e-57, 

99, 50, 0, 3.06501e-57, 

99, 51, 0, 2.68638e-57, 

99, 52, 0, 2.40996e-57, 

99, 53, 0, 2.21026e-57, 

99, 54, 0, 2.0714e-57, 

99, 55, 0, 1.98498e-57, 

99, 56, 0, 1.94852e-57, 

99, 57, 0, 1.96377e-57, 

99, 58, 0, 2.03512e-57, 

99, 59, 0, 2.16789e-57, 

99, 60, 0, 2.36673e-57, 

99, 61, 0, 2.63358e-57, 

99, 62, 0, 2.96468e-57, 

99, 63, 0, 3.3466e-57, 

99, 64, 0, 3.75179e-57, 

99, 65, 0, 4.13566e-57, 

99, 66, 0, 4.43871e-57, 

99, 67, 0, 4.59656e-57, 

99, 68, 0, 4.55786e-57, 

99, 69, 0, 4.30425e-57, 

99, 70, 0, 3.86197e-57, 

99, 71, 0, 3.29683e-57, 

99, 72, 0, 2.69321e-57, 

99, 73, 0, 2.12783e-57, 

99, 74, 0, 1.65126e-57, 

99, 75, 0, 1.28354e-57, 

99, 76, 0, 1.0212e-57, 

99, 77, 0, 8.48311e-58, 

99, 78, 0, 7.45881e-58, 

99, 79, 0, 6.9801e-58, 

99, 80, 0, 6.99983e-58, 

99, 81, 0, 8.00787e-58, 

99, 82, 0, 1.38373e-57, 

99, 83, 0, 5.00435e-57, 

99, 84, 0, 2.83425e-56, 

99, 85, 0, 1.79621e-55, 

99, 86, 0, 1.15891e-54, 

99, 87, 0, 7.48947e-54, 

99, 88, 0, 4.8416e-53, 

99, 89, 0, 3.1345e-52, 

99, 90, 0, 2.03488e-51, 

99, 91, 0, 1.32563e-50, 

99, 92, 0, 8.66592e-50, 

99, 93, 0, 5.68012e-49, 

99, 94, 0, 3.72729e-48, 

99, 95, 0, 2.44369e-47, 

99, 96, 0, 1.59718e-46, 

99, 97, 0, 1.03846e-45, 

99, 98, 0, 6.70477e-45, 

99, 99, 0, 4.29333e-44, 

99, 100, 0, 2.72486e-43, 

99, 101, 0, 1.71387e-42, 

99, 102, 0, 1.06846e-41, 

99, 103, 0, 6.60257e-41, 

99, 104, 0, 4.04232e-40, 

99, 105, 0, 2.44837e-39, 

99, 106, 0, 1.46287e-38, 

99, 107, 0, 8.58259e-38, 

99, 108, 0, 4.91205e-37, 

99, 109, 0, 2.71878e-36, 

99, 110, 0, 1.4396e-35, 

99, 111, 0, 7.19718e-35, 

99, 112, 0, 3.34495e-34, 

99, 113, 0, 1.41898e-33, 

99, 114, 0, 5.37653e-33, 

99, 115, 0, 1.77201e-32, 

99, 116, 0, 4.90977e-32, 

99, 117, 0, 1.08965e-31, 

99, 118, 0, 1.78586e-31, 

99, 119, 0, 1.78586e-31, 

100, 0, 0, 6.33578e-27, 

100, 1, 0, 6.33578e-27, 

100, 2, 0, 4.13422e-27, 

100, 3, 0, 2.05598e-27, 

100, 4, 0, 8.34992e-28, 

100, 5, 0, 2.88577e-28, 

100, 6, 0, 8.73224e-29, 

100, 7, 0, 2.36368e-29, 

100, 8, 0, 5.82154e-30, 

100, 9, 0, 1.32291e-30, 

100, 10, 0, 2.80643e-31, 

100, 11, 0, 5.61409e-32, 

100, 12, 0, 1.06844e-32, 

100, 13, 0, 1.95e-33, 

100, 14, 0, 3.4385e-34, 

100, 15, 0, 5.89983e-35, 

100, 16, 0, 9.91891e-36, 

100, 17, 0, 1.64519e-36, 

100, 18, 0, 2.71027e-37, 

100, 19, 0, 4.46336e-38, 

100, 20, 0, 7.39204e-39, 

100, 21, 0, 1.23764e-39, 

100, 22, 0, 2.1036e-40, 

100, 23, 0, 3.64028e-41, 

100, 24, 0, 6.42331e-42, 

100, 25, 0, 1.15589e-42, 

100, 26, 0, 2.11952e-43, 

100, 27, 0, 3.95448e-44, 

100, 28, 0, 7.49552e-45, 

100, 29, 0, 1.44168e-45, 

100, 30, 0, 2.81257e-46, 

100, 31, 0, 5.5679e-47, 

100, 32, 0, 1.11987e-47, 

100, 33, 0, 2.29226e-48, 

100, 34, 0, 4.78296e-49, 

100, 35, 0, 1.01836e-49, 

100, 36, 0, 2.21195e-50, 

100, 37, 0, 4.89243e-51, 

100, 38, 0, 1.09814e-51, 

100, 39, 0, 2.49018e-52, 

100, 40, 0, 5.68152e-53, 

100, 41, 0, 1.30378e-53, 

100, 42, 0, 3.04733e-54, 

100, 43, 0, 7.63214e-55, 

100, 44, 0, 2.33413e-55, 

100, 45, 0, 1.02592e-55, 

100, 46, 0, 6.37915e-56, 

100, 47, 0, 4.77036e-56, 

100, 48, 0, 3.84587e-56, 

100, 49, 0, 3.21421e-56, 

100, 50, 0, 2.75511e-56, 

100, 51, 0, 2.41519e-56, 

100, 52, 0, 2.16263e-56, 

100, 53, 0, 1.97656e-56, 

100, 54, 0, 1.84393e-56, 

100, 55, 0, 1.758e-56, 

100, 56, 0, 1.71692e-56, 

100, 57, 0, 1.72233e-56, 

100, 58, 0, 1.77791e-56, 

100, 59, 0, 1.88796e-56, 

100, 60, 0, 2.05603e-56, 

100, 61, 0, 2.28308e-56, 

100, 62, 0, 2.565e-56, 

100, 63, 0, 2.88914e-56, 

100, 64, 0, 3.23065e-56, 

100, 65, 0, 3.55044e-56, 

100, 66, 0, 3.79748e-56, 

100, 67, 0, 3.91794e-56, 

100, 68, 0, 3.87058e-56, 

100, 69, 0, 3.643e-56, 

100, 70, 0, 3.26025e-56, 

100, 71, 0, 2.77932e-56, 

100, 72, 0, 2.27091e-56, 

100, 73, 0, 1.79794e-56, 

100, 74, 0, 1.40099e-56, 

100, 75, 0, 1.09553e-56, 

100, 76, 0, 8.78023e-57, 

100, 77, 0, 7.3504e-57, 

100, 78, 0, 6.50777e-57, 

100, 79, 0, 6.11544e-57, 

100, 80, 0, 6.09832e-57, 

100, 81, 0, 6.62878e-57, 

100, 82, 0, 9.36669e-57, 

100, 83, 0, 2.5638e-56, 

100, 84, 0, 1.29858e-55, 

100, 85, 0, 8.07082e-55, 

100, 86, 0, 5.20906e-54, 

100, 87, 0, 3.3791e-53, 

100, 88, 0, 2.19384e-52, 

100, 89, 0, 1.42636e-51, 

100, 90, 0, 9.29694e-51, 

100, 91, 0, 6.07859e-50, 

100, 92, 0, 3.98628e-49, 

100, 93, 0, 2.61972e-48, 

100, 94, 0, 1.72266e-47, 

100, 95, 0, 1.1312e-46, 

100, 96, 0, 7.40188e-46, 

100, 97, 0, 4.81647e-45, 

100, 98, 0, 3.11156e-44, 

100, 99, 0, 1.99343e-43, 

100, 100, 0, 1.26578e-42, 

100, 101, 0, 7.9655e-42, 

100, 102, 0, 4.96856e-41, 

100, 103, 0, 3.07192e-40, 

100, 104, 0, 1.88146e-39, 

100, 105, 0, 1.13971e-38, 

100, 106, 0, 6.80753e-38, 

100, 107, 0, 3.99041e-37, 

100, 108, 0, 2.28019e-36, 

100, 109, 0, 1.25906e-35, 

100, 110, 0, 6.64509e-35, 

100, 111, 0, 3.30855e-34, 

100, 112, 0, 1.53012e-33, 

100, 113, 0, 6.45447e-33, 

100, 114, 0, 2.43046e-32, 

100, 115, 0, 7.95812e-32, 

100, 116, 0, 2.19063e-31, 

100, 117, 0, 4.83278e-31, 

100, 118, 0, 7.88552e-31, 

100, 119, 0, 7.88552e-31, 

101, 0, 0, 2.59776e-26, 

101, 1, 0, 2.59776e-26, 

101, 2, 0, 1.69703e-26, 

101, 3, 0, 8.45155e-27, 

101, 4, 0, 3.43828e-27, 

101, 5, 0, 1.19077e-27, 

101, 6, 0, 3.61267e-28, 

101, 7, 0, 9.81118e-29, 

101, 8, 0, 2.42642e-29, 

101, 9, 0, 5.54238e-30, 

101, 10, 0, 1.18327e-30, 

101, 11, 0, 2.38555e-31, 

101, 12, 0, 4.58285e-32, 

101, 13, 0, 8.45821e-33, 

101, 14, 0, 1.51117e-33, 

101, 15, 0, 2.63255e-34, 

101, 16, 0, 4.50289e-35, 

101, 17, 0, 7.6137e-36, 

101, 18, 0, 1.2809e-36, 

101, 19, 0, 2.15719e-37, 

101, 20, 0, 3.65671e-38, 

101, 21, 0, 6.26758e-39, 

101, 22, 0, 1.08997e-39, 

101, 23, 0, 1.92745e-40, 

101, 24, 0, 3.46903e-41, 

101, 25, 0, 6.35354e-42, 

101, 26, 0, 1.18305e-42, 

101, 27, 0, 2.23681e-43, 

101, 28, 0, 4.28939e-44, 

101, 29, 0, 8.33726e-45, 

101, 30, 0, 1.64268e-45, 

101, 31, 0, 3.28374e-46, 

101, 32, 0, 6.66974e-47, 

101, 33, 0, 1.37886e-47, 

101, 34, 0, 2.90553e-48, 

101, 35, 0, 6.24411e-49, 

101, 36, 0, 1.36748e-49, 

101, 37, 0, 3.04483e-50, 

101, 38, 0, 6.86721e-51, 

101, 39, 0, 1.56197e-51, 

101, 40, 0, 3.57107e-52, 

101, 41, 0, 8.22259e-53, 

101, 42, 0, 1.94369e-53, 

101, 43, 0, 5.04585e-54, 

101, 44, 0, 1.67483e-54, 

101, 45, 0, 8.15829e-55, 

101, 46, 0, 5.41989e-55, 

101, 47, 0, 4.17152e-55, 

101, 48, 0, 3.40415e-55, 

101, 49, 0, 2.86109e-55, 

101, 50, 0, 2.45801e-55, 

101, 51, 0, 2.15443e-55, 

101, 52, 0, 1.92501e-55, 

101, 53, 0, 1.75289e-55, 

101, 54, 0, 1.62753e-55, 

101, 55, 0, 1.54357e-55, 

101, 56, 0, 1.49967e-55, 

101, 57, 0, 1.49728e-55, 

101, 58, 0, 1.53937e-55, 

101, 59, 0, 1.62932e-55, 

101, 60, 0, 1.76967e-55, 

101, 61, 0, 1.96063e-55, 

101, 62, 0, 2.19789e-55, 

101, 63, 0, 2.46976e-55, 

101, 64, 0, 2.75419e-55, 

101, 65, 0, 3.01736e-55, 

101, 66, 0, 3.21612e-55, 

101, 67, 0, 3.30612e-55, 

101, 68, 0, 3.25471e-55, 

101, 69, 0, 3.05404e-55, 

101, 70, 0, 2.72723e-55, 

101, 71, 0, 2.3228e-55, 

101, 72, 0, 1.89925e-55, 

101, 73, 0, 1.50758e-55, 

101, 74, 0, 1.18008e-55, 

101, 75, 0, 9.28615e-56, 

101, 76, 0, 7.49836e-56, 

101, 77, 0, 6.32611e-56, 

101, 78, 0, 5.63962e-56, 

101, 79, 0, 5.32436e-56, 

101, 80, 0, 5.30242e-56, 

101, 81, 0, 5.61086e-56, 

101, 82, 0, 6.9358e-56, 

101, 83, 0, 1.41681e-55, 

101, 84, 0, 5.97403e-55, 

101, 85, 0, 3.56155e-54, 

101, 86, 0, 2.29089e-53, 

101, 87, 0, 1.49126e-52, 

101, 88, 0, 9.72627e-52, 

101, 89, 0, 6.35298e-51, 

101, 90, 0, 4.15897e-50, 

101, 91, 0, 2.73004e-49, 

101, 92, 0, 1.79654e-48, 

101, 93, 0, 1.18407e-47, 

101, 94, 0, 7.80405e-47, 

101, 95, 0, 5.1336e-46, 

101, 96, 0, 3.36346e-45, 

101, 97, 0, 2.19068e-44, 

101, 98, 0, 1.41625e-43, 

101, 99, 0, 9.07885e-43, 

101, 100, 0, 5.76846e-42, 

101, 101, 0, 3.6326e-41, 

101, 102, 0, 2.2676e-40, 

101, 103, 0, 1.40309e-39, 

101, 104, 0, 8.59952e-39, 

101, 105, 0, 5.21163e-38, 

101, 106, 0, 3.11314e-37, 

101, 107, 0, 1.82395e-36, 

101, 108, 0, 1.041e-35, 

101, 109, 0, 5.73664e-35, 

101, 110, 0, 3.01903e-34, 

101, 111, 0, 1.49752e-33, 

101, 112, 0, 6.89377e-33, 

101, 113, 0, 2.89241e-32, 

101, 114, 0, 1.08266e-31, 

101, 115, 0, 3.52255e-31, 

101, 116, 0, 9.63489e-31, 

101, 117, 0, 2.11312e-30, 

101, 118, 0, 3.43287e-30, 

101, 119, 0, 3.43287e-30, 

102, 0, 0, 1.05774e-25, 

102, 1, 0, 1.05774e-25, 

102, 2, 0, 6.91179e-26, 

102, 3, 0, 3.44377e-26, 

102, 4, 0, 1.40219e-26, 

102, 5, 0, 4.86345e-27, 

102, 6, 0, 1.479e-27, 

102, 7, 0, 4.03045e-28, 

102, 8, 0, 1.0015e-28, 

102, 9, 0, 2.30191e-29, 

102, 10, 0, 4.95364e-30, 

102, 11, 0, 1.00855e-30, 

102, 12, 0, 1.96068e-31, 

102, 13, 0, 3.66989e-32, 

102, 14, 0, 6.66432e-33, 

102, 15, 0, 1.18258e-33, 

102, 16, 0, 2.0646e-34, 

102, 17, 0, 3.56932e-35, 

102, 18, 0, 6.14772e-36, 

102, 19, 0, 1.06076e-36, 

102, 20, 0, 1.84229e-37, 

102, 21, 0, 3.23302e-38, 

102, 22, 0, 5.74849e-39, 

102, 23, 0, 1.03729e-39, 

102, 24, 0, 1.9006e-40, 

102, 25, 0, 3.53524e-41, 

102, 26, 0, 6.67046e-42, 

102, 27, 0, 1.27562e-42, 

102, 28, 0, 2.47084e-43, 

102, 29, 0, 4.84707e-44, 

102, 30, 0, 9.63558e-45, 

102, 31, 0, 1.94339e-45, 

102, 32, 0, 3.98312e-46, 

102, 33, 0, 8.30919e-47, 

102, 34, 0, 1.76619e-47, 

102, 35, 0, 3.82556e-48, 

102, 36, 0, 8.43274e-49, 

102, 37, 0, 1.88657e-49, 

102, 38, 0, 4.26717e-50, 

102, 39, 0, 9.71881e-51, 

102, 40, 0, 2.2241e-51, 

102, 41, 0, 5.14004e-52, 

102, 42, 0, 1.23341e-52, 

102, 43, 0, 3.35363e-53, 

102, 44, 0, 1.22207e-53, 

102, 45, 0, 6.5667e-54, 

102, 46, 0, 4.60972e-54, 

102, 47, 0, 3.63109e-54, 

102, 48, 0, 2.99329e-54, 

102, 49, 0, 2.52804e-54, 

102, 50, 0, 2.17599e-54, 

102, 51, 0, 1.90647e-54, 

102, 52, 0, 1.69953e-54, 

102, 53, 0, 1.54172e-54, 

102, 54, 0, 1.42466e-54, 

102, 55, 0, 1.34417e-54, 

102, 56, 0, 1.29926e-54, 

102, 57, 0, 1.29116e-54, 

102, 58, 0, 1.32221e-54, 

102, 59, 0, 1.39493e-54, 

102, 60, 0, 1.51102e-54, 

102, 61, 0, 1.6701e-54, 

102, 62, 0, 1.86785e-54, 

102, 63, 0, 2.09361e-54, 

102, 64, 0, 2.32809e-54, 

102, 65, 0, 2.54241e-54, 

102, 66, 0, 2.70055e-54, 

102, 67, 0, 2.76639e-54, 

102, 68, 0, 2.71444e-54, 

102, 69, 0, 2.5402e-54, 

102, 70, 0, 2.26442e-54, 

102, 71, 0, 1.92783e-54, 

102, 72, 0, 1.57823e-54, 

102, 73, 0, 1.25662e-54, 

102, 74, 0, 9.88518e-55, 

102, 75, 0, 7.82994e-55, 

102, 76, 0, 6.37061e-55, 

102, 77, 0, 5.41613e-55, 

102, 78, 0, 4.86107e-55, 

102, 79, 0, 4.61126e-55, 

102, 80, 0, 4.59584e-55, 

102, 81, 0, 4.79893e-55, 

102, 82, 0, 5.48389e-55, 

102, 83, 0, 8.70615e-55, 

102, 84, 0, 2.82909e-54, 

102, 85, 0, 1.5535e-53, 

102, 86, 0, 9.8781e-53, 

102, 87, 0, 6.44525e-52, 

102, 88, 0, 4.22331e-51, 

102, 89, 0, 2.7721e-50, 

102, 90, 0, 1.82323e-49, 

102, 91, 0, 1.20189e-48, 

102, 92, 0, 7.93843e-48, 

102, 93, 0, 5.24825e-47, 

102, 94, 0, 3.46759e-46, 

102, 95, 0, 2.28532e-45, 

102, 96, 0, 1.49938e-44, 

102, 97, 0, 9.77566e-44, 

102, 98, 0, 6.32474e-43, 

102, 99, 0, 4.05722e-42, 

102, 100, 0, 2.57963e-41, 

102, 101, 0, 1.62573e-40, 

102, 102, 0, 1.01572e-39, 

102, 103, 0, 6.29052e-39, 

102, 104, 0, 3.85873e-38, 

102, 105, 0, 2.34006e-37, 

102, 106, 0, 1.39822e-36, 

102, 107, 0, 8.19001e-36, 

102, 108, 0, 4.67003e-35, 

102, 109, 0, 2.56909e-34, 

102, 110, 0, 1.34854e-33, 

102, 111, 0, 6.66588e-33, 

102, 112, 0, 3.05531e-32, 

102, 113, 0, 1.27537e-31, 

102, 114, 0, 4.74654e-31, 

102, 115, 0, 1.53491e-30, 

102, 116, 0, 4.17247e-30, 

102, 117, 0, 9.09913e-30, 

102, 118, 0, 1.47195e-29, 

102, 119, 0, 1.47195e-29, 

103, 0, 0, 4.2986e-25, 

103, 1, 0, 4.2986e-25, 

103, 2, 0, 2.80778e-25, 

103, 3, 0, 1.39859e-25, 

103, 4, 0, 5.69633e-26, 

103, 5, 0, 1.97812e-26, 

103, 6, 0, 6.02989e-27, 

103, 7, 0, 1.64952e-27, 

103, 8, 0, 4.12145e-28, 

103, 9, 0, 9.54364e-29, 

103, 10, 0, 2.07346e-29, 

103, 11, 0, 4.27172e-30, 

103, 12, 0, 8.42323e-31, 

103, 13, 0, 1.60301e-31, 

103, 14, 0, 2.96659e-32, 

103, 15, 0, 5.37617e-33, 

103, 16, 0, 9.60279e-34, 

103, 17, 0, 1.70072e-34, 

103, 18, 0, 3.00297e-35, 

103, 19, 0, 5.31173e-36, 

103, 20, 0, 9.4501e-37, 

103, 21, 0, 1.69634e-37, 

103, 22, 0, 3.07903e-38, 

103, 23, 0, 5.65826e-39, 

103, 24, 0, 1.05322e-39, 

103, 25, 0, 1.9855e-40, 

103, 26, 0, 3.78931e-41, 

103, 27, 0, 7.31844e-42, 

103, 28, 0, 1.43023e-42, 

103, 29, 0, 2.82941e-43, 

103, 30, 0, 5.67155e-44, 

103, 31, 0, 1.15352e-44, 

103, 32, 0, 2.38422e-45, 

103, 33, 0, 5.0147e-46, 

103, 34, 0, 1.07399e-46, 

103, 35, 0, 2.34113e-47, 

103, 36, 0, 5.1851e-48, 

103, 37, 0, 1.16331e-48, 

103, 38, 0, 2.63396e-49, 

103, 39, 0, 5.99794e-50, 

103, 40, 0, 1.37287e-50, 

103, 41, 0, 3.18785e-51, 

103, 42, 0, 7.80715e-52, 

103, 43, 0, 2.25075e-52, 

103, 44, 0, 9.08171e-53, 

103, 45, 0, 5.33703e-53, 

103, 46, 0, 3.91832e-53, 

103, 47, 0, 3.1445e-53, 

103, 48, 0, 2.61435e-53, 

103, 49, 0, 2.21734e-53, 

103, 50, 0, 1.91152e-53, 

103, 51, 0, 1.67376e-53, 

103, 52, 0, 1.48854e-53, 

103, 53, 0, 1.34527e-53, 

103, 54, 0, 1.23739e-53, 

103, 55, 0, 1.16169e-53, 

103, 56, 0, 1.11745e-53, 

103, 57, 0, 1.10563e-53, 

103, 58, 0, 1.12801e-53, 

103, 59, 0, 1.1864e-53, 

103, 60, 0, 1.28182e-53, 

103, 61, 0, 1.41346e-53, 

103, 62, 0, 1.57708e-53, 

103, 63, 0, 1.76315e-53, 

103, 64, 0, 1.95494e-53, 

103, 65, 0, 2.12807e-53, 

103, 66, 0, 2.25278e-53, 

103, 67, 0, 2.29997e-53, 

103, 68, 0, 2.24997e-53, 

103, 69, 0, 2.10063e-53, 

103, 70, 0, 1.87015e-53, 

103, 71, 0, 1.5923e-53, 

103, 72, 0, 1.30583e-53, 

103, 73, 0, 1.04342e-53, 

103, 74, 0, 8.25185e-54, 

103, 75, 0, 6.58069e-54, 

103, 76, 0, 5.39518e-54, 

103, 77, 0, 4.62168e-54, 

103, 78, 0, 4.17523e-54, 

103, 79, 0, 3.97917e-54, 

103, 80, 0, 3.9726e-54, 

103, 81, 0, 4.12239e-54, 

103, 82, 0, 4.51505e-54, 

103, 83, 0, 5.98879e-54, 

103, 84, 0, 1.43209e-53, 

103, 85, 0, 6.78396e-53, 

103, 86, 0, 4.19363e-52, 

103, 87, 0, 2.73494e-51, 

103, 88, 0, 1.7999e-50, 

103, 89, 0, 1.18737e-49, 

103, 90, 0, 7.84749e-49, 

103, 91, 0, 5.19616e-48, 

103, 92, 0, 3.44537e-47, 

103, 93, 0, 2.28521e-46, 

103, 94, 0, 1.51379e-45, 

103, 95, 0, 9.99658e-45, 

103, 96, 0, 6.56837e-44, 

103, 97, 0, 4.28707e-43, 

103, 98, 0, 2.77598e-42, 

103, 99, 0, 1.78201e-41, 

103, 100, 0, 1.13383e-40, 

103, 101, 0, 7.15125e-40, 

103, 102, 0, 4.47185e-39, 

103, 103, 0, 2.77206e-38, 

103, 104, 0, 1.70193e-37, 

103, 105, 0, 1.03281e-36, 

103, 106, 0, 6.17327e-36, 

103, 107, 0, 3.61532e-35, 

103, 108, 0, 2.05976e-34, 

103, 109, 0, 1.13129e-33, 

103, 110, 0, 5.92358e-33, 

103, 111, 0, 2.91824e-32, 

103, 112, 0, 1.33196e-31, 

103, 113, 0, 5.5324e-31, 

103, 114, 0, 2.04753e-30, 

103, 115, 0, 6.58184e-30, 

103, 116, 0, 1.7785e-29, 

103, 117, 0, 3.85715e-29, 

103, 118, 0, 6.21419e-29, 

103, 119, 0, 6.21419e-29, 

104, 0, 0, 1.75208e-24, 

104, 1, 0, 1.75208e-24, 

104, 2, 0, 1.14346e-24, 

104, 3, 0, 5.69204e-25, 

104, 4, 0, 2.31855e-25, 

104, 5, 0, 8.06151e-26, 

104, 6, 0, 2.46406e-26, 

104, 7, 0, 6.7707e-27, 

104, 8, 0, 1.70267e-27, 

104, 9, 0, 3.97708e-28, 

104, 10, 0, 8.73689e-29, 

104, 11, 0, 1.8246e-29, 

104, 12, 0, 3.65637e-30, 

104, 13, 0, 7.08893e-31, 

104, 14, 0, 1.33953e-31, 

104, 15, 0, 2.48335e-32, 

104, 16, 0, 4.54396e-33, 

104, 17, 0, 8.25037e-34, 

104, 18, 0, 1.49353e-34, 

104, 19, 0, 2.70656e-35, 

104, 20, 0, 4.92645e-36, 

104, 21, 0, 9.02976e-37, 

104, 22, 0, 1.66966e-37, 

104, 23, 0, 3.11797e-38, 

104, 24, 0, 5.88365e-39, 

104, 25, 0, 1.1221e-39, 

104, 26, 0, 2.16292e-40, 

104, 27, 0, 4.21435e-41, 

104, 28, 0, 8.30381e-42, 

104, 29, 0, 1.65589e-42, 

104, 30, 0, 3.34586e-43, 

104, 31, 0, 6.86003e-44, 

104, 32, 0, 1.42917e-44, 

104, 33, 0, 3.02825e-45, 

104, 34, 0, 6.52711e-46, 

104, 35, 0, 1.42976e-46, 

104, 36, 0, 3.17617e-47, 

104, 37, 0, 7.13339e-48, 

104, 38, 0, 1.61413e-48, 

104, 39, 0, 3.67052e-49, 

104, 40, 0, 8.4014e-50, 

104, 41, 0, 1.96423e-50, 

104, 42, 0, 4.94618e-51, 

104, 43, 0, 1.5325e-51, 

104, 44, 0, 6.87531e-52, 

104, 45, 0, 4.36945e-52, 

104, 46, 0, 3.32513e-52, 

104, 47, 0, 2.7089e-52, 

104, 48, 0, 2.26853e-52, 

104, 49, 0, 1.93108e-52, 

104, 50, 0, 1.66684e-52, 

104, 51, 0, 1.45845e-52, 

104, 52, 0, 1.29399e-52, 

104, 53, 0, 1.16525e-52, 

104, 54, 0, 1.06717e-52, 

104, 55, 0, 9.97285e-53, 

104, 56, 0, 9.5508e-53, 

104, 57, 0, 9.41275e-53, 

104, 58, 0, 9.5716e-53, 

104, 59, 0, 1.00396e-52, 

104, 60, 0, 1.08219e-52, 

104, 61, 0, 1.19072e-52, 

104, 62, 0, 1.32553e-52, 

104, 63, 0, 1.47815e-52, 

104, 64, 0, 1.63422e-52, 

104, 65, 0, 1.77333e-52, 

104, 66, 0, 1.87107e-52, 

104, 67, 0, 1.90421e-52, 

104, 68, 0, 1.85772e-52, 

104, 69, 0, 1.73101e-52, 

104, 70, 0, 1.5398e-52, 

104, 71, 0, 1.31181e-52, 

104, 72, 0, 1.07822e-52, 

104, 73, 0, 8.64997e-53, 

104, 74, 0, 6.87953e-53, 

104, 75, 0, 5.52462e-53, 

104, 76, 0, 4.56402e-53, 

104, 77, 0, 3.93873e-53, 

104, 78, 0, 3.58063e-53, 

104, 79, 0, 3.42769e-53, 

104, 80, 0, 3.42889e-53, 

104, 81, 0, 3.54839e-53, 

104, 82, 0, 3.80222e-53, 

104, 83, 0, 4.51906e-53, 

104, 84, 0, 8.07265e-53, 

104, 85, 0, 3.03382e-52, 

104, 86, 0, 1.76533e-51, 

104, 87, 0, 1.14359e-50, 

104, 88, 0, 7.55102e-50, 

104, 89, 0, 5.00594e-49, 

104, 90, 0, 3.32496e-48, 

104, 91, 0, 2.2117e-47, 

104, 92, 0, 1.4724e-46, 

104, 93, 0, 9.7991e-46, 

104, 94, 0, 6.509e-45, 

104, 95, 0, 4.30745e-44, 

104, 96, 0, 2.83477e-43, 

104, 97, 0, 1.85241e-42, 

104, 98, 0, 1.20058e-41, 

104, 99, 0, 7.71301e-41, 

104, 100, 0, 4.91123e-40, 

104, 101, 0, 3.10006e-39, 

104, 102, 0, 1.94021e-38, 

104, 103, 0, 1.20377e-37, 

104, 104, 0, 7.39653e-37, 

104, 105, 0, 4.49121e-36, 

104, 106, 0, 2.68508e-35, 

104, 107, 0, 1.57203e-34, 

104, 108, 0, 8.94777e-34, 

104, 109, 0, 4.90591e-33, 

104, 110, 0, 2.5622e-32, 

104, 111, 0, 1.25793e-31, 

104, 112, 0, 5.71708e-31, 

104, 113, 0, 2.36276e-30, 

104, 114, 0, 8.69569e-30, 

104, 115, 0, 2.77869e-29, 

104, 116, 0, 7.46389e-29, 

104, 117, 0, 1.61001e-28, 

104, 118, 0, 2.58358e-28, 

104, 119, 0, 2.58358e-28, 

105, 0, 0, 7.19287e-24, 

105, 1, 0, 7.19287e-24, 

105, 2, 0, 4.68954e-24, 

105, 3, 0, 2.33286e-24, 

105, 4, 0, 9.50536e-25, 

105, 5, 0, 3.31046e-25, 

105, 6, 0, 1.01525e-25, 

105, 7, 0, 2.80451e-26, 

105, 8, 0, 7.10575e-27, 

105, 9, 0, 1.67625e-27, 

105, 10, 0, 3.72845e-28, 

105, 11, 0, 7.90418e-29, 

105, 12, 0, 1.61195e-29, 

105, 13, 0, 3.18791e-30, 

105, 14, 0, 6.15694e-31, 

105, 15, 0, 1.1684e-31, 

105, 16, 0, 2.19034e-32, 

105, 17, 0, 4.07526e-33, 

105, 18, 0, 7.55546e-34, 

105, 19, 0, 1.40053e-34, 

105, 20, 0, 2.60287e-35, 

105, 21, 0, 4.86047e-36, 

105, 22, 0, 9.13434e-37, 

105, 23, 0, 1.72962e-37, 

105, 24, 0, 3.30252e-38, 

105, 25, 0, 6.36222e-39, 

105, 26, 0, 1.23728e-39, 

105, 27, 0, 2.43044e-40, 

105, 28, 0, 4.82641e-41, 

105, 29, 0, 9.69965e-42, 

105, 30, 0, 1.97532e-42, 

105, 31, 0, 4.08162e-43, 

105, 32, 0, 8.56646e-44, 

105, 33, 0, 1.82707e-44, 

105, 34, 0, 3.9586e-45, 

105, 35, 0, 8.70088e-46, 

105, 36, 0, 1.93555e-46, 

105, 37, 0, 4.34467e-47, 

105, 38, 0, 9.81177e-48, 

105, 39, 0, 2.22648e-48, 

105, 40, 0, 5.099e-49, 

105, 41, 0, 1.20463e-49, 

105, 42, 0, 3.14973e-50, 

105, 43, 0, 1.06307e-50, 

105, 44, 0, 5.29689e-51, 

105, 45, 0, 3.59596e-51, 

105, 46, 0, 2.81546e-51, 

105, 47, 0, 2.32198e-51, 

105, 48, 0, 1.95656e-51, 

105, 49, 0, 1.67079e-51, 

105, 50, 0, 1.4436e-51, 

105, 51, 0, 1.26209e-51, 

105, 52, 0, 1.1172e-51, 

105, 53, 0, 1.00268e-51, 

105, 54, 0, 9.14664e-52, 

105, 55, 0, 8.51281e-52, 

105, 56, 0, 8.12131e-52, 

105, 57, 0, 7.97728e-52, 

105, 58, 0, 8.08965e-52, 

105, 59, 0, 8.46618e-52, 

105, 60, 0, 9.10803e-52, 

105, 61, 0, 1.00023e-51, 

105, 62, 0, 1.11114e-51, 

105, 63, 0, 1.23606e-51, 

105, 64, 0, 1.36277e-51, 

105, 65, 0, 1.47423e-51, 

105, 66, 0, 1.5506e-51, 

105, 67, 0, 1.57339e-51, 

105, 68, 0, 1.53122e-51, 

105, 69, 0, 1.42453e-51, 

105, 70, 0, 1.26667e-51, 

105, 71, 0, 1.08027e-51, 

105, 72, 0, 8.90315e-52, 

105, 73, 0, 7.17397e-52, 

105, 74, 0, 5.73958e-52, 

105, 75, 0, 4.64194e-52, 

105, 76, 0, 3.86398e-52, 

105, 77, 0, 3.35872e-52, 

105, 78, 0, 3.07171e-52, 

105, 79, 0, 2.95281e-52, 

105, 80, 0, 2.95976e-52, 

105, 81, 0, 3.05935e-52, 

105, 82, 0, 3.24169e-52, 

105, 83, 0, 3.62735e-52, 

105, 84, 0, 5.17809e-52, 

105, 85, 0, 1.43961e-51, 

105, 86, 0, 7.45429e-51, 

105, 87, 0, 4.7347e-50, 

105, 88, 0, 3.129e-49, 

105, 89, 0, 2.08366e-48, 

105, 90, 0, 1.39078e-47, 

105, 91, 0, 9.2942e-47, 

105, 92, 0, 6.21304e-46, 

105, 93, 0, 4.14945e-45, 

105, 94, 0, 2.76421e-44, 

105, 95, 0, 1.83346e-43, 

105, 96, 0, 1.20876e-42, 

105, 97, 0, 7.90958e-42, 

105, 98, 0, 5.13196e-41, 

105, 99, 0, 3.30008e-40, 

105, 100, 0, 2.10315e-39, 

105, 101, 0, 1.3287e-38, 

105, 102, 0, 8.32303e-38, 

105, 103, 0, 5.1681e-37, 

105, 104, 0, 3.17766e-36, 

105, 105, 0, 1.93026e-35, 

105, 106, 0, 1.15399e-34, 

105, 107, 0, 6.75231e-34, 

105, 108, 0, 3.83844e-33, 

105, 109, 0, 2.10022e-32, 

105, 110, 0, 1.09369e-31, 

105, 111, 0, 5.34938e-31, 

105, 112, 0, 2.42008e-30, 

105, 113, 0, 9.94886e-30, 

105, 114, 0, 3.64016e-29, 

105, 115, 0, 1.15609e-28, 

105, 116, 0, 3.0866e-28, 

105, 117, 0, 6.62167e-28, 

105, 118, 0, 1.0584e-27, 

105, 119, 0, 1.0584e-27, 

106, 0, 0, 2.98401e-23, 

106, 1, 0, 2.98401e-23, 

106, 2, 0, 1.94376e-23, 

106, 3, 0, 9.66648e-24, 

106, 4, 0, 3.94208e-24, 

106, 5, 0, 1.37623e-24, 

106, 6, 0, 4.23851e-25, 

106, 7, 0, 1.17823e-25, 

106, 8, 0, 3.01097e-26, 

106, 9, 0, 7.18143e-27, 

106, 10, 0, 1.61906e-27, 

106, 11, 0, 3.4876e-28, 

106, 12, 0, 7.24382e-29, 

106, 13, 0, 1.46201e-29, 

106, 14, 0, 2.88622e-30, 

106, 15, 0, 5.60427e-31, 

106, 16, 0, 1.07538e-31, 

106, 17, 0, 2.04728e-32, 

106, 18, 0, 3.87985e-33, 

106, 19, 0, 7.3399e-34, 

106, 20, 0, 1.38938e-34, 

106, 21, 0, 2.63667e-35, 

106, 22, 0, 5.02454e-36, 

106, 23, 0, 9.62768e-37, 

106, 24, 0, 1.85706e-37, 

106, 25, 0, 3.60949e-38, 

106, 26, 0, 7.07637e-39, 

106, 27, 0, 1.40077e-39, 

106, 28, 0, 2.80294e-40, 

106, 29, 0, 5.67654e-41, 

106, 30, 0, 1.16495e-41, 

106, 31, 0, 2.42517e-42, 

106, 32, 0, 5.12462e-43, 

106, 33, 0, 1.09915e-43, 

106, 34, 0, 2.39094e-44, 

106, 35, 0, 5.26567e-45, 

106, 36, 0, 1.17128e-45, 

106, 37, 0, 2.62424e-46, 

106, 38, 0, 5.90951e-47, 

106, 39, 0, 1.33803e-47, 

106, 40, 0, 3.07097e-48, 

106, 41, 0, 7.37128e-49, 

106, 42, 0, 2.02586e-49, 

106, 43, 0, 7.53594e-50, 

106, 44, 0, 4.14438e-50, 

106, 45, 0, 2.96967e-50, 

106, 46, 0, 2.37805e-50, 

106, 47, 0, 1.98117e-50, 

106, 48, 0, 1.6783e-50, 

106, 49, 0, 1.43709e-50, 

106, 50, 0, 1.24262e-50, 

106, 51, 0, 1.08542e-50, 

106, 52, 0, 9.58727e-51, 

106, 53, 0, 8.57823e-51, 

106, 54, 0, 7.79795e-51, 

106, 55, 0, 7.23221e-51, 

106, 56, 0, 6.87774e-51, 

106, 57, 0, 6.73789e-51, 

106, 58, 0, 6.81848e-51, 

106, 59, 0, 7.12393e-51, 

106, 60, 0, 7.65269e-51, 

106, 61, 0, 8.39105e-51, 

106, 62, 0, 9.30447e-51, 

106, 63, 0, 1.03275e-50, 

106, 64, 0, 1.13562e-50, 

106, 65, 0, 1.22492e-50, 

106, 66, 0, 1.28454e-50, 

106, 67, 0, 1.29986e-50, 

106, 68, 0, 1.2623e-50, 

106, 69, 0, 1.17291e-50, 

106, 70, 0, 1.04295e-50, 

106, 71, 0, 8.90805e-51, 

106, 72, 0, 7.36454e-51, 

106, 73, 0, 5.96231e-51, 

106, 74, 0, 4.79961e-51, 

106, 75, 0, 3.90959e-51, 

106, 76, 0, 3.27882e-51, 

106, 77, 0, 2.87007e-51, 

106, 78, 0, 2.63985e-51, 

106, 79, 0, 2.54758e-51, 

106, 80, 0, 2.55837e-51, 

106, 81, 0, 2.64316e-51, 

106, 82, 0, 2.78408e-51, 

106, 83, 0, 3.01897e-51, 

106, 84, 0, 3.73282e-51, 

106, 85, 0, 7.57274e-51, 

106, 86, 0, 3.21835e-50, 

106, 87, 0, 1.95342e-49, 

106, 88, 0, 1.28532e-48, 

106, 89, 0, 8.58759e-48, 

106, 90, 0, 5.75851e-47, 

106, 91, 0, 3.86594e-46, 

106, 92, 0, 2.59515e-45, 

106, 93, 0, 1.73951e-44, 

106, 94, 0, 1.16235e-43, 

106, 95, 0, 7.72906e-43, 

106, 96, 0, 5.10599e-42, 

106, 97, 0, 3.34669e-41, 

106, 98, 0, 2.17445e-40, 

106, 99, 0, 1.39998e-39, 

106, 100, 0, 8.93214e-39, 

106, 101, 0, 5.64896e-38, 

106, 102, 0, 3.54193e-37, 

106, 103, 0, 2.2011e-36, 

106, 104, 0, 1.35412e-35, 

106, 105, 0, 8.22699e-35, 

106, 106, 0, 4.91672e-34, 

106, 107, 0, 2.87405e-33, 

106, 108, 0, 1.63092e-32, 

106, 109, 0, 8.90052e-32, 

106, 110, 0, 4.61888e-31, 

106, 111, 0, 2.24935e-30, 

106, 112, 0, 1.01238e-29, 

106, 113, 0, 4.13758e-29, 

106, 114, 0, 1.5043e-28, 

106, 115, 0, 4.74621e-28, 

106, 116, 0, 1.25905e-27, 

106, 117, 0, 2.68566e-27, 

106, 118, 0, 4.27538e-27, 

106, 119, 0, 4.27538e-27, 

107, 0, 0, 1.25359e-22, 

107, 1, 0, 1.25359e-22, 

107, 2, 0, 8.16173e-23, 

107, 3, 0, 4.06049e-23, 

107, 4, 0, 1.65883e-23, 

107, 5, 0, 5.81109e-24, 

107, 6, 0, 1.79925e-24, 

107, 7, 0, 5.03871e-25, 

107, 8, 0, 1.30008e-25, 

107, 9, 0, 3.13801e-26, 

107, 10, 0, 7.17612e-27, 

107, 11, 0, 1.57144e-27, 

107, 12, 0, 3.32464e-28, 

107, 13, 0, 6.84594e-29, 

107, 14, 0, 1.38039e-29, 

107, 15, 0, 2.7391e-30, 

107, 16, 0, 5.37047e-31, 

107, 17, 0, 1.0439e-31, 

107, 18, 0, 2.01722e-32, 

107, 19, 0, 3.88444e-33, 

107, 20, 0, 7.46948e-34, 

107, 21, 0, 1.43701e-34, 

107, 22, 0, 2.77073e-35, 

107, 23, 0, 5.3628e-36, 

107, 24, 0, 1.04354e-36, 

107, 25, 0, 2.04444e-37, 

107, 26, 0, 4.03824e-38, 

107, 27, 0, 8.05298e-39, 

107, 28, 0, 1.62347e-39, 

107, 29, 0, 3.3128e-40, 

107, 30, 0, 6.84945e-41, 

107, 31, 0, 1.43589e-41, 

107, 32, 0, 3.05253e-42, 

107, 33, 0, 6.57728e-43, 

107, 34, 0, 1.43462e-43, 

107, 35, 0, 3.16158e-44, 

107, 36, 0, 7.02315e-45, 

107, 37, 0, 1.56912e-45, 

107, 38, 0, 3.52211e-46, 

107, 39, 0, 7.96293e-47, 

107, 40, 0, 1.837e-47, 

107, 41, 0, 4.51473e-48, 

107, 42, 0, 1.32278e-48, 

107, 43, 0, 5.46607e-49, 

107, 44, 0, 3.28429e-49, 

107, 45, 0, 2.45749e-49, 

107, 46, 0, 2.00354e-49, 

107, 47, 0, 1.68339e-49, 

107, 48, 0, 1.43266e-49, 

107, 49, 0, 1.22963e-49, 

107, 50, 0, 1.06382e-49, 

107, 51, 0, 9.28387e-50, 

107, 52, 0, 8.18354e-50, 

107, 53, 0, 7.30221e-50, 

107, 54, 0, 6.61806e-50, 

107, 55, 0, 6.12024e-50, 

107, 56, 0, 5.80588e-50, 

107, 57, 0, 5.67687e-50, 

107, 58, 0, 5.73672e-50, 

107, 59, 0, 5.98744e-50, 

107, 60, 0, 6.42576e-50, 

107, 61, 0, 7.03789e-50, 

107, 62, 0, 7.79238e-50, 

107, 63, 0, 8.63214e-50, 

107, 64, 0, 9.46897e-50, 

107, 65, 0, 1.01858e-49, 

107, 66, 0, 1.06519e-49, 

107, 67, 0, 1.0752e-49, 

107, 68, 0, 1.04218e-49, 

107, 69, 0, 9.67511e-50, 

107, 70, 0, 8.60639e-50, 

107, 71, 0, 7.36461e-50, 

107, 72, 0, 6.10957e-50, 

107, 73, 0, 4.97102e-50, 

107, 74, 0, 4.0269e-50, 

107, 75, 0, 3.30374e-50, 

107, 76, 0, 2.79118e-50, 

107, 77, 0, 2.45982e-50, 

107, 78, 0, 2.27484e-50, 

107, 79, 0, 2.20333e-50, 

107, 80, 0, 2.21647e-50, 

107, 81, 0, 2.28935e-50, 

107, 82, 0, 2.40308e-50, 

107, 83, 0, 2.56375e-50, 

107, 84, 0, 2.92351e-50, 

107, 85, 0, 4.56046e-50, 

107, 86, 0, 1.46461e-49, 

107, 87, 0, 8.10677e-49, 

107, 88, 0, 5.2538e-48, 

107, 89, 0, 3.51324e-47, 

107, 90, 0, 2.3651e-46, 

107, 91, 0, 1.59475e-45, 

107, 92, 0, 1.07499e-44, 

107, 93, 0, 7.23248e-44, 

107, 94, 0, 4.84848e-43, 

107, 95, 0, 3.23298e-42, 

107, 96, 0, 2.14087e-41, 

107, 97, 0, 1.40611e-40, 

107, 98, 0, 9.15268e-40, 

107, 99, 0, 5.90255e-39, 

107, 100, 0, 3.77167e-38, 

107, 101, 0, 2.38861e-37, 

107, 102, 0, 1.49945e-36, 

107, 103, 0, 9.32665e-36, 

107, 104, 0, 5.74067e-35, 

107, 105, 0, 3.48766e-34, 

107, 106, 0, 2.0829e-33, 

107, 107, 0, 1.21575e-32, 

107, 108, 0, 6.88274e-32, 

107, 109, 0, 3.74383e-31, 

107, 110, 0, 1.93464e-30, 

107, 111, 0, 9.37314e-30, 

107, 112, 0, 4.19351e-29, 

107, 113, 0, 1.70252e-28, 

107, 114, 0, 6.14596e-28, 

107, 115, 0, 1.92504e-27, 

107, 116, 0, 5.0709e-27, 

107, 117, 0, 1.07502e-26, 

107, 118, 0, 1.704e-26, 

107, 119, 0, 1.704e-26, 

108, 0, 0, 5.33718e-22, 

108, 1, 0, 5.33718e-22, 

108, 2, 0, 3.47532e-22, 

108, 3, 0, 1.73134e-22, 

108, 4, 0, 7.09374e-23, 

108, 5, 0, 2.49662e-23, 

108, 6, 0, 7.78075e-24, 

108, 7, 0, 2.1976e-24, 

108, 8, 0, 5.73047e-25, 

108, 9, 0, 1.40077e-25, 

108, 10, 0, 3.25059e-26, 

108, 11, 0, 7.23648e-27, 

108, 12, 0, 1.55882e-27, 

108, 13, 0, 3.27188e-28, 

108, 14, 0, 6.72898e-29, 

108, 15, 0, 1.36194e-29, 

108, 16, 0, 2.72232e-30, 

108, 17, 0, 5.38893e-31, 

108, 18, 0, 1.05894e-31, 

108, 19, 0, 2.06997e-32, 

108, 20, 0, 4.03308e-33, 

108, 21, 0, 7.84767e-34, 

108, 22, 0, 1.52799e-34, 

108, 23, 0, 2.98274e-35, 

108, 24, 0, 5.84861e-36, 

108, 25, 0, 1.15406e-36, 

108, 26, 0, 2.29558e-37, 

108, 27, 0, 4.6104e-38, 

108, 28, 0, 9.36206e-39, 

108, 29, 0, 1.92431e-39, 

108, 30, 0, 4.00656e-40, 

108, 31, 0, 8.45206e-41, 

108, 32, 0, 1.80593e-41, 

108, 33, 0, 3.9045e-42, 

108, 34, 0, 8.52869e-43, 

108, 35, 0, 1.87844e-43, 

108, 36, 0, 4.16312e-44, 

108, 37, 0, 9.27032e-45, 

108, 38, 0, 2.07475e-45, 

108, 39, 0, 4.69183e-46, 

108, 40, 0, 1.09298e-46, 

108, 41, 0, 2.77872e-47, 

108, 42, 0, 8.80914e-48, 

108, 43, 0, 4.05383e-48, 

108, 44, 0, 2.62834e-48, 

108, 45, 0, 2.03537e-48, 

108, 46, 0, 1.68369e-48, 

108, 47, 0, 1.42497e-48, 

108, 48, 0, 1.21767e-48, 

108, 49, 0, 1.04721e-48, 

108, 50, 0, 9.06337e-49, 

108, 51, 0, 7.902e-49, 

108, 52, 0, 6.95223e-49, 

108, 53, 0, 6.18848e-49, 

108, 54, 0, 5.59449e-49, 

108, 55, 0, 5.16185e-49, 

108, 56, 0, 4.88791e-49, 

108, 57, 0, 4.77347e-49, 

108, 58, 0, 4.82035e-49, 

108, 59, 0, 5.02891e-49, 

108, 60, 0, 5.39491e-49, 

108, 61, 0, 5.90498e-49, 

108, 62, 0, 6.53074e-49, 

108, 63, 0, 7.22254e-49, 

108, 64, 0, 7.9056e-49, 

108, 65, 0, 8.4829e-49, 

108, 66, 0, 8.84852e-49, 

108, 67, 0, 8.9115e-49, 

108, 68, 0, 8.624e-49, 

108, 69, 0, 8.0013e-49, 

108, 70, 0, 7.12233e-49, 

108, 71, 0, 6.10785e-49, 

108, 72, 0, 5.08576e-49, 

108, 73, 0, 4.1594e-49, 

108, 74, 0, 3.39094e-49, 

108, 75, 0, 2.80184e-49, 

108, 76, 0, 2.38427e-49, 

108, 77, 0, 2.11499e-49, 

108, 78, 0, 1.96611e-49, 

108, 79, 0, 1.91083e-49, 

108, 80, 0, 1.92524e-49, 

108, 81, 0, 1.98821e-49, 

108, 82, 0, 2.08217e-49, 

108, 83, 0, 2.20189e-49, 

108, 84, 0, 2.40629e-49, 

108, 85, 0, 3.13873e-49, 

108, 86, 0, 7.32061e-49, 

108, 87, 0, 3.43616e-48, 

108, 88, 0, 2.1469e-47, 

108, 89, 0, 1.42965e-46, 

108, 90, 0, 9.64816e-46, 

108, 91, 0, 6.53075e-45, 

108, 92, 0, 4.41986e-44, 

108, 93, 0, 2.98487e-43, 

108, 94, 0, 2.00784e-42, 

108, 95, 0, 1.34296e-41, 

108, 96, 0, 8.91782e-41, 

108, 97, 0, 5.87216e-40, 

108, 98, 0, 3.8314e-39, 

108, 99, 0, 2.47639e-38, 

108, 100, 0, 1.58568e-37, 

108, 101, 0, 1.0061e-36, 

108, 102, 0, 6.32571e-36, 

108, 103, 0, 3.93913e-35, 

108, 104, 0, 2.42598e-34, 

108, 105, 0, 1.47366e-33, 

108, 106, 0, 8.79217e-33, 

108, 107, 0, 5.1218e-32, 

108, 108, 0, 2.89095e-31, 

108, 109, 0, 1.56614e-30, 

108, 110, 0, 8.05185e-30, 

108, 111, 0, 3.87733e-29, 

108, 112, 0, 1.72266e-28, 

108, 113, 0, 6.94046e-28, 

108, 114, 0, 2.48524e-27, 

108, 115, 0, 7.7207e-27, 

108, 116, 0, 2.0179e-26, 

108, 117, 0, 4.24885e-26, 

108, 118, 0, 6.70322e-26, 

108, 119, 0, 6.70322e-26, 

109, 0, 0, 2.30176e-21, 

109, 1, 0, 2.30176e-21, 

109, 2, 0, 1.5002e-21, 

109, 3, 0, 7.49265e-22, 

109, 4, 0, 3.08296e-22, 

109, 5, 0, 1.09156e-22, 

109, 6, 0, 3.42844e-23, 

109, 7, 0, 9.7767e-24, 

109, 8, 0, 2.57862e-24, 

109, 9, 0, 6.38663e-25, 

109, 10, 0, 1.50409e-25, 

109, 11, 0, 3.40287e-26, 

109, 12, 0, 7.45717e-27, 

109, 13, 0, 1.59334e-27, 

109, 14, 0, 3.33626e-28, 

109, 15, 0, 6.87253e-29, 

109, 16, 0, 1.39696e-29, 

109, 17, 0, 2.80868e-30, 

109, 18, 0, 5.59726e-31, 

109, 19, 0, 1.10779e-31, 

109, 20, 0, 2.1818e-32, 

109, 21, 0, 4.2851e-33, 

109, 22, 0, 8.41117e-34, 

109, 23, 0, 1.65381e-34, 

109, 24, 0, 3.2646e-35, 

109, 25, 0, 6.48381e-36, 

109, 26, 0, 1.2982e-36, 

109, 27, 0, 2.62489e-37, 

109, 28, 0, 5.36678e-38, 

109, 29, 0, 1.11056e-38, 

109, 30, 0, 2.32673e-39, 

109, 31, 0, 4.93442e-40, 

109, 32, 0, 1.05842e-40, 

109, 33, 0, 2.29318e-41, 

109, 34, 0, 5.00987e-42, 

109, 35, 0, 1.10159e-42, 

109, 36, 0, 2.4341e-43, 

109, 37, 0, 5.40205e-44, 

109, 38, 0, 1.20673e-44, 

109, 39, 0, 2.73762e-45, 

109, 40, 0, 6.48256e-46, 

109, 41, 0, 1.72669e-46, 

109, 42, 0, 6.00381e-47, 

109, 43, 0, 3.06635e-47, 

109, 44, 0, 2.11787e-47, 

109, 45, 0, 1.68537e-47, 

109, 46, 0, 1.41104e-47, 

109, 47, 0, 1.20185e-47, 

109, 48, 0, 1.03075e-47, 

109, 49, 0, 8.87988e-48, 

109, 50, 0, 7.68688e-48, 

109, 51, 0, 6.69534e-48, 

109, 52, 0, 5.88017e-48, 

109, 53, 0, 5.22301e-48, 

109, 54, 0, 4.71176e-48, 

109, 55, 0, 4.33981e-48, 

109, 56, 0, 4.10466e-48, 

109, 57, 0, 4.00625e-48, 

109, 58, 0, 4.04525e-48, 

109, 59, 0, 4.221e-48, 

109, 60, 0, 4.52879e-48, 

109, 61, 0, 4.95603e-48, 

109, 62, 0, 5.47733e-48, 

109, 63, 0, 6.04956e-48, 

109, 64, 0, 6.60936e-48, 

109, 65, 0, 7.07626e-48, 

109, 66, 0, 7.36435e-48, 

109, 67, 0, 7.4019e-48, 

109, 68, 0, 7.15344e-48, 

109, 69, 0, 6.63462e-48, 

109, 70, 0, 5.91127e-48, 

109, 71, 0, 5.08134e-48, 

109, 72, 0, 4.24739e-48, 

109, 73, 0, 3.492e-48, 

109, 74, 0, 2.86498e-48, 

109, 75, 0, 2.38389e-48, 

109, 76, 0, 2.04289e-48, 

109, 77, 0, 1.82364e-48, 

109, 78, 0, 1.7037e-48, 

109, 79, 0, 1.66117e-48, 

109, 80, 0, 1.67616e-48, 

109, 81, 0, 1.73075e-48, 

109, 82, 0, 1.80939e-48, 

109, 83, 0, 1.90343e-48, 

109, 84, 0, 2.03477e-48, 

109, 85, 0, 2.3902e-48, 

109, 86, 0, 4.17325e-48, 

109, 87, 0, 1.52577e-47, 

109, 88, 0, 8.83345e-47, 

109, 89, 0, 5.79862e-46, 

109, 90, 0, 3.9116e-45, 

109, 91, 0, 2.65521e-44, 

109, 92, 0, 1.80345e-43, 

109, 93, 0, 1.2224e-42, 

109, 94, 0, 8.2519e-42, 

109, 95, 0, 5.53794e-41, 

109, 96, 0, 3.68925e-40, 

109, 97, 0, 2.43682e-39, 

109, 98, 0, 1.59475e-38, 

109, 99, 0, 1.03376e-37, 

109, 100, 0, 6.6377e-37, 

109, 101, 0, 4.22214e-36, 

109, 102, 0, 2.66022e-35, 

109, 103, 0, 1.65912e-34, 

109, 104, 0, 1.0226e-33, 

109, 105, 0, 6.21091e-33, 

109, 106, 0, 3.70113e-32, 

109, 107, 0, 2.15096e-31, 

109, 108, 0, 1.20973e-30, 

109, 109, 0, 6.52199e-30, 

109, 110, 0, 3.33294e-29, 

109, 111, 0, 1.59357e-28, 

109, 112, 0, 7.02323e-28, 

109, 113, 0, 2.80485e-27, 

109, 114, 0, 9.95139e-27, 

109, 115, 0, 3.06298e-26, 

109, 116, 0, 7.93523e-26, 

109, 117, 0, 1.65816e-25, 

109, 118, 0, 2.60235e-25, 

109, 119, 0, 2.60235e-25, 

110, 0, 0, 1.00391e-20, 

110, 1, 0, 1.00391e-20, 

110, 2, 0, 6.55531e-21, 

110, 3, 0, 3.28645e-21, 

110, 4, 0, 1.35988e-21, 

110, 5, 0, 4.85036e-22, 

110, 6, 0, 1.53722e-22, 

110, 7, 0, 4.43028e-23, 

110, 8, 0, 1.1827e-23, 

110, 9, 0, 2.96894e-24, 

110, 10, 0, 7.09501e-25, 

110, 11, 0, 1.63028e-25, 

110, 12, 0, 3.63057e-26, 

110, 13, 0, 7.88434e-27, 

110, 14, 0, 1.67749e-27, 

110, 15, 0, 3.50891e-28, 

110, 16, 0, 7.23515e-29, 

110, 17, 0, 1.47372e-29, 

110, 18, 0, 2.97107e-30, 

110, 19, 0, 5.93995e-31, 

110, 20, 0, 1.18015e-31, 

110, 21, 0, 2.33549e-32, 

110, 22, 0, 4.61516e-33, 

110, 23, 0, 9.13037e-34, 

110, 24, 0, 1.813e-34, 

110, 25, 0, 3.6221e-35, 

110, 26, 0, 7.29629e-36, 

110, 27, 0, 1.48445e-36, 

110, 28, 0, 3.05396e-37, 

110, 29, 0, 6.35702e-38, 

110, 30, 0, 1.33879e-38, 

110, 31, 0, 2.85072e-39, 

110, 32, 0, 6.12998e-40, 

110, 33, 0, 1.32906e-40, 

110, 34, 0, 2.90044e-41, 

110, 35, 0, 6.36131e-42, 

110, 36, 0, 1.40095e-42, 

110, 37, 0, 3.10052e-43, 

110, 38, 0, 6.92667e-44, 

110, 39, 0, 1.58339e-44, 

110, 40, 0, 3.84518e-45, 

110, 41, 0, 1.08875e-45, 

110, 42, 0, 4.19351e-46, 

110, 43, 0, 2.3568e-46, 

110, 44, 0, 1.71349e-46, 

110, 45, 0, 1.39369e-46, 

110, 46, 0, 1.17886e-46, 

110, 47, 0, 1.00985e-46, 

110, 48, 0, 8.68928e-47, 

110, 49, 0, 7.49705e-47, 

110, 50, 0, 6.49029e-47, 

110, 51, 0, 5.64744e-47, 

110, 52, 0, 4.95162e-47, 

110, 53, 0, 4.3899e-47, 

110, 54, 0, 3.95334e-47, 

110, 55, 0, 3.63661e-47, 

110, 56, 0, 3.43731e-47, 

110, 57, 0, 3.35482e-47, 

110, 58, 0, 3.38904e-47, 

110, 59, 0, 3.53872e-47, 

110, 60, 0, 3.7991e-47, 

110, 61, 0, 4.15857e-47, 

110, 62, 0, 4.59458e-47, 

110, 63, 0, 5.06979e-47, 

110, 64, 0, 5.53048e-47, 

110, 65, 0, 5.90983e-47, 

110, 66, 0, 6.13811e-47, 

110, 67, 0, 6.15868e-47, 

110, 68, 0, 5.94541e-47, 

110, 69, 0, 5.51352e-47, 

110, 70, 0, 4.91788e-47, 

110, 71, 0, 4.23804e-47, 

110, 72, 0, 3.55646e-47, 

110, 73, 0, 2.93931e-47, 

110, 74, 0, 2.42668e-47, 

110, 75, 0, 2.03304e-47, 

110, 76, 0, 1.75412e-47, 

110, 77, 0, 1.57541e-47, 

110, 78, 0, 1.47884e-47, 

110, 79, 0, 1.44642e-47, 

110, 80, 0, 1.46156e-47, 

110, 81, 0, 1.50902e-47, 

110, 82, 0, 1.57533e-47, 

110, 83, 0, 1.65143e-47, 

110, 84, 0, 1.74457e-47, 

110, 85, 0, 1.93732e-47, 

110, 86, 0, 2.73876e-47, 

110, 87, 0, 7.36723e-47, 

110, 88, 0, 3.70707e-46, 

110, 89, 0, 2.35169e-45, 

110, 90, 0, 1.57663e-44, 

110, 91, 0, 1.07106e-43, 

110, 92, 0, 7.29488e-43, 

110, 93, 0, 4.96121e-42, 

110, 94, 0, 3.36093e-41, 

110, 95, 0, 2.26364e-40, 

110, 96, 0, 1.51344e-39, 

110, 97, 0, 1.00331e-38, 

110, 98, 0, 6.59027e-38, 

110, 99, 0, 4.28766e-37, 

110, 100, 0, 2.76282e-36, 

110, 101, 0, 1.7631e-35, 

110, 102, 0, 1.11395e-34, 

110, 103, 0, 6.96176e-34, 

110, 104, 0, 4.29576e-33, 

110, 105, 0, 2.60913e-32, 

110, 106, 0, 1.55283e-31, 

110, 107, 0, 9.00047e-31, 

110, 108, 0, 5.04127e-30, 

110, 109, 0, 2.7029e-29, 

110, 110, 0, 1.37178e-28, 

110, 111, 0, 6.50584e-28, 

110, 112, 0, 2.84112e-27, 

110, 113, 0, 1.12342e-26, 

110, 114, 0, 3.94459e-26, 

110, 115, 0, 1.20154e-25, 

110, 116, 0, 3.08224e-25, 

110, 117, 0, 6.3861e-25, 

110, 118, 0, 9.96417e-25, 

110, 119, 0, 9.96417e-25, 

111, 0, 0, 4.41681e-20, 

111, 1, 0, 4.41681e-20, 

111, 2, 0, 2.89221e-20, 

111, 3, 0, 1.45738e-20, 

111, 4, 0, 6.07271e-21, 

111, 5, 0, 2.18482e-21, 

111, 6, 0, 6.99488e-22, 

111, 7, 0, 2.03917e-22, 

111, 8, 0, 5.5129e-23, 

111, 9, 0, 1.40284e-23, 

111, 10, 0, 3.40076e-24, 

111, 11, 0, 7.93039e-25, 

111, 12, 0, 1.79253e-25, 

111, 13, 0, 3.95017e-26, 

111, 14, 0, 8.52345e-27, 

111, 15, 0, 1.80653e-27, 

111, 16, 0, 3.77005e-28, 

111, 17, 0, 7.7622e-29, 

111, 18, 0, 1.57971e-29, 

111, 19, 0, 3.18419e-30, 

111, 20, 0, 6.37131e-31, 

111, 21, 0, 1.26873e-31, 

111, 22, 0, 2.52128e-32, 

111, 23, 0, 5.01451e-33, 

111, 24, 0, 1.00095e-33, 

111, 25, 0, 2.01042e-34, 

111, 26, 0, 4.07191e-35, 

111, 27, 0, 8.33013e-36, 

111, 28, 0, 1.7229e-36, 

111, 29, 0, 3.60355e-37, 

111, 30, 0, 7.6184e-38, 

111, 31, 0, 1.62632e-38, 

111, 32, 0, 3.50044e-39, 

111, 33, 0, 7.58385e-40, 

111, 34, 0, 1.65135e-40, 

111, 35, 0, 3.61019e-41, 

111, 36, 0, 7.9253e-42, 

111, 37, 0, 1.75133e-42, 

111, 38, 0, 3.92493e-43, 

111, 39, 0, 9.09627e-44, 

111, 40, 0, 2.29083e-44, 

111, 41, 0, 6.99878e-45, 

111, 42, 0, 2.99902e-45, 

111, 43, 0, 1.83269e-45, 

111, 44, 0, 1.38836e-45, 

111, 45, 0, 1.14959e-45, 

111, 46, 0, 9.81171e-46, 

111, 47, 0, 8.44928e-46, 

111, 48, 0, 7.29217e-46, 

111, 49, 0, 6.29994e-46, 

111, 50, 0, 5.45376e-46, 

111, 51, 0, 4.74073e-46, 

111, 52, 0, 4.15013e-46, 

111, 53, 0, 3.67314e-46, 

111, 54, 0, 3.30312e-46, 

111, 55, 0, 3.03575e-46, 

111, 56, 0, 2.86871e-46, 

111, 57, 0, 2.80103e-46, 

111, 58, 0, 2.83216e-46, 

111, 59, 0, 2.96058e-46, 

111, 60, 0, 3.18172e-46, 

111, 61, 0, 3.48511e-46, 

111, 62, 0, 3.85089e-46, 

111, 63, 0, 4.24682e-46, 

111, 64, 0, 4.62739e-46, 

111, 65, 0, 4.93709e-46, 

111, 66, 0, 5.11918e-46, 

111, 67, 0, 5.12891e-46, 

111, 68, 0, 4.94708e-46, 

111, 69, 0, 4.58806e-46, 

111, 70, 0, 4.09754e-46, 

111, 71, 0, 3.54023e-46, 

111, 72, 0, 2.98256e-46, 

111, 73, 0, 2.47772e-46, 

111, 74, 0, 2.05812e-46, 

111, 75, 0, 1.73572e-46, 

111, 76, 0, 1.50745e-46, 

111, 77, 0, 1.36183e-46, 

111, 78, 0, 1.28426e-46, 

111, 79, 0, 1.25993e-46, 

111, 80, 0, 1.27494e-46, 

111, 81, 0, 1.31635e-46, 

111, 82, 0, 1.37255e-46, 

111, 83, 0, 1.4351e-46, 

111, 84, 0, 1.50555e-46, 

111, 85, 0, 1.62345e-46, 

111, 86, 0, 2.01552e-46, 

111, 87, 0, 4.02383e-46, 

111, 88, 0, 1.62405e-45, 

111, 89, 0, 9.59995e-45, 

111, 90, 0, 6.3247e-44, 

111, 91, 0, 4.28297e-43, 

111, 92, 0, 2.92037e-42, 

111, 93, 0, 1.9914e-41, 

111, 94, 0, 1.35351e-40, 

111, 95, 0, 9.14943e-40, 

111, 96, 0, 6.14116e-39, 

111, 97, 0, 4.08806e-38, 

111, 98, 0, 2.69686e-37, 

111, 99, 0, 1.76232e-36, 

111, 100, 0, 1.14049e-35, 

111, 101, 0, 7.30744e-35, 

111, 102, 0, 4.63305e-34, 

111, 103, 0, 2.90323e-33, 

111, 104, 0, 1.79431e-32, 

111, 105, 0, 1.09013e-31, 

111, 106, 0, 6.4801e-31, 

111, 107, 0, 3.74544e-30, 

111, 108, 0, 2.08852e-29, 

111, 109, 0, 1.11297e-28, 

111, 110, 0, 5.60563e-28, 

111, 111, 0, 2.63469e-27, 

111, 112, 0, 1.13894e-26, 

111, 113, 0, 4.45412e-26, 

111, 114, 0, 1.54603e-25, 

111, 115, 0, 4.65524e-25, 

111, 116, 0, 1.18121e-24, 

111, 117, 0, 2.42439e-24, 

111, 118, 0, 3.75834e-24, 

111, 119, 0, 3.75834e-24, 

112, 0, 0, 1.95382e-19, 

112, 1, 0, 1.95382e-19, 

112, 2, 0, 1.28422e-19, 

112, 3, 0, 6.51212e-20, 

112, 4, 0, 2.73605e-20, 

112, 5, 0, 9.94105e-21, 

112, 6, 0, 3.21835e-21, 

112, 7, 0, 9.49731e-22, 

112, 8, 0, 2.60123e-22, 

112, 9, 0, 6.70981e-23, 

112, 10, 0, 1.64939e-23, 

112, 11, 0, 3.90033e-24, 

112, 12, 0, 8.93756e-25, 

112, 13, 0, 1.99558e-25, 

112, 14, 0, 4.35926e-26, 

112, 15, 0, 9.34408e-27, 

112, 16, 0, 1.96982e-27, 

112, 17, 0, 4.09192e-28, 

112, 18, 0, 8.3922e-29, 

112, 19, 0, 1.70294e-29, 

112, 20, 0, 3.42736e-30, 

112, 21, 0, 6.86059e-31, 

112, 22, 0, 1.36997e-31, 

112, 23, 0, 2.73743e-32, 

112, 24, 0, 5.48976e-33, 

112, 25, 0, 1.10787e-33, 

112, 26, 0, 2.25462e-34, 

112, 27, 0, 4.63379e-35, 

112, 28, 0, 9.62435e-36, 

112, 29, 0, 2.0199e-36, 

112, 30, 0, 4.28018e-37, 

112, 31, 0, 9.1451e-38, 

112, 32, 0, 1.96704e-38, 

112, 33, 0, 4.2526e-39, 

112, 34, 0, 9.23021e-40, 

112, 35, 0, 2.01081e-40, 

112, 36, 0, 4.40306e-41, 

112, 37, 0, 9.73578e-42, 

112, 38, 0, 2.19847e-42, 

112, 39, 0, 5.20756e-43, 

112, 40, 0, 1.37797e-43, 

112, 41, 0, 4.60228e-44, 

112, 42, 0, 2.18927e-44, 

112, 43, 0, 1.43557e-44, 

112, 44, 0, 1.12388e-44, 

112, 45, 0, 9.4463e-45, 

112, 46, 0, 8.12788e-45, 

112, 47, 0, 7.0337e-45, 

112, 48, 0, 6.08766e-45, 

112, 49, 0, 5.26562e-45, 

112, 50, 0, 4.55795e-45, 

112, 51, 0, 3.95812e-45, 

112, 52, 0, 3.45997e-45, 

112, 53, 0, 3.0577e-45, 

112, 54, 0, 2.74644e-45, 

112, 55, 0, 2.52261e-45, 

112, 56, 0, 2.38402e-45, 

112, 57, 0, 2.32951e-45, 

112, 58, 0, 2.35832e-45, 

112, 59, 0, 2.46887e-45, 

112, 60, 0, 2.657e-45, 

112, 61, 0, 2.9134e-45, 

112, 62, 0, 3.22078e-45, 

112, 63, 0, 3.55143e-45, 

112, 64, 0, 3.86683e-45, 

112, 65, 0, 4.12086e-45, 

112, 66, 0, 4.26726e-45, 

112, 67, 0, 4.27058e-45, 

112, 68, 0, 4.11678e-45, 

112, 69, 0, 3.81903e-45, 

112, 70, 0, 3.41537e-45, 

112, 71, 0, 2.9585e-45, 

112, 72, 0, 2.50206e-45, 

112, 73, 0, 2.08894e-45, 

112, 74, 0, 1.7454e-45, 

112, 75, 0, 1.48137e-45, 

112, 76, 0, 1.29468e-45, 

112, 77, 0, 1.17625e-45, 

112, 78, 0, 1.11422e-45, 

112, 79, 0, 1.09641e-45, 

112, 80, 0, 1.11114e-45, 

112, 81, 0, 1.1474e-45, 

112, 82, 0, 1.19521e-45, 

112, 83, 0, 1.24705e-45, 

112, 84, 0, 1.30232e-45, 

112, 85, 0, 1.38217e-45, 

112, 86, 0, 1.59663e-45, 

112, 87, 0, 2.52957e-45, 

112, 88, 0, 7.69929e-45, 

112, 89, 0, 3.99962e-44, 

112, 90, 0, 2.53434e-43, 

112, 91, 0, 1.69769e-42, 

112, 92, 0, 1.15526e-41, 

112, 93, 0, 7.88741e-41, 

112, 94, 0, 5.37519e-40, 

112, 95, 0, 3.64612e-39, 

112, 96, 0, 2.45718e-38, 

112, 97, 0, 1.64306e-37, 

112, 98, 0, 1.08916e-36, 

112, 99, 0, 7.15329e-36, 

112, 100, 0, 4.65264e-35, 

112, 101, 0, 2.99534e-34, 

112, 102, 0, 1.90709e-33, 

112, 103, 0, 1.19902e-32, 

112, 104, 0, 7.42603e-32, 

112, 105, 0, 4.5146e-31, 

112, 106, 0, 2.68091e-30, 

112, 107, 0, 1.54518e-29, 

112, 108, 0, 8.57611e-29, 

112, 109, 0, 4.54068e-28, 

112, 110, 0, 2.26832e-27, 

112, 111, 0, 1.05581e-26, 

112, 112, 0, 4.51418e-26, 

112, 113, 0, 1.74441e-25, 

112, 114, 0, 5.9796e-25, 

112, 115, 0, 1.7781e-24, 

112, 116, 0, 4.45843e-24, 

112, 117, 0, 9.05722e-24, 

112, 118, 0, 1.39415e-23, 

112, 119, 0, 1.39415e-23, 

113, 0, 0, 8.65795e-19, 

113, 1, 0, 8.65795e-19, 

113, 2, 0, 5.7172e-19, 

113, 3, 0, 2.92072e-19, 

113, 4, 0, 1.23872e-19, 

113, 5, 0, 4.54987e-20, 

113, 6, 0, 1.49072e-20, 

113, 7, 0, 4.45559e-21, 

113, 8, 0, 1.23665e-21, 

113, 9, 0, 3.23333e-22, 

113, 10, 0, 8.05598e-23, 

113, 11, 0, 1.93027e-23, 

113, 12, 0, 4.47929e-24, 

113, 13, 0, 1.01201e-24, 

113, 14, 0, 2.23474e-25, 

113, 15, 0, 4.83696e-26, 

113, 16, 0, 1.02846e-26, 

113, 17, 0, 2.15243e-27, 

113, 18, 0, 4.44306e-28, 

113, 19, 0, 9.0666e-29, 

113, 20, 0, 1.83385e-29, 

113, 21, 0, 3.68755e-30, 

113, 22, 0, 7.39522e-31, 

113, 23, 0, 1.48392e-31, 

113, 24, 0, 2.98841e-32, 

113, 25, 0, 6.05594e-33, 

113, 26, 0, 1.23738e-33, 

113, 27, 0, 2.55233e-34, 

113, 28, 0, 5.31671e-35, 

113, 29, 0, 1.11798e-35, 

113, 30, 0, 2.37048e-36, 

113, 31, 0, 5.06064e-37, 

113, 32, 0, 1.08607e-37, 

113, 33, 0, 2.34008e-38, 

113, 34, 0, 5.05932e-39, 

113, 35, 0, 1.09846e-39, 

113, 36, 0, 2.40249e-40, 

113, 37, 0, 5.33248e-41, 

113, 38, 0, 1.22057e-41, 

113, 39, 0, 2.98495e-42, 

113, 40, 0, 8.41525e-43, 

113, 41, 0, 3.09986e-43, 

113, 42, 0, 1.62401e-43, 

113, 43, 0, 1.12817e-43, 

113, 44, 0, 9.06943e-44, 

113, 45, 0, 7.72162e-44, 

113, 46, 0, 6.69348e-44, 

113, 47, 0, 5.81943e-44, 

113, 48, 0, 5.05035e-44, 

113, 49, 0, 4.37335e-44, 

113, 50, 0, 3.78527e-44, 

113, 51, 0, 3.2841e-44, 

113, 52, 0, 2.86698e-44, 

113, 53, 0, 2.53032e-44, 

113, 54, 0, 2.27056e-44, 

113, 55, 0, 2.08475e-44, 

113, 56, 0, 1.97086e-44, 

113, 57, 0, 1.9277e-44, 

113, 58, 0, 1.95442e-44, 

113, 59, 0, 2.04957e-44, 

113, 60, 0, 2.20948e-44, 

113, 61, 0, 2.42608e-44, 

113, 62, 0, 2.68443e-44, 

113, 63, 0, 2.96089e-44, 

113, 64, 0, 3.22296e-44, 

113, 65, 0, 3.43228e-44, 

113, 66, 0, 3.55111e-44, 

113, 67, 0, 3.55122e-44, 

113, 68, 0, 3.42233e-44, 

113, 69, 0, 3.17627e-44, 

113, 70, 0, 2.84464e-44, 

113, 71, 0, 2.47043e-44, 

113, 72, 0, 2.09705e-44, 

113, 73, 0, 1.75915e-44, 

113, 74, 0, 1.47807e-44, 

113, 75, 0, 1.2621e-44, 

113, 76, 0, 1.1097e-44, 

113, 77, 0, 1.01368e-44, 

113, 78, 0, 9.64442e-45, 

113, 79, 0, 9.51893e-45, 

113, 80, 0, 9.66224e-45, 

113, 81, 0, 9.98081e-45, 

113, 82, 0, 1.03889e-44, 

113, 83, 0, 1.08205e-44, 

113, 84, 0, 1.12621e-44, 

113, 85, 0, 1.18412e-44, 

113, 86, 0, 1.31587e-44, 

113, 87, 0, 1.79541e-44, 

113, 88, 0, 4.10976e-44, 

113, 89, 0, 1.7452e-43, 

113, 90, 0, 1.02386e-42, 

113, 91, 0, 6.68559e-42, 

113, 92, 0, 4.51311e-41, 

113, 93, 0, 3.0767e-40, 

113, 94, 0, 2.09959e-39, 

113, 95, 0, 1.42828e-38, 

113, 96, 0, 9.66259e-38, 

113, 97, 0, 6.49088e-37, 

113, 98, 0, 4.32496e-36, 

113, 99, 0, 2.8562e-35, 

113, 100, 0, 1.86818e-34, 

113, 101, 0, 1.20922e-33, 

113, 102, 0, 7.7362e-33, 

113, 103, 0, 4.88283e-32, 

113, 104, 0, 3.03208e-31, 

113, 105, 0, 1.84526e-30, 

113, 106, 0, 1.09494e-29, 

113, 107, 0, 6.29383e-29, 

113, 108, 0, 3.4768e-28, 

113, 109, 0, 1.82855e-27, 

113, 110, 0, 9.05693e-27, 

113, 111, 0, 4.17282e-26, 

113, 112, 0, 1.76353e-25, 

113, 113, 0, 6.72914e-25, 

113, 114, 0, 2.27629e-24, 

113, 115, 0, 6.67926e-24, 

113, 116, 0, 1.65371e-23, 

113, 117, 0, 3.32279e-23, 

113, 118, 0, 5.07586e-23, 

113, 119, 0, 5.07586e-23, 

114, 0, 0, 3.82843e-18, 

114, 1, 0, 3.82843e-18, 

114, 2, 0, 2.54174e-18, 

114, 3, 0, 1.3094e-18, 

114, 4, 0, 5.61102e-19, 

114, 5, 0, 2.0852e-19, 

114, 6, 0, 6.9187e-20, 

114, 7, 0, 2.09535e-20, 

114, 8, 0, 5.89423e-21, 

114, 9, 0, 1.56183e-21, 

114, 10, 0, 3.94246e-22, 

114, 11, 0, 9.5649e-23, 

114, 12, 0, 2.24564e-23, 

114, 13, 0, 5.1282e-24, 

114, 14, 0, 1.14338e-24, 

114, 15, 0, 2.49595e-25, 

114, 16, 0, 5.34663e-26, 

114, 17, 0, 1.12623e-26, 

114, 18, 0, 2.33786e-27, 

114, 19, 0, 4.79435e-28, 

114, 20, 0, 9.74072e-29, 

114, 21, 0, 1.96685e-29, 

114, 22, 0, 3.96021e-30, 

114, 23, 0, 7.97754e-31, 

114, 24, 0, 1.61266e-31, 

114, 25, 0, 3.27974e-32, 

114, 26, 0, 6.72272e-33, 

114, 27, 0, 1.39019e-33, 

114, 28, 0, 2.90045e-34, 

114, 29, 0, 6.10112e-35, 

114, 30, 0, 1.2923e-35, 

114, 31, 0, 2.75214e-36, 

114, 32, 0, 5.88491e-37, 

114, 33, 0, 1.2625e-37, 

114, 34, 0, 2.71822e-38, 

114, 35, 0, 5.88633e-39, 

114, 36, 0, 1.28887e-39, 

114, 37, 0, 2.88467e-40, 

114, 38, 0, 6.7451e-41, 

114, 39, 0, 1.72317e-41, 

114, 40, 0, 5.2433e-42, 

114, 41, 0, 2.13611e-42, 

114, 42, 0, 1.21802e-42, 

114, 43, 0, 8.8634e-43, 

114, 44, 0, 7.28136e-43, 

114, 45, 0, 6.2696e-43, 

114, 46, 0, 5.47253e-43, 

114, 47, 0, 4.7792e-43, 

114, 48, 0, 4.15856e-43, 

114, 49, 0, 3.60525e-43, 

114, 50, 0, 3.12045e-43, 

114, 51, 0, 2.70521e-43, 

114, 52, 0, 2.35894e-43, 

114, 53, 0, 2.07966e-43, 

114, 54, 0, 1.86478e-43, 

114, 55, 0, 1.71191e-43, 

114, 56, 0, 1.61922e-43, 

114, 57, 0, 1.58557e-43, 

114, 58, 0, 1.61018e-43, 

114, 59, 0, 1.6918e-43, 

114, 60, 0, 1.82732e-43, 

114, 61, 0, 2.00988e-43, 

114, 62, 0, 2.22677e-43, 

114, 63, 0, 2.45794e-43, 

114, 64, 0, 2.67611e-43, 

114, 65, 0, 2.84939e-43, 

114, 66, 0, 2.9469e-43, 

114, 67, 0, 2.94605e-43, 

114, 68, 0, 2.83923e-43, 

114, 69, 0, 2.63685e-43, 

114, 70, 0, 2.36512e-43, 

114, 71, 0, 2.05912e-43, 

114, 72, 0, 1.75406e-43, 

114, 73, 0, 1.47803e-43, 

114, 74, 0, 1.24841e-43, 

114, 75, 0, 1.0721e-43, 

114, 76, 0, 9.48051e-44, 

114, 77, 0, 8.70559e-44, 

114, 78, 0, 8.31825e-44, 

114, 79, 0, 8.23511e-44, 

114, 80, 0, 8.37373e-44, 

114, 81, 0, 8.65447e-44, 

114, 82, 0, 9.0037e-44, 

114, 83, 0, 9.36404e-44, 

114, 84, 0, 9.7194e-44, 

114, 85, 0, 1.01555e-43, 

114, 86, 0, 1.10441e-43, 

114, 87, 0, 1.38216e-43, 

114, 88, 0, 2.51799e-43, 

114, 89, 0, 8.28801e-43, 

114, 90, 0, 4.252e-42, 

114, 91, 0, 2.6347e-41, 

114, 92, 0, 1.74429e-40, 

114, 93, 0, 1.18126e-39, 

114, 94, 0, 8.05176e-39, 

114, 95, 0, 5.48596e-38, 

114, 96, 0, 3.72326e-37, 

114, 97, 0, 2.512e-36, 

114, 98, 0, 1.68246e-35, 

114, 99, 0, 1.11746e-34, 

114, 100, 0, 7.35262e-34, 

114, 101, 0, 4.78688e-33, 

114, 102, 0, 3.07868e-32, 

114, 103, 0, 1.95162e-31, 

114, 104, 0, 1.21558e-30, 

114, 105, 0, 7.4082e-30, 

114, 106, 0, 4.3938e-29, 

114, 107, 0, 2.51925e-28, 

114, 108, 0, 1.38525e-27, 

114, 109, 0, 7.23671e-27, 

114, 110, 0, 3.55342e-26, 

114, 111, 0, 1.62016e-25, 

114, 112, 0, 6.766e-25, 

114, 113, 0, 2.54823e-24, 

114, 114, 0, 8.50253e-24, 

114, 115, 0, 2.46064e-23, 

114, 116, 0, 6.01252e-23, 

114, 117, 0, 1.19431e-22, 

114, 118, 0, 1.80986e-22, 

114, 119, 0, 1.80986e-22, 

115, 0, 0, 1.68284e-17, 

115, 1, 0, 1.68284e-17, 

115, 2, 0, 1.12399e-17, 

115, 3, 0, 5.84337e-18, 

115, 4, 0, 2.53187e-18, 

115, 5, 0, 9.52574e-19, 

115, 6, 0, 3.20227e-19, 

115, 7, 0, 9.82944e-20, 

115, 8, 0, 2.8025e-20, 

115, 9, 0, 7.52447e-21, 

115, 10, 0, 1.92349e-21, 

115, 11, 0, 4.72221e-22, 

115, 12, 0, 1.12082e-22, 

115, 13, 0, 2.58481e-23, 

115, 14, 0, 5.81358e-24, 

115, 15, 0, 1.27882e-24, 

115, 16, 0, 2.7577e-25, 

115, 17, 0, 5.84271e-26, 

115, 18, 0, 1.21907e-26, 

115, 19, 0, 2.51154e-27, 

115, 20, 0, 5.12447e-28, 

115, 21, 0, 1.0389e-28, 

115, 22, 0, 2.0999e-29, 

115, 23, 0, 4.24575e-30, 

115, 24, 0, 8.6124e-31, 

115, 25, 0, 1.75685e-31, 

115, 26, 0, 3.6097e-32, 

115, 27, 0, 7.47529e-33, 

115, 28, 0, 1.56001e-33, 

115, 29, 0, 3.27783e-34, 

115, 30, 0, 6.92521e-35, 

115, 31, 0, 1.46919e-35, 

115, 32, 0, 3.12684e-36, 

115, 33, 0, 6.67567e-37, 

115, 34, 0, 1.43184e-37, 

115, 35, 0, 3.09765e-38, 

115, 36, 0, 6.81393e-39, 

115, 37, 0, 1.54726e-39, 

115, 38, 0, 3.73138e-40, 

115, 39, 0, 1.00833e-40, 

115, 40, 0, 3.34379e-41, 

115, 41, 0, 1.50102e-41, 

115, 42, 0, 9.19101e-42, 

115, 43, 0, 6.94092e-42, 

115, 44, 0, 5.80531e-42, 

115, 45, 0, 5.04908e-42, 

115, 46, 0, 4.43585e-42, 

115, 47, 0, 3.89061e-42, 

115, 48, 0, 3.3943e-42, 

115, 49, 0, 2.94637e-42, 

115, 50, 0, 2.55064e-42, 

115, 51, 0, 2.21007e-42, 

115, 52, 0, 1.92555e-42, 

115, 53, 0, 1.6962e-42, 

115, 54, 0, 1.52022e-42, 

115, 55, 0, 1.39567e-42, 

115, 56, 0, 1.32098e-42, 

115, 57, 0, 1.29516e-42, 

115, 58, 0, 1.31754e-42, 

115, 59, 0, 1.38715e-42, 

115, 60, 0, 1.50146e-42, 

115, 61, 0, 1.65475e-42, 

115, 62, 0, 1.83638e-42, 

115, 63, 0, 2.02953e-42, 

115, 64, 0, 2.21138e-42, 

115, 65, 0, 2.35547e-42, 

115, 66, 0, 2.43646e-42, 

115, 67, 0, 2.43614e-42, 

115, 68, 0, 2.34877e-42, 

115, 69, 0, 2.1833e-42, 

115, 70, 0, 1.96142e-42, 

115, 71, 0, 1.71178e-42, 

115, 72, 0, 1.463e-42, 

115, 73, 0, 1.23792e-42, 

115, 74, 0, 1.05072e-42, 

115, 75, 0, 9.07155e-43, 

115, 76, 0, 8.06544e-43, 

115, 77, 0, 7.44343e-43, 

115, 78, 0, 7.14218e-43, 

115, 79, 0, 7.09277e-43, 

115, 80, 0, 7.22596e-43, 

115, 81, 0, 7.47395e-43, 

115, 82, 0, 7.7735e-43, 

115, 83, 0, 8.07469e-43, 

115, 84, 0, 8.36116e-43, 

115, 85, 0, 8.69451e-43, 

115, 86, 0, 9.33026e-43, 

115, 87, 0, 1.11235e-42, 

115, 88, 0, 1.74037e-42, 

115, 89, 0, 4.44978e-42, 

115, 90, 0, 1.87621e-41, 

115, 91, 0, 1.05597e-40, 

115, 92, 0, 6.71329e-40, 

115, 93, 0, 4.4727e-39, 

115, 94, 0, 3.03088e-38, 

115, 95, 0, 2.0632e-37, 

115, 96, 0, 1.40283e-36, 

115, 97, 0, 9.49836e-36, 

115, 98, 0, 6.39202e-35, 

115, 99, 0, 4.26906e-34, 

115, 100, 0, 2.82566e-33, 

115, 101, 0, 1.85054e-32, 

115, 102, 0, 1.1967e-31, 

115, 103, 0, 7.62087e-31, 

115, 104, 0, 4.76239e-30, 

115, 105, 0, 2.9072e-29, 

115, 106, 0, 1.72386e-28, 

115, 107, 0, 9.86126e-28, 

115, 108, 0, 5.39826e-27, 

115, 109, 0, 2.8016e-26, 

115, 110, 0, 1.36387e-25, 

115, 111, 0, 6.15399e-25, 

115, 112, 0, 2.53941e-24, 

115, 113, 0, 9.43917e-24, 

115, 114, 0, 3.10618e-23, 

115, 115, 0, 8.86441e-23, 

115, 116, 0, 2.1372e-22, 

115, 117, 0, 4.19581e-22, 

115, 118, 0, 6.30635e-22, 

115, 119, 0, 6.30635e-22, 

116, 0, 0, 7.32713e-17, 

116, 1, 0, 7.32713e-17, 

116, 2, 0, 4.9257e-17, 

116, 3, 0, 2.58566e-17, 

116, 4, 0, 1.1334e-17, 

116, 5, 0, 4.31899e-18, 

116, 6, 0, 1.47147e-18, 

116, 7, 0, 4.57845e-19, 

116, 8, 0, 1.323e-19, 

116, 9, 0, 3.59839e-20, 

116, 10, 0, 9.31164e-21, 

116, 11, 0, 2.312e-21, 

116, 12, 0, 5.54405e-22, 

116, 13, 0, 1.2903e-22, 

116, 14, 0, 2.9255e-23, 

116, 15, 0, 6.4807e-24, 

116, 16, 0, 1.40615e-24, 

116, 17, 0, 2.9954e-25, 

116, 18, 0, 6.28044e-26, 

116, 19, 0, 1.29973e-26, 

116, 20, 0, 2.66315e-27, 

116, 21, 0, 5.42093e-28, 

116, 22, 0, 1.09993e-28, 

116, 23, 0, 2.23189e-29, 

116, 24, 0, 4.54165e-30, 

116, 25, 0, 9.28787e-31, 

116, 26, 0, 1.9114e-31, 

116, 27, 0, 3.96007e-32, 

116, 28, 0, 8.25659e-33, 

116, 29, 0, 1.7307e-33, 

116, 30, 0, 3.64279e-34, 

116, 31, 0, 7.69105e-35, 

116, 32, 0, 1.62828e-35, 

116, 33, 0, 3.46004e-36, 

116, 34, 0, 7.40206e-37, 

116, 35, 0, 1.60423e-37, 

116, 36, 0, 3.56286e-38, 

116, 37, 0, 8.27346e-39, 

116, 38, 0, 2.08058e-39, 

116, 39, 0, 6.01665e-40, 

116, 40, 0, 2.18414e-40, 

116, 41, 0, 1.07062e-40, 

116, 42, 0, 6.94792e-41, 

116, 43, 0, 5.40468e-41, 

116, 44, 0, 4.58904e-41, 

116, 45, 0, 4.0273e-41, 

116, 46, 0, 3.55977e-41, 

116, 47, 0, 3.13537e-41, 

116, 48, 0, 2.7428e-41, 

116, 49, 0, 2.38433e-41, 

116, 50, 0, 2.06511e-41, 

116, 51, 0, 1.78911e-41, 

116, 52, 0, 1.55809e-41, 

116, 53, 0, 1.37192e-41, 

116, 54, 0, 1.22941e-41, 

116, 55, 0, 1.12902e-41, 

116, 56, 0, 1.06949e-41, 

116, 57, 0, 1.05e-41, 

116, 58, 0, 1.07008e-41, 

116, 59, 0, 1.129e-41, 

116, 60, 0, 1.22482e-41, 

116, 61, 0, 1.35291e-41, 

116, 62, 0, 1.50449e-41, 

116, 63, 0, 1.66559e-41, 

116, 64, 0, 1.81727e-41, 

116, 65, 0, 1.9376e-41, 

116, 66, 0, 2.00573e-41, 

116, 67, 0, 2.00683e-41, 

116, 68, 0, 1.93642e-41, 

116, 69, 0, 1.80207e-41, 

116, 70, 0, 1.62163e-41, 

116, 71, 0, 1.41853e-41, 

116, 72, 0, 1.2161e-41, 

116, 73, 0, 1.03294e-41, 

116, 74, 0, 8.80689e-42, 

116, 75, 0, 7.64133e-42, 

116, 76, 0, 6.82849e-42, 

116, 77, 0, 6.33221e-42, 

116, 78, 0, 6.10101e-42, 

116, 79, 0, 6.07798e-42, 

116, 80, 0, 6.20498e-42, 

116, 81, 0, 6.42433e-42, 

116, 82, 0, 6.68166e-42, 

116, 83, 0, 6.9335e-42, 

116, 84, 0, 7.164e-42, 

116, 85, 0, 7.41916e-42, 

116, 86, 0, 7.88711e-42, 

116, 87, 0, 9.13716e-42, 

116, 88, 0, 1.30467e-41, 

116, 89, 0, 2.73358e-41, 

116, 90, 0, 9.17022e-41, 

116, 91, 0, 4.43183e-40, 

116, 92, 0, 2.61099e-39, 

116, 93, 0, 1.68115e-38, 

116, 94, 0, 1.12274e-37, 

116, 95, 0, 7.60148e-37, 

116, 96, 0, 5.16467e-36, 

116, 97, 0, 3.50385e-35, 

116, 98, 0, 2.36676e-34, 

116, 99, 0, 1.58839e-33, 

116, 100, 0, 1.05712e-32, 

116, 101, 0, 6.96223e-32, 

116, 102, 0, 4.52621e-31, 

116, 103, 0, 2.89545e-30, 

116, 104, 0, 1.8154e-29, 

116, 105, 0, 1.11015e-28, 

116, 106, 0, 6.58213e-28, 

116, 107, 0, 3.75727e-27, 

116, 108, 0, 2.04809e-26, 

116, 109, 0, 1.05619e-25, 

116, 110, 0, 5.09891e-25, 

116, 111, 0, 2.27742e-24, 

116, 112, 0, 9.28816e-24, 

116, 113, 0, 3.40823e-23, 

116, 114, 0, 1.10637e-22, 

116, 115, 0, 3.11405e-22, 

116, 116, 0, 7.4091e-22, 

116, 117, 0, 1.43773e-21, 

116, 118, 0, 2.14324e-21, 

116, 119, 0, 2.14324e-21, 

117, 0, 0, 3.15019e-16, 

117, 1, 0, 3.15019e-16, 

117, 2, 0, 2.13218e-16, 

117, 3, 0, 1.13055e-16, 

117, 4, 0, 5.01514e-17, 

117, 5, 0, 1.93612e-17, 

117, 6, 0, 6.68612e-18, 

117, 7, 0, 2.10882e-18, 

117, 8, 0, 6.17509e-19, 

117, 9, 0, 1.70094e-19, 

117, 10, 0, 4.45387e-20, 

117, 11, 0, 1.11786e-20, 

117, 12, 0, 2.70669e-21, 

117, 13, 0, 6.35373e-22, 

117, 14, 0, 1.45146e-22, 

117, 15, 0, 3.23659e-23, 

117, 16, 0, 7.0635e-24, 

117, 17, 0, 1.51255e-24, 

117, 18, 0, 3.18657e-25, 

117, 19, 0, 6.62428e-26, 

117, 20, 0, 1.36316e-26, 

117, 21, 0, 2.78618e-27, 

117, 22, 0, 5.67518e-28, 

117, 23, 0, 1.15558e-28, 

117, 24, 0, 2.35831e-29, 

117, 25, 0, 4.83279e-30, 

117, 26, 0, 9.95509e-31, 

117, 27, 0, 2.06171e-31, 

117, 28, 0, 4.29058e-32, 

117, 29, 0, 8.96384e-33, 

117, 30, 0, 1.87815e-33, 

117, 31, 0, 3.94454e-34, 

117, 32, 0, 8.30832e-35, 

117, 33, 0, 1.75901e-35, 

117, 34, 0, 3.76207e-36, 

117, 35, 0, 8.20264e-37, 

117, 36, 0, 1.8518e-37, 

117, 37, 0, 4.4402e-38, 

117, 38, 0, 1.17777e-38, 

117, 39, 0, 3.67643e-39, 

117, 40, 0, 1.45857e-39, 

117, 41, 0, 7.71272e-40, 

117, 42, 0, 5.24328e-40, 

117, 43, 0, 4.17656e-40, 

117, 44, 0, 3.59171e-40, 

117, 45, 0, 3.17757e-40, 

117, 46, 0, 2.82478e-40, 

117, 47, 0, 2.4983e-40, 

117, 48, 0, 2.19173e-40, 

117, 49, 0, 1.90867e-40, 

117, 50, 0, 1.6547e-40, 

117, 51, 0, 1.43411e-40, 

117, 52, 0, 1.24905e-40, 

117, 53, 0, 1.0999e-40, 

117, 54, 0, 9.85912e-41, 

117, 55, 0, 9.05965e-41, 

117, 56, 0, 8.59072e-41, 

117, 57, 0, 8.44638e-41, 

117, 58, 0, 8.62371e-41, 

117, 59, 0, 9.11834e-41, 

117, 60, 0, 9.91588e-41, 

117, 61, 0, 1.098e-40, 

117, 62, 0, 1.22396e-40, 

117, 63, 0, 1.35801e-40, 

117, 64, 0, 1.48452e-40, 

117, 65, 0, 1.58538e-40, 

117, 66, 0, 1.64337e-40, 

117, 67, 0, 1.6463e-40, 

117, 68, 0, 1.59051e-40, 

117, 69, 0, 1.48225e-40, 

117, 70, 0, 1.33618e-40, 

117, 71, 0, 1.17146e-40, 

117, 72, 0, 1.00713e-40, 

117, 73, 0, 8.5843e-41, 

117, 74, 0, 7.34904e-41, 

117, 75, 0, 6.40561e-41, 

117, 76, 0, 5.75153e-41, 

117, 77, 0, 5.35803e-41, 

117, 78, 0, 5.18327e-41, 

117, 79, 0, 5.18028e-41, 

117, 80, 0, 5.30032e-41, 

117, 81, 0, 5.49432e-41, 

117, 82, 0, 5.7155e-41, 

117, 83, 0, 5.92597e-41, 

117, 84, 0, 6.11063e-41, 

117, 85, 0, 6.30441e-41, 

117, 86, 0, 6.6513e-41, 

117, 87, 0, 7.56087e-41, 

117, 88, 0, 1.02255e-40, 

117, 89, 0, 1.87637e-40, 

117, 90, 0, 5.1108e-40, 

117, 91, 0, 2.02902e-39, 

117, 92, 0, 1.05419e-38, 

117, 93, 0, 6.36264e-38, 

117, 94, 0, 4.12202e-37, 

117, 95, 0, 2.7531e-36, 

117, 96, 0, 1.86066e-35, 

117, 97, 0, 1.26128e-34, 

117, 98, 0, 8.53523e-34, 

117, 99, 0, 5.74819e-33, 

117, 100, 0, 3.84263e-32, 

117, 101, 0, 2.54302e-31, 

117, 102, 0, 1.66101e-30, 

117, 103, 0, 1.06689e-29, 

117, 104, 0, 6.70939e-29, 

117, 105, 0, 4.10939e-28, 

117, 106, 0, 2.43614e-27, 

117, 107, 0, 1.38778e-26, 

117, 108, 0, 7.53422e-26, 

117, 109, 0, 3.86189e-25, 

117, 110, 0, 1.84958e-24, 

117, 111, 0, 8.18122e-24, 

117, 112, 0, 3.29945e-23, 

117, 113, 0, 1.19586e-22, 

117, 114, 0, 3.83156e-22, 

117, 115, 0, 1.06425e-21, 

117, 116, 0, 2.50001e-21, 

117, 117, 0, 4.79695e-21, 

117, 118, 0, 7.09392e-21, 

117, 119, 0, 7.09392e-21, 

118, 0, 0, 1.33389e-15, 

118, 1, 0, 1.33389e-15, 

118, 2, 0, 9.09159e-16, 

118, 3, 0, 4.87037e-16, 

118, 4, 0, 2.18682e-16, 

118, 5, 0, 8.55378e-17, 

118, 6, 0, 2.99418e-17, 

118, 7, 0, 9.57188e-18, 

118, 8, 0, 2.8397e-18, 

118, 9, 0, 7.91913e-19, 

118, 10, 0, 2.09737e-19, 

118, 11, 0, 5.3187e-20, 

118, 12, 0, 1.2997e-20, 

118, 13, 0, 3.07566e-21, 

118, 14, 0, 7.07592e-22, 

118, 15, 0, 1.58767e-22, 

118, 16, 0, 3.48414e-23, 

118, 17, 0, 7.49852e-24, 

118, 18, 0, 1.58723e-24, 

118, 19, 0, 3.31446e-25, 

118, 20, 0, 6.8503e-26, 

118, 21, 0, 1.40598e-26, 

118, 22, 0, 2.87494e-27, 

118, 23, 0, 5.8738e-28, 

118, 24, 0, 1.20192e-28, 

118, 25, 0, 2.46716e-29, 

118, 26, 0, 5.08427e-30, 

118, 27, 0, 1.0519e-30, 

118, 28, 0, 2.18367e-31, 

118, 29, 0, 4.54471e-32, 

118, 30, 0, 9.47702e-33, 

118, 31, 0, 1.98045e-33, 

118, 32, 0, 4.15428e-34, 

118, 33, 0, 8.78188e-35, 

118, 34, 0, 1.88483e-35, 

118, 35, 0, 4.15931e-36, 

118, 36, 0, 9.62811e-37, 

118, 37, 0, 2.40985e-37, 

118, 38, 0, 6.81176e-38, 

118, 39, 0, 2.30411e-38, 

118, 40, 0, 9.92057e-39, 

118, 41, 0, 5.5858e-39, 

118, 42, 0, 3.9393e-39, 

118, 43, 0, 3.19823e-39, 

118, 44, 0, 2.78017e-39, 

118, 45, 0, 2.47738e-39, 

118, 46, 0, 2.21416e-39, 

118, 47, 0, 1.96631e-39, 

118, 48, 0, 1.73035e-39, 

118, 49, 0, 1.51023e-39, 

118, 50, 0, 1.31131e-39, 

118, 51, 0, 1.13771e-39, 

118, 52, 0, 9.91692e-40, 

118, 53, 0, 8.73903e-40, 

118, 54, 0, 7.83966e-40, 

118, 55, 0, 7.21112e-40, 

118, 56, 0, 6.84647e-40, 

118, 57, 0, 6.74191e-40, 

118, 58, 0, 6.89636e-40, 

118, 59, 0, 7.3079e-40, 

118, 60, 0, 7.9667e-40, 

118, 61, 0, 8.84506e-40, 

118, 62, 0, 9.88659e-40, 

118, 63, 0, 1.09985e-39, 

118, 64, 0, 1.20529e-39, 

118, 65, 0, 1.29006e-39, 

118, 66, 0, 1.3399e-39, 

118, 67, 0, 1.34469e-39, 

118, 68, 0, 1.3013e-39, 

118, 69, 0, 1.21479e-39, 

118, 70, 0, 1.09711e-39, 

118, 71, 0, 9.63947e-40, 

118, 72, 0, 8.30896e-40, 

118, 73, 0, 7.10444e-40, 

118, 74, 0, 6.10472e-40, 

118, 75, 0, 5.34334e-40, 

118, 76, 0, 4.81907e-40, 

118, 77, 0, 4.50899e-40, 

118, 78, 0, 4.37913e-40, 

118, 79, 0, 4.39077e-40, 

118, 80, 0, 4.50309e-40, 

118, 81, 0, 4.67438e-40, 

118, 82, 0, 4.86436e-40, 

118, 83, 0, 5.03994e-40, 

118, 84, 0, 5.18691e-40, 

118, 85, 0, 5.3319e-40, 

118, 86, 0, 5.58728e-40, 

118, 87, 0, 6.2612e-40, 

118, 88, 0, 8.18037e-40, 

118, 89, 0, 1.38306e-39, 

118, 90, 0, 3.23016e-39, 

118, 91, 0, 1.05112e-38, 

118, 92, 0, 4.59593e-38, 

118, 93, 0, 2.4875e-37, 

118, 94, 0, 1.52154e-36, 

118, 95, 0, 9.88017e-36, 

118, 96, 0, 6.58931e-35, 

118, 97, 0, 4.44172e-34, 

118, 98, 0, 3.00172e-33, 

118, 99, 0, 2.02393e-32, 

118, 100, 0, 1.35659e-31, 

118, 101, 0, 9.00833e-31, 

118, 102, 0, 5.90478e-30, 

118, 103, 0, 3.80468e-29, 

118, 104, 0, 2.39819e-28, 

118, 105, 0, 1.47046e-27, 

118, 106, 0, 8.71369e-27, 

118, 107, 0, 4.95339e-26, 

118, 108, 0, 2.67866e-25, 

118, 109, 0, 1.36517e-24, 

118, 110, 0, 6.4894e-24, 

118, 111, 0, 2.8445e-23, 

118, 112, 0, 1.13526e-22, 

118, 113, 0, 4.06761e-22, 

118, 114, 0, 1.28751e-21, 

118, 115, 0, 3.53227e-21, 

118, 116, 0, 8.19936e-21, 

118, 117, 0, 1.55676e-20, 

118, 118, 0, 2.28492e-20, 

118, 119, 0, 2.28492e-20, 

119, 0, 0, 5.55136e-15, 

119, 1, 0, 5.55136e-15, 

119, 2, 0, 3.81058e-15, 

119, 3, 0, 2.06256e-15, 

119, 4, 0, 9.37433e-16, 

119, 5, 0, 3.71519e-16, 

119, 6, 0, 1.31808e-16, 

119, 7, 0, 4.27012e-17, 

119, 8, 0, 1.28312e-17, 

119, 9, 0, 3.62131e-18, 

119, 10, 0, 9.6965e-19, 

119, 11, 0, 2.48317e-19, 

119, 12, 0, 6.12068e-20, 

119, 13, 0, 1.4594e-20, 

119, 14, 0, 3.3797e-21, 

119, 15, 0, 7.62733e-22, 

119, 16, 0, 1.68255e-22, 

119, 17, 0, 3.63862e-23, 

119, 18, 0, 7.73721e-24, 

119, 19, 0, 1.62285e-24, 

119, 20, 0, 3.36854e-25, 

119, 21, 0, 6.94218e-26, 

119, 22, 0, 1.4249e-26, 

119, 23, 0, 2.92063e-27, 

119, 24, 0, 5.99077e-28, 

119, 25, 0, 1.23138e-28, 

119, 26, 0, 2.53776e-29, 

119, 27, 0, 5.2434e-30, 

119, 28, 0, 1.08555e-30, 

119, 29, 0, 2.25073e-31, 

119, 30, 0, 4.67324e-32, 

119, 31, 0, 9.72809e-33, 

119, 32, 0, 2.03656e-33, 

119, 33, 0, 4.31391e-34, 

119, 34, 0, 9.34312e-35, 

119, 35, 0, 2.10352e-35, 

119, 36, 0, 5.04475e-36, 

119, 37, 0, 1.33242e-36, 

119, 38, 0, 4.04203e-37, 

119, 39, 0, 1.47919e-37, 

119, 40, 0, 6.83989e-38, 

119, 41, 0, 4.05092e-38, 

119, 42, 0, 2.94038e-38, 

119, 43, 0, 2.42407e-38, 

119, 44, 0, 2.12642e-38, 

119, 45, 0, 1.90697e-38, 

119, 46, 0, 1.71297e-38, 

119, 47, 0, 1.52754e-38, 

119, 48, 0, 1.34883e-38, 

119, 49, 0, 1.18055e-38, 

119, 50, 0, 1.02741e-38, 

119, 51, 0, 8.93093e-39, 

119, 52, 0, 7.7975e-39, 

119, 53, 0, 6.8816e-39, 

119, 54, 0, 6.18227e-39, 

119, 55, 0, 5.6949e-39, 

119, 56, 0, 5.41524e-39, 

119, 57, 0, 5.34151e-39, 

119, 58, 0, 5.47425e-39, 

119, 59, 0, 5.81357e-39, 

119, 60, 0, 6.35345e-39, 

119, 61, 0, 7.07354e-39, 

119, 62, 0, 7.92998e-39, 

119, 63, 0, 8.84873e-39, 

119, 64, 0, 9.72589e-39, 

119, 65, 0, 1.04391e-38, 

119, 66, 0, 1.08704e-38, 

119, 67, 0, 1.09346e-38, 

119, 68, 0, 1.06041e-38, 

119, 69, 0, 9.91878e-39, 

119, 70, 0, 8.9756e-39, 

119, 71, 0, 7.90277e-39, 

119, 72, 0, 6.82834e-39, 

119, 73, 0, 5.85503e-39, 

119, 74, 0, 5.04798e-39, 

119, 75, 0, 4.43533e-39, 

119, 76, 0, 4.01669e-39, 

119, 77, 0, 3.77383e-39, 

119, 78, 0, 3.67919e-39, 

119, 79, 0, 3.70088e-39, 

119, 80, 0, 3.80479e-39, 

119, 81, 0, 3.95549e-39, 

119, 82, 0, 4.11829e-39, 

119, 83, 0, 4.26428e-39, 

119, 84, 0, 4.38021e-39, 

119, 85, 0, 4.48633e-39, 

119, 86, 0, 4.67113e-39, 

119, 87, 0, 5.17184e-39, 

119, 88, 0, 6.59262e-39, 

119, 89, 0, 1.05865e-38, 

119, 90, 0, 2.23763e-38, 

119, 91, 0, 6.20781e-38, 

119, 92, 0, 2.2508e-37, 

119, 93, 0, 1.04321e-36, 

119, 94, 0, 5.78835e-36, 

119, 95, 0, 3.56559e-35, 

119, 96, 0, 2.31445e-34, 

119, 97, 0, 1.53898e-33, 

119, 98, 0, 1.03331e-32, 

119, 99, 0, 6.95005e-32, 

119, 100, 0, 4.65786e-31, 

119, 101, 0, 3.09666e-30, 

119, 102, 0, 2.03329e-29, 

119, 103, 0, 1.31232e-28, 

119, 104, 0, 8.28144e-28, 

119, 105, 0, 5.079e-27, 

119, 106, 0, 3.0068e-26, 

119, 107, 0, 1.70518e-25, 

119, 108, 0, 9.18518e-25, 

119, 109, 0, 4.65569e-24, 

119, 110, 0, 2.19777e-23, 

119, 111, 0, 9.55364e-23, 

119, 112, 0, 3.77691e-22, 

119, 113, 0, 1.33927e-21, 

119, 114, 0, 4.19293e-21, 

119, 115, 0, 1.1376e-20, 

119, 116, 0, 2.61249e-20, 

119, 117, 0, 4.91312e-20, 

119, 118, 0, 7.16196e-20, 

119, 119, 0, 7.16196e-20, 

120, 0, 0, 2.26739e-14, 

120, 1, 0, 2.26739e-14, 

120, 2, 0, 1.56747e-14, 

120, 3, 0, 8.57269e-15, 

120, 4, 0, 3.94392e-15, 

120, 5, 0, 1.58356e-15, 

120, 6, 0, 5.69345e-16, 

120, 7, 0, 1.86875e-16, 

120, 8, 0, 5.6857e-17, 

120, 9, 0, 1.62329e-17, 

120, 10, 0, 4.39219e-18, 

120, 11, 0, 1.13524e-18, 

120, 12, 0, 2.82085e-19, 

120, 13, 0, 6.77291e-20, 

120, 14, 0, 1.57793e-20, 

120, 15, 0, 3.5799e-21, 

120, 16, 0, 7.93461e-22, 

120, 17, 0, 1.7235e-22, 

120, 18, 0, 3.68044e-23, 

120, 19, 0, 7.75165e-24, 

120, 20, 0, 1.61555e-24, 

120, 21, 0, 3.3424e-25, 

120, 22, 0, 6.88471e-26, 

120, 23, 0, 1.41538e-26, 

120, 24, 0, 2.90949e-27, 

120, 25, 0, 5.98696e-28, 

120, 26, 0, 1.23371e-28, 

120, 27, 0, 2.54553e-29, 

120, 28, 0, 5.25702e-30, 

120, 29, 0, 1.08654e-30, 

120, 30, 0, 2.24916e-31, 

120, 31, 0, 4.67403e-32, 

120, 32, 0, 9.79962e-33, 

120, 33, 0, 2.09104e-33, 

120, 34, 0, 4.60483e-34, 

120, 35, 0, 1.06832e-34, 

120, 36, 0, 2.68417e-35, 

120, 37, 0, 7.54906e-36, 

120, 38, 0, 2.4637e-36, 

120, 39, 0, 9.69238e-37, 

120, 40, 0, 4.75724e-37, 

120, 41, 0, 2.93245e-37, 

120, 42, 0, 2.17712e-37, 

120, 43, 0, 1.81698e-37, 

120, 44, 0, 1.60602e-37, 

120, 45, 0, 1.44844e-37, 

120, 46, 0, 1.30731e-37, 

120, 47, 0, 1.17076e-37, 

120, 48, 0, 1.03779e-37, 

120, 49, 0, 9.11505e-38, 

120, 50, 0, 7.95785e-38, 

120, 51, 0, 6.93744e-38, 

120, 52, 0, 6.07282e-38, 

120, 53, 0, 5.37221e-38, 

120, 54, 0, 4.83668e-38, 

120, 55, 0, 4.46422e-38, 

120, 56, 0, 4.25289e-38, 

120, 57, 0, 4.20263e-38, 

120, 58, 0, 4.31528e-38, 

120, 59, 0, 4.59251e-38, 

120, 60, 0, 5.03133e-38, 

120, 61, 0, 5.61738e-38, 

120, 62, 0, 6.31729e-38, 

120, 63, 0, 7.07276e-38, 

120, 64, 0, 7.8003e-38, 

120, 65, 0, 8.40002e-38, 

120, 66, 0, 8.77413e-38, 

120, 67, 0, 8.85075e-38, 

120, 68, 0, 8.60482e-38, 

120, 69, 0, 8.06681e-38, 

120, 70, 0, 7.31496e-38, 

120, 71, 0, 6.45395e-38, 

120, 72, 0, 5.58893e-38, 

120, 73, 0, 4.80459e-38, 

120, 74, 0, 4.15488e-38, 

120, 75, 0, 3.6634e-38, 

120, 76, 0, 3.33038e-38, 

120, 77, 0, 3.14131e-38, 

120, 78, 0, 3.07385e-38, 

120, 79, 0, 3.10183e-38, 

120, 80, 0, 3.19676e-38, 

120, 81, 0, 3.3286e-38, 

120, 82, 0, 3.46751e-38, 

120, 83, 0, 3.58825e-38, 

120, 84, 0, 3.67859e-38, 

120, 85, 0, 3.75386e-38, 

120, 86, 0, 3.88403e-38, 

120, 87, 0, 4.25363e-38, 

120, 88, 0, 5.31645e-38, 

120, 89, 0, 8.24077e-38, 

120, 90, 0, 1.63569e-37, 

120, 91, 0, 4.07123e-37, 

120, 92, 0, 1.25768e-36, 

120, 93, 0, 4.88468e-36, 

120, 94, 0, 2.35268e-35, 

120, 95, 0, 1.3257e-34, 

120, 96, 0, 8.18721e-34, 

120, 97, 0, 5.29893e-33, 

120, 98, 0, 3.50573e-32, 

120, 99, 0, 2.33903e-31, 

120, 100, 0, 1.56095e-30, 

120, 101, 0, 1.03561e-29, 

120, 102, 0, 6.79378e-29, 

120, 103, 0, 4.38282e-28, 

120, 104, 0, 2.76425e-27, 

120, 105, 0, 1.69351e-26, 

120, 106, 0, 1.00068e-25, 

120, 107, 0, 5.65846e-25, 

120, 108, 0, 3.03566e-24, 

120, 109, 0, 1.53062e-23, 

120, 110, 0, 7.17921e-23, 

120, 111, 0, 3.09751e-22, 

120, 112, 0, 1.21433e-21, 

120, 113, 0, 4.26698e-21, 

120, 114, 0, 1.32324e-20, 

120, 115, 0, 3.5558e-20, 

120, 116, 0, 8.09062e-20, 

120, 117, 0, 1.50905e-19, 

120, 118, 0, 2.18669e-19, 

120, 119, 0, 2.18669e-19, 

121, 0, 0, 9.07923e-14, 

121, 1, 0, 9.07923e-14, 

121, 2, 0, 6.32119e-14, 

121, 3, 0, 3.49316e-14, 

121, 4, 0, 1.62665e-14, 

121, 5, 0, 6.61655e-15, 

121, 6, 0, 2.41035e-15, 

121, 7, 0, 8.01351e-16, 

121, 8, 0, 2.46779e-16, 

121, 9, 0, 7.12415e-17, 

121, 10, 0, 1.94675e-17, 

121, 11, 0, 5.07527e-18, 

121, 12, 0, 1.27043e-18, 

121, 13, 0, 3.06942e-19, 

121, 14, 0, 7.189e-20, 

121, 15, 0, 1.63845e-20, 

121, 16, 0, 3.64637e-21, 

121, 17, 0, 7.95049e-22, 

121, 18, 0, 1.70402e-22, 

121, 19, 0, 3.60199e-23, 

121, 20, 0, 7.53389e-24, 

121, 21, 0, 1.56405e-24, 

121, 22, 0, 3.23177e-25, 

121, 23, 0, 6.66137e-26, 

121, 24, 0, 1.3719e-26, 

121, 25, 0, 2.82565e-27, 

121, 26, 0, 5.82216e-28, 

121, 27, 0, 1.20001e-28, 

121, 28, 0, 2.47393e-29, 

121, 29, 0, 5.104e-30, 

121, 30, 0, 1.05566e-30, 

121, 31, 0, 2.19763e-31, 

121, 32, 0, 4.63816e-32, 

121, 33, 0, 1.00425e-32, 

121, 34, 0, 2.27054e-33, 

121, 35, 0, 5.48986e-34, 

121, 36, 0, 1.46013e-34, 

121, 37, 0, 4.39621e-35, 

121, 38, 0, 1.53952e-35, 

121, 39, 0, 6.45057e-36, 

121, 40, 0, 3.32306e-36, 

121, 41, 0, 2.11367e-36, 

121, 42, 0, 1.59716e-36, 

121, 43, 0, 1.34605e-36, 

121, 44, 0, 1.19727e-36, 

121, 45, 0, 1.08521e-36, 

121, 46, 0, 9.83964e-37, 

121, 47, 0, 8.85124e-37, 

121, 48, 0, 7.88049e-37, 

121, 49, 0, 6.95146e-37, 

121, 50, 0, 6.09429e-37, 

121, 51, 0, 5.33387e-37, 

121, 52, 0, 4.68625e-37, 

121, 53, 0, 4.15938e-37, 

121, 54, 0, 3.75575e-37, 

121, 55, 0, 3.47534e-37, 

121, 56, 0, 3.3181e-37, 

121, 57, 0, 3.28531e-37, 

121, 58, 0, 3.37976e-37, 

121, 59, 0, 3.6042e-37, 

121, 60, 0, 3.95786e-37, 

121, 61, 0, 4.43113e-37, 

121, 62, 0, 4.99917e-37, 

121, 63, 0, 5.61674e-37, 

121, 64, 0, 6.21744e-37, 

121, 65, 0, 6.72023e-37, 

121, 66, 0, 7.04429e-37, 

121, 67, 0, 7.12875e-37, 

121, 68, 0, 6.95051e-37, 

121, 69, 0, 6.5322e-37, 

121, 70, 0, 5.93643e-37, 

121, 71, 0, 5.24844e-37, 

121, 72, 0, 4.55453e-37, 

121, 73, 0, 3.92456e-37, 

121, 74, 0, 3.40322e-37, 

121, 75, 0, 3.01034e-37, 

121, 76, 0, 2.7465e-37, 

121, 77, 0, 2.6002e-37, 

121, 78, 0, 2.55338e-37, 

121, 79, 0, 2.58459e-37, 

121, 80, 0, 2.67014e-37, 

121, 81, 0, 2.78459e-37, 

121, 82, 0, 2.90234e-37, 

121, 83, 0, 3.00141e-37, 

121, 84, 0, 3.07067e-37, 

121, 85, 0, 3.12166e-37, 

121, 86, 0, 3.20978e-37, 

121, 87, 0, 3.47916e-37, 

121, 88, 0, 4.27486e-37, 

121, 89, 0, 6.44992e-37, 

121, 90, 0, 1.22791e-36, 

121, 91, 0, 2.85289e-36, 

121, 92, 0, 7.86492e-36, 

121, 93, 0, 2.60541e-35, 

121, 94, 0, 1.06222e-34, 

121, 95, 0, 5.25479e-34, 

121, 96, 0, 2.98703e-33, 

121, 97, 0, 1.84214e-32, 

121, 98, 0, 1.18521e-31, 

121, 99, 0, 7.77728e-31, 

121, 100, 0, 5.13694e-30, 

121, 101, 0, 3.38553e-29, 

121, 102, 0, 2.21091e-28, 

121, 103, 0, 1.42149e-27, 

121, 104, 0, 8.93942e-27, 

121, 105, 0, 5.46099e-26, 

121, 106, 0, 3.21658e-25, 

121, 107, 0, 1.81206e-24, 

121, 108, 0, 9.67842e-24, 

121, 109, 0, 4.85477e-23, 

121, 110, 0, 2.26362e-22, 

121, 111, 0, 9.70204e-22, 

121, 112, 0, 3.77621e-21, 

121, 113, 0, 1.31681e-20, 

121, 114, 0, 4.05151e-20, 

121, 115, 0, 1.08018e-19, 

121, 116, 0, 2.43925e-19, 

121, 117, 0, 4.51911e-19, 

121, 118, 0, 6.51636e-19, 

121, 119, 0, 6.51636e-19, 

122, 0, 0, 3.56167e-13, 

122, 1, 0, 3.56167e-13, 

122, 2, 0, 2.49737e-13, 

122, 3, 0, 1.39447e-13, 

122, 4, 0, 6.57274e-14, 

122, 5, 0, 2.70827e-14, 

122, 6, 0, 9.99515e-15, 

122, 7, 0, 3.36504e-15, 

122, 8, 0, 1.0485e-15, 

122, 9, 0, 3.05912e-16, 

122, 10, 0, 8.43734e-17, 

122, 11, 0, 2.21712e-17, 

122, 12, 0, 5.58653e-18, 

122, 13, 0, 1.35703e-18, 

122, 14, 0, 3.1924e-19, 

122, 15, 0, 7.30262e-20, 

122, 16, 0, 1.63038e-20, 

122, 17, 0, 3.56526e-21, 

122, 18, 0, 7.66302e-22, 

122, 19, 0, 1.62441e-22, 

122, 20, 0, 3.40723e-23, 

122, 21, 0, 7.09303e-24, 

122, 22, 0, 1.46935e-24, 

122, 23, 0, 3.03514e-25, 

122, 24, 0, 6.26059e-26, 

122, 25, 0, 1.29057e-26, 

122, 26, 0, 2.65956e-27, 

122, 27, 0, 5.47954e-28, 

122, 28, 0, 1.12918e-28, 

122, 29, 0, 2.33048e-29, 

122, 30, 0, 4.83235e-30, 

122, 31, 0, 1.01274e-30, 

122, 32, 0, 2.1668e-31, 

122, 33, 0, 4.80568e-32, 

122, 34, 0, 1.12826e-32, 

122, 35, 0, 2.8754e-33, 

122, 36, 0, 8.15737e-34, 

122, 37, 0, 2.63079e-34, 

122, 38, 0, 9.82093e-35, 

122, 39, 0, 4.33777e-35, 

122, 40, 0, 2.32261e-35, 

122, 41, 0, 1.51402e-35, 

122, 42, 0, 1.15992e-35, 

122, 43, 0, 9.85127e-36, 

122, 44, 0, 8.80795e-36, 

122, 45, 0, 8.01922e-36, 

122, 46, 0, 7.30374e-36, 

122, 47, 0, 6.60132e-36, 

122, 48, 0, 5.90692e-36, 

122, 49, 0, 5.23772e-36, 

122, 50, 0, 4.61593e-36, 

122, 51, 0, 4.06055e-36, 

122, 52, 0, 3.58455e-36, 

122, 53, 0, 3.19524e-36, 

122, 54, 0, 2.89593e-36, 

122, 55, 0, 2.68806e-36, 

122, 56, 0, 2.57293e-36, 

122, 57, 0, 2.55281e-36, 

122, 58, 0, 2.63104e-36, 

122, 59, 0, 2.81103e-36, 

122, 60, 0, 3.09355e-36, 

122, 61, 0, 3.47255e-36, 

122, 62, 0, 3.92997e-36, 

122, 63, 0, 4.43126e-36, 

122, 64, 0, 4.92414e-36, 

122, 65, 0, 5.34342e-36, 

122, 66, 0, 5.62261e-36, 

122, 67, 0, 5.71026e-36, 

122, 68, 0, 5.58502e-36, 

122, 69, 0, 5.26311e-36, 

122, 70, 0, 4.79418e-36, 

122, 71, 0, 4.24734e-36, 

122, 72, 0, 3.69325e-36, 

122, 73, 0, 3.18941e-36, 

122, 74, 0, 2.77283e-36, 

122, 75, 0, 2.4601e-36, 

122, 76, 0, 2.25205e-36, 

122, 77, 0, 2.13957e-36, 

122, 78, 0, 2.10813e-36, 

122, 79, 0, 2.14021e-36, 

122, 80, 0, 2.21615e-36, 

122, 81, 0, 2.31452e-36, 

122, 82, 0, 2.41342e-36, 

122, 83, 0, 2.49384e-36, 

122, 84, 0, 2.54575e-36, 

122, 85, 0, 2.57787e-36, 

122, 86, 0, 2.63405e-36, 

122, 87, 0, 2.8269e-36, 

122, 88, 0, 3.41988e-36, 

122, 89, 0, 5.04518e-36, 

122, 90, 0, 9.31696e-36, 

122, 91, 0, 2.07045e-35, 

122, 92, 0, 5.30378e-35, 

122, 93, 0, 1.56156e-34, 

122, 94, 0, 5.44555e-34, 

122, 95, 0, 2.30368e-33, 

122, 96, 0, 1.16079e-32, 

122, 97, 0, 6.61864e-32, 

122, 98, 0, 4.05892e-31, 

122, 99, 0, 2.58567e-30, 

122, 100, 0, 1.67544e-29, 

122, 101, 0, 1.08984e-28, 

122, 102, 0, 7.05005e-28, 

122, 103, 0, 4.49988e-27, 

122, 104, 0, 2.81299e-26, 

122, 105, 0, 1.70938e-25, 

122, 106, 0, 1.00186e-24, 

122, 107, 0, 5.61625e-24, 

122, 108, 0, 2.98457e-23, 

122, 109, 0, 1.48919e-22, 

122, 110, 0, 6.90514e-22, 

122, 111, 0, 2.94246e-21, 

122, 112, 0, 1.1384e-20, 

122, 113, 0, 3.94547e-20, 

122, 114, 0, 1.20649e-19, 

122, 115, 0, 3.19734e-19, 

122, 116, 0, 7.17915e-19, 

122, 117, 0, 1.32332e-18, 

122, 118, 0, 1.90107e-18, 

122, 119, 0, 1.90107e-18, 

123, 0, 0, 1.36799e-12, 

123, 1, 0, 1.36799e-12, 

123, 2, 0, 9.66074e-13, 

123, 3, 0, 5.451e-13, 

123, 4, 0, 2.60078e-13, 

123, 5, 0, 1.08557e-13, 

123, 6, 0, 4.05851e-14, 

123, 7, 0, 1.38337e-14, 

123, 8, 0, 4.35974e-15, 

123, 9, 0, 1.28492e-15, 

123, 10, 0, 3.57476e-16, 

123, 11, 0, 9.46108e-17, 

123, 12, 0, 2.3976e-17, 

123, 13, 0, 5.84995e-18, 

123, 14, 0, 1.38086e-18, 

123, 15, 0, 3.16694e-19, 

123, 16, 0, 7.08524e-20, 

123, 17, 0, 1.5522e-20, 

123, 18, 0, 3.34203e-21, 

123, 19, 0, 7.09701e-22, 

123, 20, 0, 1.49135e-22, 

123, 21, 0, 3.11044e-23, 

123, 22, 0, 6.45488e-24, 

123, 23, 0, 1.33544e-24, 

123, 24, 0, 2.75807e-25, 

123, 25, 0, 5.69062e-26, 

123, 26, 0, 1.17347e-26, 

123, 27, 0, 2.41958e-27, 

123, 28, 0, 4.99391e-28, 

123, 29, 0, 1.03433e-28, 

123, 30, 0, 2.16035e-29, 

123, 31, 0, 4.58887e-30, 

123, 32, 0, 1.00444e-30, 

123, 33, 0, 2.30785e-31, 

123, 34, 0, 5.69387e-32, 

123, 35, 0, 1.54383e-32, 

123, 36, 0, 4.68658e-33, 

123, 37, 0, 1.6125e-33, 

123, 38, 0, 6.3611e-34, 

123, 39, 0, 2.93315e-34, 

123, 40, 0, 1.61935e-34, 

123, 41, 0, 1.07611e-34, 

123, 42, 0, 8.33345e-35, 

123, 43, 0, 7.12082e-35, 

123, 44, 0, 6.39407e-35, 

123, 45, 0, 5.8452e-35, 

123, 46, 0, 5.34766e-35, 

123, 47, 0, 4.85818e-35, 

123, 48, 0, 4.37204e-35, 

123, 49, 0, 3.90056e-35, 

123, 50, 0, 3.45926e-35, 

123, 51, 0, 3.06199e-35, 

123, 52, 0, 2.71889e-35, 

123, 53, 0, 2.43634e-35, 

123, 54, 0, 2.21805e-35, 

123, 55, 0, 2.06635e-35, 

123, 56, 0, 1.98346e-35, 

123, 57, 0, 1.97221e-35, 

123, 58, 0, 2.03623e-35, 

123, 59, 0, 2.17915e-35, 

123, 60, 0, 2.40271e-35, 

123, 61, 0, 2.70344e-35, 

123, 62, 0, 3.06855e-35, 

123, 63, 0, 3.47201e-35, 

123, 64, 0, 3.8732e-35, 

123, 65, 0, 4.22012e-35, 

123, 66, 0, 4.45852e-35, 

123, 67, 0, 4.54512e-35, 

123, 68, 0, 4.4604e-35, 

123, 69, 0, 4.21545e-35, 

123, 70, 0, 3.84923e-35, 

123, 71, 0, 3.4174e-35, 

123, 72, 0, 2.97754e-35, 

123, 73, 0, 2.57681e-35, 

123, 74, 0, 2.24575e-35, 

123, 75, 0, 1.99817e-35, 

123, 76, 0, 1.83504e-35, 

123, 77, 0, 1.7492e-35, 

123, 78, 0, 1.72897e-35, 

123, 79, 0, 1.76014e-35, 

123, 80, 0, 1.82647e-35, 

123, 81, 0, 1.90998e-35, 

123, 82, 0, 1.99206e-35, 

123, 83, 0, 2.05638e-35, 

123, 84, 0, 2.09411e-35, 

123, 85, 0, 2.11183e-35, 

123, 86, 0, 2.14421e-35, 

123, 87, 0, 2.27911e-35, 

123, 88, 0, 2.71751e-35, 

123, 89, 0, 3.93019e-35, 

123, 90, 0, 7.08355e-35, 

123, 91, 0, 1.52612e-34, 

123, 92, 0, 3.73019e-34, 

123, 93, 0, 1.01581e-33, 

123, 94, 0, 3.14004e-33, 

123, 95, 0, 1.14166e-32, 

123, 96, 0, 4.97005e-32, 

123, 97, 0, 2.53276e-31, 

123, 98, 0, 1.44049e-30, 

123, 99, 0, 8.74158e-30, 

123, 100, 0, 5.48602e-29, 

123, 101, 0, 3.49047e-28, 

123, 102, 0, 2.22174e-27, 

123, 103, 0, 1.40057e-26, 

123, 104, 0, 8.66827e-26, 

123, 105, 0, 5.22354e-25, 

123, 106, 0, 3.03927e-24, 

123, 107, 0, 1.69267e-23, 

123, 108, 0, 8.94122e-23, 

123, 109, 0, 4.43625e-22, 

123, 110, 0, 2.04604e-21, 

123, 111, 0, 8.67428e-21, 

123, 112, 0, 3.33961e-20, 

123, 113, 0, 1.15207e-19, 

123, 114, 0, 3.50746e-19, 

123, 115, 0, 9.25684e-19, 

123, 116, 0, 2.0706e-18, 

123, 117, 0, 3.80396e-18, 

123, 118, 0, 5.45112e-18, 

123, 119, 0, 5.45112e-18, 

124, 0, 0, 5.14117e-12, 

124, 1, 0, 5.14117e-12, 

124, 2, 0, 3.65705e-12, 

124, 3, 0, 2.08548e-12, 

124, 4, 0, 1.00738e-12, 

124, 5, 0, 4.25984e-13, 

124, 6, 0, 1.61328e-13, 

124, 7, 0, 5.56659e-14, 

124, 8, 0, 1.7739e-14, 

124, 9, 0, 5.27885e-15, 

124, 10, 0, 1.48049e-15, 

124, 11, 0, 3.94344e-16, 

124, 12, 0, 1.00416e-16, 

124, 13, 0, 2.45846e-17, 

124, 14, 0, 5.81626e-18, 

124, 15, 0, 1.3358e-18, 

124, 16, 0, 2.99102e-19, 

124, 17, 0, 6.55608e-20, 

124, 18, 0, 1.41223e-20, 

124, 19, 0, 3.00054e-21, 

124, 20, 0, 6.30951e-22, 

124, 21, 0, 1.31701e-22, 

124, 22, 0, 2.73562e-23, 

124, 23, 0, 5.66517e-24, 

124, 24, 0, 1.17119e-24, 

124, 25, 0, 2.41917e-25, 

124, 26, 0, 4.99619e-26, 

124, 27, 0, 1.03274e-26, 

124, 28, 0, 2.14102e-27, 

124, 29, 0, 4.46979e-28, 

124, 30, 0, 9.46402e-29, 

124, 31, 0, 2.05546e-29, 

124, 32, 0, 4.65417e-30, 

124, 33, 0, 1.12144e-30, 

124, 34, 0, 2.93836e-31, 

124, 35, 0, 8.52139e-32, 

124, 36, 0, 2.76331e-32, 

124, 37, 0, 1.00712e-32, 

124, 38, 0, 4.16025e-33, 

124, 39, 0, 1.98608e-33, 

124, 40, 0, 1.12353e-33, 

124, 41, 0, 7.58063e-34, 

124, 42, 0, 5.92025e-34, 

124, 43, 0, 5.08315e-34, 

124, 44, 0, 4.58095e-34, 

124, 45, 0, 4.20374e-34, 

124, 46, 0, 3.8637e-34, 

124, 47, 0, 3.52964e-34, 

124, 48, 0, 3.19694e-34, 

124, 49, 0, 2.87239e-34, 

124, 50, 0, 2.5662e-34, 

124, 51, 0, 2.28809e-34, 

124, 52, 0, 2.04567e-34, 

124, 53, 0, 1.84434e-34, 

124, 54, 0, 1.68779e-34, 

124, 55, 0, 1.57884e-34, 

124, 56, 0, 1.52019e-34, 

124, 57, 0, 1.51491e-34, 

124, 58, 0, 1.56661e-34, 

124, 59, 0, 1.67892e-34, 

124, 60, 0, 1.85404e-34, 

124, 61, 0, 2.09029e-34, 

124, 62, 0, 2.37881e-34, 

124, 63, 0, 2.70034e-34, 

124, 64, 0, 3.02367e-34, 

124, 65, 0, 3.30782e-34, 

124, 66, 0, 3.50898e-34, 

124, 67, 0, 3.59105e-34, 

124, 68, 0, 3.53648e-34, 

124, 69, 0, 3.35239e-34, 

124, 70, 0, 3.06899e-34, 

124, 71, 0, 2.73071e-34, 

124, 72, 0, 2.38413e-34, 

124, 73, 0, 2.0677e-34, 

124, 74, 0, 1.80642e-34, 

124, 75, 0, 1.61178e-34, 

124, 76, 0, 1.48477e-34, 

124, 77, 0, 1.41979e-34, 

124, 78, 0, 1.40756e-34, 

124, 79, 0, 1.43657e-34, 

124, 80, 0, 1.49349e-34, 

124, 81, 0, 1.56334e-34, 

124, 82, 0, 1.63045e-34, 

124, 83, 0, 1.68094e-34, 

124, 84, 0, 1.70717e-34, 

124, 85, 0, 1.71417e-34, 

124, 86, 0, 1.72933e-34, 

124, 87, 0, 1.82091e-34, 

124, 88, 0, 2.14169e-34, 

124, 89, 0, 3.04189e-34, 

124, 90, 0, 5.36981e-34, 

124, 91, 0, 1.12999e-33, 

124, 92, 0, 2.67615e-33, 

124, 93, 0, 6.93113e-33, 

124, 94, 0, 1.97301e-32, 

124, 95, 0, 6.35346e-32, 

124, 96, 0, 2.3926e-31, 

124, 97, 0, 1.06405e-30, 

124, 98, 0, 5.44689e-30, 

124, 99, 0, 3.07206e-29, 

124, 100, 0, 1.83452e-28, 

124, 101, 0, 1.12753e-27, 

124, 102, 0, 6.99849e-27, 

124, 103, 0, 4.32804e-26, 

124, 104, 0, 2.63838e-25, 

124, 105, 0, 1.57042e-24, 

124, 106, 0, 9.04415e-24, 

124, 107, 0, 4.99359e-23, 

124, 108, 0, 2.61839e-22, 

124, 109, 0, 1.29095e-21, 

124, 110, 0, 5.92185e-21, 

124, 111, 0, 2.499e-20, 

124, 112, 0, 9.58339e-20, 

124, 113, 0, 3.29504e-19, 

124, 114, 0, 1.00038e-18, 

124, 115, 0, 2.63403e-18, 

124, 116, 0, 5.88032e-18, 

124, 117, 0, 1.07851e-17, 

124, 118, 0, 1.54357e-17, 

124, 119, 0, 1.54357e-17, 

125, 0, 0, 1.88893e-11, 

125, 1, 0, 1.88893e-11, 

125, 2, 0, 1.35364e-11, 

125, 3, 0, 7.80369e-12, 

125, 4, 0, 3.81727e-12, 

125, 5, 0, 1.63564e-12, 

125, 6, 0, 6.27551e-13, 

125, 7, 0, 2.19187e-13, 

125, 8, 0, 7.06123e-14, 

125, 9, 0, 2.12088e-14, 

125, 10, 0, 5.99288e-15, 

125, 11, 0, 1.60535e-15, 

125, 12, 0, 4.10406e-16, 

125, 13, 0, 1.0072e-16, 

125, 14, 0, 2.38556e-17, 

125, 15, 0, 5.47977e-18, 

125, 16, 0, 1.2264e-18, 

125, 17, 0, 2.68598e-19, 

125, 18, 0, 5.78053e-20, 

125, 19, 0, 1.22718e-20, 

125, 20, 0, 2.57901e-21, 

125, 21, 0, 5.38175e-22, 

125, 22, 0, 1.11792e-22, 

125, 23, 0, 2.31606e-23, 

125, 24, 0, 4.79248e-24, 

125, 25, 0, 9.91562e-25, 

125, 26, 0, 2.05375e-25, 

125, 27, 0, 4.26639e-26, 

125, 28, 0, 8.91976e-27, 

125, 29, 0, 1.88817e-27, 

125, 30, 0, 4.08657e-28, 

125, 31, 0, 9.17278e-29, 

125, 32, 0, 2.17504e-29, 

125, 33, 0, 5.55875e-30, 

125, 34, 0, 1.5576e-30, 

125, 35, 0, 4.83265e-31, 

125, 36, 0, 1.6646e-31, 

125, 37, 0, 6.37244e-32, 

125, 38, 0, 2.73377e-32, 

125, 39, 0, 1.34218e-32, 

125, 40, 0, 7.74276e-33, 

125, 41, 0, 5.28813e-33, 

125, 42, 0, 4.1577e-33, 

125, 43, 0, 3.58371e-33, 

125, 44, 0, 3.23996e-33, 

125, 45, 0, 2.98429e-33, 

125, 46, 0, 2.75618e-33, 

125, 47, 0, 2.53317e-33, 

125, 48, 0, 2.31086e-33, 

125, 49, 0, 2.09278e-33, 

125, 50, 0, 1.88529e-33, 

125, 51, 0, 1.69486e-33, 

125, 52, 0, 1.52706e-33, 

125, 53, 0, 1.38625e-33, 

125, 54, 0, 1.2759e-33, 

125, 55, 0, 1.19892e-33, 

125, 56, 0, 1.15815e-33, 

125, 57, 0, 1.15667e-33, 

125, 58, 0, 1.19787e-33, 

125, 59, 0, 1.28514e-33, 

125, 60, 0, 1.42082e-33, 

125, 61, 0, 1.60439e-33, 

125, 62, 0, 1.82986e-33, 

125, 63, 0, 2.08319e-33, 

125, 64, 0, 2.34076e-33, 

125, 65, 0, 2.57067e-33, 

125, 66, 0, 2.73795e-33, 

125, 67, 0, 2.81291e-33, 

125, 68, 0, 2.78008e-33, 

125, 69, 0, 2.64363e-33, 

125, 70, 0, 2.42665e-33, 

125, 71, 0, 2.16423e-33, 

125, 72, 0, 1.89368e-33, 

125, 73, 0, 1.64604e-33, 

125, 74, 0, 1.44165e-33, 

125, 75, 0, 1.28994e-33, 

125, 76, 0, 1.1919e-33, 

125, 77, 0, 1.1432e-33, 

125, 78, 0, 1.13648e-33, 

125, 79, 0, 1.16253e-33, 

125, 80, 0, 1.21046e-33, 

125, 81, 0, 1.2679e-33, 

125, 82, 0, 1.32178e-33, 

125, 83, 0, 1.36047e-33, 

125, 84, 0, 1.37754e-33, 

125, 85, 0, 1.37686e-33, 

125, 86, 0, 1.38005e-33, 

125, 87, 0, 1.43985e-33, 

125, 88, 0, 1.6717e-33, 

125, 89, 0, 2.33496e-33, 

125, 90, 0, 4.0464e-33, 

125, 91, 0, 8.35268e-33, 

125, 92, 0, 1.93339e-32, 

125, 93, 0, 4.84345e-32, 

125, 94, 0, 1.30619e-31, 

125, 95, 0, 3.85924e-31, 

125, 96, 0, 1.28857e-30, 

125, 97, 0, 4.99557e-30, 

125, 98, 0, 2.25333e-29, 

125, 99, 0, 1.15089e-28, 

125, 100, 0, 6.39786e-28, 

125, 101, 0, 3.73709e-27, 

125, 102, 0, 2.23521e-26, 

125, 103, 0, 1.34424e-25, 

125, 104, 0, 8.01827e-25, 

125, 105, 0, 4.69064e-24, 

125, 106, 0, 2.66379e-23, 

125, 107, 0, 1.45411e-22, 

125, 108, 0, 7.55451e-22, 

125, 109, 0, 3.6971e-21, 

125, 110, 0, 1.68605e-20, 

125, 111, 0, 7.08328e-20, 

125, 112, 0, 2.70745e-19, 

125, 113, 0, 9.28786e-19, 

125, 114, 0, 2.81579e-18, 

125, 115, 0, 7.40838e-18, 

125, 116, 0, 1.65335e-17, 

125, 117, 0, 3.03206e-17, 

125, 118, 0, 4.33904e-17, 

125, 119, 0, 4.33904e-17, 

126, 0, 0, 6.77678e-11, 

126, 1, 0, 6.77678e-11, 

126, 2, 0, 4.89369e-11, 

126, 3, 0, 2.85301e-11, 

126, 4, 0, 1.41376e-11, 

126, 5, 0, 6.14008e-12, 

126, 6, 0, 2.38705e-12, 

126, 7, 0, 8.43987e-13, 

126, 8, 0, 2.74841e-13, 

126, 9, 0, 8.32963e-14, 

126, 10, 0, 2.37031e-14, 

126, 11, 0, 6.38177e-15, 

126, 12, 0, 1.63669e-15, 

126, 13, 0, 4.02272e-16, 

126, 14, 0, 9.52871e-17, 

126, 15, 0, 2.18665e-17, 

126, 16, 0, 4.88548e-18, 

126, 17, 0, 1.06772e-18, 

126, 18, 0, 2.29275e-19, 

126, 19, 0, 4.85723e-20, 

126, 20, 0, 1.01897e-20, 

126, 21, 0, 2.12358e-21, 

126, 22, 0, 4.40815e-22, 

126, 23, 0, 9.13354e-23, 

126, 24, 0, 1.89213e-23, 

126, 25, 0, 3.92532e-24, 

126, 26, 0, 8.17085e-25, 

126, 27, 0, 1.71191e-25, 

126, 28, 0, 3.62901e-26, 

126, 29, 0, 7.84994e-27, 

126, 30, 0, 1.75451e-27, 

126, 31, 0, 4.11935e-28, 

126, 32, 0, 1.03494e-28, 

126, 33, 0, 2.82826e-29, 

126, 34, 0, 8.49069e-30, 

126, 35, 0, 2.80613e-30, 

126, 36, 0, 1.01871e-30, 

126, 37, 0, 4.0629e-31, 

126, 38, 0, 1.79768e-31, 

126, 39, 0, 9.02968e-32, 

126, 40, 0, 5.29285e-32, 

126, 41, 0, 3.65096e-32, 

126, 42, 0, 2.8863e-32, 

126, 43, 0, 2.49601e-32, 

126, 44, 0, 2.26332e-32, 

126, 45, 0, 2.09264e-32, 

126, 46, 0, 1.94262e-32, 

126, 47, 0, 1.7972e-32, 

126, 48, 0, 1.65232e-32, 

126, 49, 0, 1.50946e-32, 

126, 50, 0, 1.37225e-32, 

126, 51, 0, 1.24481e-32, 

126, 52, 0, 1.13107e-32, 

126, 53, 0, 1.03445e-32, 

126, 54, 0, 9.58006e-33, 

126, 55, 0, 9.04505e-33, 

126, 56, 0, 8.7669e-33, 

126, 57, 0, 8.77439e-33, 

126, 58, 0, 9.09814e-33, 

126, 59, 0, 9.76826e-33, 

126, 60, 0, 1.08073e-32, 

126, 61, 0, 1.22166e-32, 

126, 62, 0, 1.39573e-32, 

126, 63, 0, 1.59282e-32, 

126, 64, 0, 1.79529e-32, 

126, 65, 0, 1.9787e-32, 

126, 66, 0, 2.11553e-32, 

126, 67, 0, 2.18175e-32, 

126, 68, 0, 2.16401e-32, 

126, 69, 0, 2.06442e-32, 

126, 70, 0, 1.90034e-32, 

126, 71, 0, 1.6991e-32, 

126, 72, 0, 1.49024e-32, 

126, 73, 0, 1.29854e-32, 

126, 74, 0, 1.14034e-32, 

126, 75, 0, 1.02332e-32, 

126, 76, 0, 9.48426e-33, 

126, 77, 0, 9.12338e-33, 

126, 78, 0, 9.09292e-33, 

126, 79, 0, 9.31937e-33, 

126, 80, 0, 9.7149e-33, 

126, 81, 0, 1.01782e-32, 

126, 82, 0, 1.06016e-32, 

126, 83, 0, 1.08894e-32, 

126, 84, 0, 1.09887e-32, 

126, 85, 0, 1.09302e-32, 

126, 86, 0, 1.08836e-32, 

126, 87, 0, 1.12539e-32, 

126, 88, 0, 1.29066e-32, 

126, 89, 0, 1.77491e-32, 

126, 90, 0, 3.02459e-32, 

126, 91, 0, 6.14101e-32, 

126, 92, 0, 1.39632e-31, 

126, 93, 0, 3.41687e-31, 

126, 94, 0, 8.88838e-31, 

126, 95, 0, 2.47781e-30, 

126, 96, 0, 7.57111e-30, 

126, 97, 0, 2.60977e-29, 

126, 98, 0, 1.03493e-28, 

126, 99, 0, 4.70077e-28, 

126, 100, 0, 2.37974e-27, 

126, 101, 0, 1.29608e-26, 

126, 102, 0, 7.36091e-26, 

126, 103, 0, 4.2577e-25, 

126, 104, 0, 2.4646e-24, 

126, 105, 0, 1.40819e-23, 

126, 106, 0, 7.8487e-23, 

126, 107, 0, 4.22117e-22, 

126, 108, 0, 2.16746e-21, 

126, 109, 0, 1.05117e-20, 

126, 110, 0, 4.7615e-20, 

126, 111, 0, 1.99082e-19, 

126, 112, 0, 7.58617e-19, 

126, 113, 0, 2.59817e-18, 

126, 114, 0, 7.87321e-18, 

126, 115, 0, 2.07232e-17, 

126, 116, 0, 4.6294e-17, 

126, 117, 0, 8.49971e-17, 

126, 118, 0, 1.21742e-16, 

126, 119, 0, 1.21742e-16, 

127, 0, 0, 2.37018e-10, 

127, 1, 0, 2.37018e-10, 

127, 2, 0, 1.72524e-10, 

127, 3, 0, 1.01758e-10, 

127, 4, 0, 5.11037e-11, 

127, 5, 0, 2.2505e-11, 

127, 6, 0, 8.86789e-12, 

127, 7, 0, 3.1745e-12, 

127, 8, 0, 1.04498e-12, 

127, 9, 0, 3.19527e-13, 

127, 10, 0, 9.15433e-14, 

127, 11, 0, 2.47615e-14, 

127, 12, 0, 6.36698e-15, 

127, 13, 0, 1.56614e-15, 

127, 14, 0, 3.70703e-16, 

127, 15, 0, 8.4906e-17, 

127, 16, 0, 1.8918e-17, 

127, 17, 0, 4.12133e-18, 

127, 18, 0, 8.82048e-19, 

127, 19, 0, 1.86275e-19, 

127, 20, 0, 3.89715e-20, 

127, 21, 0, 8.10528e-21, 

127, 22, 0, 1.68066e-21, 

127, 23, 0, 3.48293e-22, 

127, 24, 0, 7.22944e-23, 

127, 25, 0, 1.5065e-23, 

127, 26, 0, 3.16147e-24, 

127, 27, 0, 6.71338e-25, 

127, 28, 0, 1.4534e-25, 

127, 29, 0, 3.24374e-26, 

127, 30, 0, 7.57444e-27, 

127, 31, 0, 1.88216e-27, 

127, 32, 0, 5.05451e-28, 

127, 33, 0, 1.48142e-28, 

127, 34, 0, 4.74918e-29, 

127, 35, 0, 1.65981e-29, 

127, 36, 0, 6.29895e-30, 

127, 37, 0, 2.59868e-30, 

127, 38, 0, 1.17943e-30, 

127, 39, 0, 6.03699e-31, 

127, 40, 0, 3.58591e-31, 

127, 41, 0, 2.49418e-31, 

127, 42, 0, 1.98105e-31, 

127, 43, 0, 1.71828e-31, 

127, 44, 0, 1.5627e-31, 

127, 45, 0, 1.45062e-31, 

127, 46, 0, 1.35402e-31, 

127, 47, 0, 1.26151e-31, 

127, 48, 0, 1.16957e-31, 

127, 49, 0, 1.07845e-31, 

127, 50, 0, 9.89989e-32, 

127, 51, 0, 9.06702e-32, 

127, 52, 0, 8.3124e-32, 

127, 53, 0, 7.66222e-32, 

127, 54, 0, 7.1419e-32, 

127, 55, 0, 6.77624e-32, 

127, 56, 0, 6.5901e-32, 

127, 57, 0, 6.60912e-32, 

127, 58, 0, 6.85981e-32, 

127, 59, 0, 7.36799e-32, 

127, 60, 0, 8.15385e-32, 

127, 61, 0, 9.22232e-32, 

127, 62, 0, 1.05485e-31, 

127, 63, 0, 1.20608e-31, 

127, 64, 0, 1.36296e-31, 

127, 65, 0, 1.507e-31, 

127, 66, 0, 1.61692e-31, 

127, 67, 0, 1.67362e-31, 

127, 68, 0, 1.66587e-31, 

127, 69, 0, 1.5944e-31, 

127, 70, 0, 1.47204e-31, 

127, 71, 0, 1.31977e-31, 

127, 72, 0, 1.16061e-31, 

127, 73, 0, 1.01408e-31, 

127, 74, 0, 8.93142e-32, 

127, 75, 0, 8.03975e-32, 

127, 76, 0, 7.47453e-32, 

127, 77, 0, 7.21066e-32, 

127, 78, 0, 7.20336e-32, 

127, 79, 0, 7.3946e-32, 

127, 80, 0, 7.71406e-32, 

127, 81, 0, 8.0798e-32, 

127, 82, 0, 8.40444e-32, 

127, 83, 0, 8.61064e-32, 

127, 84, 0, 8.65616e-32, 

127, 85, 0, 8.56604e-32, 

127, 86, 0, 8.47293e-32, 

127, 87, 0, 8.68517e-32, 

127, 88, 0, 9.84571e-32, 

127, 89, 0, 1.33449e-31, 

127, 90, 0, 2.23923e-31, 

127, 91, 0, 4.48026e-31, 

127, 92, 0, 1.00385e-30, 

127, 93, 0, 2.41354e-30, 

127, 94, 0, 6.12207e-30, 

127, 95, 0, 1.64049e-29, 

127, 96, 0, 4.71099e-29, 

127, 97, 0, 1.48411e-28, 

127, 98, 0, 5.25529e-28, 

127, 99, 0, 2.11732e-27, 

127, 100, 0, 9.61685e-27, 

127, 101, 0, 4.7958e-26, 

127, 102, 0, 2.54469e-25, 

127, 103, 0, 1.39747e-24, 

127, 104, 0, 7.77256e-24, 

127, 105, 0, 4.30475e-23, 

127, 106, 0, 2.34127e-22, 

127, 107, 0, 1.23519e-21, 

127, 108, 0, 6.2483e-21, 

127, 109, 0, 2.99609e-20, 

127, 110, 0, 1.34594e-19, 

127, 111, 0, 5.59567e-19, 

127, 112, 0, 2.12496e-18, 

127, 113, 0, 7.26637e-18, 

127, 114, 0, 2.20181e-17, 

127, 115, 0, 5.80175e-17, 

127, 116, 0, 1.29843e-16, 

127, 117, 0, 2.38886e-16, 

127, 118, 0, 3.4271e-16, 

127, 119, 0, 3.4271e-16, 

128, 0, 0, 8.06491e-10, 

128, 1, 0, 8.06491e-10, 

128, 2, 0, 5.91928e-10, 

128, 3, 0, 3.5338e-10, 

128, 4, 0, 1.79949e-10, 

128, 5, 0, 8.03906e-11, 

128, 6, 0, 3.21195e-11, 

128, 7, 0, 1.16447e-11, 

128, 8, 0, 3.8755e-12, 

128, 9, 0, 1.19564e-12, 

128, 10, 0, 3.44851e-13, 

128, 11, 0, 9.36946e-14, 

128, 12, 0, 2.41476e-14, 

128, 13, 0, 5.94209e-15, 

128, 14, 0, 1.40473e-15, 

128, 15, 0, 3.20932e-16, 

128, 16, 0, 7.12644e-17, 

128, 17, 0, 1.54645e-17, 

128, 18, 0, 3.29639e-18, 

128, 19, 0, 6.93504e-19, 

128, 20, 0, 1.44624e-19, 

128, 21, 0, 3.00101e-20, 

128, 22, 0, 6.21692e-21, 

128, 23, 0, 1.2896e-21, 

128, 24, 0, 2.68645e-22, 

128, 25, 0, 5.63942e-23, 

128, 26, 0, 1.19855e-23, 

128, 27, 0, 2.59687e-24, 

128, 28, 0, 5.79385e-25, 

128, 29, 0, 1.34903e-25, 

128, 30, 0, 3.32926e-26, 

128, 31, 0, 8.83566e-27, 

128, 32, 0, 2.54584e-27, 

128, 33, 0, 7.9825e-28, 

128, 34, 0, 2.71398e-28, 

128, 35, 0, 9.9481e-29, 

128, 36, 0, 3.91738e-29, 

128, 37, 0, 1.66212e-29, 

128, 38, 0, 7.70504e-30, 

128, 39, 0, 4.00677e-30, 

128, 40, 0, 2.40695e-30, 

128, 41, 0, 1.68626e-30, 

128, 42, 0, 1.34502e-30, 

128, 43, 0, 1.17002e-30, 

128, 44, 0, 1.0674e-30, 

128, 45, 0, 9.95074e-31, 

128, 46, 0, 9.3425e-31, 

128, 47, 0, 8.76922e-31, 

128, 48, 0, 8.20211e-31, 

128, 49, 0, 7.637e-31, 

128, 50, 0, 7.08183e-31, 

128, 51, 0, 6.55067e-31, 

128, 52, 0, 6.06089e-31, 

128, 53, 0, 5.63181e-31, 

128, 54, 0, 5.28387e-31, 

128, 55, 0, 5.03812e-31, 

128, 56, 0, 4.91604e-31, 

128, 57, 0, 4.93954e-31, 

128, 58, 0, 5.13082e-31, 

128, 59, 0, 5.51126e-31, 

128, 60, 0, 6.09807e-31, 

128, 61, 0, 6.89745e-31, 

128, 62, 0, 7.89392e-31, 

128, 63, 0, 9.03759e-31, 

128, 64, 0, 1.02343e-30, 

128, 65, 0, 1.13468e-30, 

128, 66, 0, 1.22133e-30, 

128, 67, 0, 1.26846e-30, 

128, 68, 0, 1.26692e-30, 

128, 69, 0, 1.21657e-30, 

128, 70, 0, 1.12672e-30, 

128, 71, 0, 1.01319e-30, 

128, 72, 0, 8.93658e-31, 

128, 73, 0, 7.83239e-31, 

128, 74, 0, 6.92078e-31, 

128, 75, 0, 6.25072e-31, 

128, 76, 0, 5.83002e-31, 

128, 77, 0, 5.64e-31, 

128, 78, 0, 5.64625e-31, 

128, 79, 0, 5.80337e-31, 

128, 80, 0, 6.05565e-31, 

128, 81, 0, 6.33769e-31, 

128, 82, 0, 6.57974e-31, 

128, 83, 0, 6.72056e-31, 

128, 84, 0, 6.72759e-31, 

128, 85, 0, 6.62164e-31, 

128, 86, 0, 6.50584e-31, 

128, 87, 0, 6.61267e-31, 

128, 88, 0, 7.41477e-31, 

128, 89, 0, 9.91546e-31, 

128, 90, 0, 1.64024e-30, 

128, 91, 0, 3.23865e-30, 

128, 92, 0, 7.16592e-30, 

128, 93, 0, 1.69898e-29, 

128, 94, 0, 4.23007e-29, 

128, 95, 0, 1.10232e-28, 

128, 96, 0, 3.03107e-28, 

128, 97, 0, 8.94383e-28, 

128, 98, 0, 2.89459e-27, 

128, 99, 0, 1.04709e-26, 

128, 100, 0, 4.25711e-26, 

128, 101, 0, 1.92115e-25, 

128, 102, 0, 9.38641e-25, 

128, 103, 0, 4.82899e-24, 

128, 104, 0, 2.55227e-23, 

128, 105, 0, 1.35828e-22, 

128, 106, 0, 7.1599e-22, 

128, 107, 0, 3.68601e-21, 

128, 108, 0, 1.82956e-20, 

128, 109, 0, 8.64748e-20, 

128, 110, 0, 3.84404e-19, 

128, 111, 0, 1.58659e-18, 

128, 112, 0, 5.99812e-18, 

128, 113, 0, 2.04662e-17, 

128, 114, 0, 6.19966e-17, 

128, 115, 0, 1.63545e-16, 

128, 116, 0, 3.66775e-16, 

128, 117, 0, 6.76465e-16, 

128, 118, 0, 9.72455e-16, 

128, 119, 0, 9.72455e-16, 

129, 0, 0, 2.66331e-09, 

129, 1, 0, 2.66331e-09, 

129, 2, 0, 1.9717e-09, 

129, 3, 0, 1.19201e-09, 

129, 4, 0, 6.15801e-10, 

129, 5, 0, 2.79221e-10, 

129, 6, 0, 1.13171e-10, 

129, 7, 0, 4.157e-11, 

129, 8, 0, 1.39923e-11, 

129, 9, 0, 4.35665e-12, 

129, 10, 0, 1.26525e-12, 

129, 11, 0, 3.45337e-13, 

129, 12, 0, 8.92127e-14, 

129, 13, 0, 2.19609e-14, 

129, 14, 0, 5.18477e-15, 

129, 15, 0, 1.1814e-15, 

129, 16, 0, 2.61399e-16, 

129, 17, 0, 5.64927e-17, 

129, 18, 0, 1.19916e-17, 

129, 19, 0, 2.51314e-18, 

129, 20, 0, 5.22484e-19, 

129, 21, 0, 1.08222e-19, 

129, 22, 0, 2.24206e-20, 

129, 23, 0, 4.66341e-21, 

129, 24, 0, 9.77756e-22, 

129, 25, 0, 2.07669e-22, 

129, 26, 0, 4.49821e-23, 

129, 27, 0, 1.00297e-23, 

129, 28, 0, 2.33051e-24, 

129, 29, 0, 5.72453e-25, 

129, 30, 0, 1.50678e-25, 

129, 31, 0, 4.28896e-26, 

129, 32, 0, 1.32334e-26, 

129, 33, 0, 4.40977e-27, 

129, 34, 0, 1.57678e-27, 

129, 35, 0, 6.01469e-28, 

129, 36, 0, 2.4424e-28, 

129, 37, 0, 1.06088e-28, 

129, 38, 0, 5.00641e-29, 

129, 39, 0, 2.63881e-29, 

129, 40, 0, 1.6008e-29, 

129, 41, 0, 1.12879e-29, 

129, 42, 0, 9.04024e-30, 

129, 43, 0, 7.88808e-30, 

129, 44, 0, 7.22066e-30, 

129, 45, 0, 6.76238e-30, 

129, 46, 0, 6.38835e-30, 

129, 47, 0, 6.04307e-30, 

129, 48, 0, 5.70378e-30, 

129, 49, 0, 5.36384e-30, 

129, 50, 0, 5.02514e-30, 

129, 51, 0, 4.69488e-30, 

129, 52, 0, 4.384e-30, 

129, 53, 0, 4.10631e-30, 

129, 54, 0, 3.87766e-30, 

129, 55, 0, 3.71523e-30, 

129, 56, 0, 3.63681e-30, 

129, 57, 0, 3.6605e-30, 

129, 58, 0, 3.80433e-30, 

129, 59, 0, 4.08547e-30, 

129, 60, 0, 4.51798e-30, 

129, 61, 0, 5.10802e-30, 

129, 62, 0, 5.84622e-30, 

129, 63, 0, 6.69815e-30, 

129, 64, 0, 7.59653e-30, 

129, 65, 0, 8.44091e-30, 

129, 66, 0, 9.11056e-30, 

129, 67, 0, 9.49161e-30, 

129, 68, 0, 9.51111e-30, 

129, 69, 0, 9.16332e-30, 

129, 70, 0, 8.51431e-30, 

129, 71, 0, 7.68144e-30, 

129, 72, 0, 6.79783e-30, 

129, 73, 0, 5.9787e-30, 

129, 74, 0, 5.30205e-30, 

129, 75, 0, 4.80616e-30, 

129, 76, 0, 4.49783e-30, 

129, 77, 0, 4.36334e-30, 

129, 78, 0, 4.37653e-30, 

129, 79, 0, 4.50228e-30, 

129, 80, 0, 4.69693e-30, 

129, 81, 0, 4.90903e-30, 

129, 82, 0, 5.08387e-30, 

129, 83, 0, 5.17406e-30, 

129, 84, 0, 5.15545e-30, 

129, 85, 0, 5.04558e-30, 

129, 86, 0, 4.92406e-30, 

129, 87, 0, 4.96429e-30, 

129, 88, 0, 5.50973e-30, 

129, 89, 0, 7.27661e-30, 

129, 90, 0, 1.18797e-29, 

129, 91, 0, 2.31749e-29, 

129, 92, 0, 5.07146e-29, 

129, 93, 0, 1.1886e-28, 

129, 94, 0, 2.91693e-28, 

129, 95, 0, 7.44641e-28, 

129, 96, 0, 1.98461e-27, 

129, 97, 0, 5.58544e-27, 

129, 98, 0, 1.68891e-26, 

129, 99, 0, 5.59218e-26, 

129, 100, 0, 2.05456e-25, 

129, 101, 0, 8.37596e-25, 

129, 102, 0, 3.73483e-24, 

129, 103, 0, 1.77982e-23, 

129, 104, 0, 8.84338e-23, 

129, 105, 0, 4.48083e-22, 

129, 106, 0, 2.2721e-21, 

129, 107, 0, 1.13456e-20, 

129, 108, 0, 5.49917e-20, 

129, 109, 0, 2.55235e-19, 

129, 110, 0, 1.11934e-18, 

129, 111, 0, 4.57583e-18, 

129, 112, 0, 1.71903e-17, 

129, 113, 0, 5.84472e-17, 

129, 114, 0, 1.76818e-16, 

129, 115, 0, 4.66648e-16, 

129, 116, 0, 1.0483e-15, 

129, 117, 0, 1.93798e-15, 

129, 118, 0, 2.79184e-15, 

129, 119, 0, 2.79184e-15, 

130, 0, 0, 8.51275e-09, 

130, 1, 0, 8.51275e-09, 

130, 2, 0, 6.35891e-09, 

130, 3, 0, 3.89485e-09, 

130, 4, 0, 2.04237e-09, 

130, 5, 0, 9.40446e-10, 

130, 6, 0, 3.86889e-10, 

130, 7, 0, 1.4406e-10, 

130, 8, 0, 4.90666e-11, 

130, 9, 0, 1.5426e-11, 

130, 10, 0, 4.51311e-12, 

130, 11, 0, 1.23803e-12, 

130, 12, 0, 3.20726e-13, 

130, 13, 0, 7.90147e-14, 

130, 14, 0, 1.86381e-14, 

130, 15, 0, 4.23749e-15, 

130, 16, 0, 9.34663e-16, 

130, 17, 0, 2.0127e-16, 

130, 18, 0, 4.25697e-17, 

130, 19, 0, 8.89386e-18, 

130, 20, 0, 1.84524e-18, 

130, 21, 0, 3.82069e-19, 

130, 22, 0, 7.93262e-20, 

130, 23, 0, 1.65952e-20, 

130, 24, 0, 3.51744e-21, 

130, 25, 0, 7.60546e-22, 

130, 26, 0, 1.69276e-22, 

130, 27, 0, 3.92334e-23, 

130, 28, 0, 9.59653e-24, 

130, 29, 0, 2.50921e-24, 

130, 30, 0, 7.07549e-25, 

130, 31, 0, 2.15673e-25, 

130, 32, 0, 7.08038e-26, 

130, 33, 0, 2.48621e-26, 

130, 34, 0, 9.2731e-27, 

130, 35, 0, 3.65657e-27, 

130, 36, 0, 1.52351e-27, 

130, 37, 0, 6.74971e-28, 

130, 38, 0, 3.23405e-28, 

130, 39, 0, 1.72465e-28, 

130, 40, 0, 1.05541e-28, 

130, 41, 0, 7.48743e-29, 

130, 42, 0, 6.0212e-29, 

130, 43, 0, 5.2714e-29, 

130, 44, 0, 4.84351e-29, 

130, 45, 0, 4.55854e-29, 

130, 46, 0, 4.33428e-29, 

130, 47, 0, 4.13272e-29, 

130, 48, 0, 3.93655e-29, 

130, 49, 0, 3.73879e-29, 

130, 50, 0, 3.53836e-29, 

130, 51, 0, 3.33837e-29, 

130, 52, 0, 3.14541e-29, 

130, 53, 0, 2.96908e-29, 

130, 54, 0, 2.82134e-29, 

130, 55, 0, 2.71569e-29, 

130, 56, 0, 2.6664e-29, 

130, 57, 0, 2.68794e-29, 

130, 58, 0, 2.79456e-29, 

130, 59, 0, 2.99968e-29, 

130, 60, 0, 3.31436e-29, 

130, 61, 0, 3.74404e-29, 

130, 62, 0, 4.28315e-29, 

130, 63, 0, 4.90815e-29, 

130, 64, 0, 5.57159e-29, 

130, 65, 0, 6.20118e-29, 

130, 66, 0, 6.70848e-29, 

130, 67, 0, 7.00839e-29, 

130, 68, 0, 7.04441e-29, 

130, 69, 0, 6.809e-29, 

130, 70, 0, 6.34825e-29, 

130, 71, 0, 5.74751e-29, 

130, 72, 0, 5.10525e-29, 

130, 73, 0, 4.50764e-29, 

130, 74, 0, 4.01364e-29, 

130, 75, 0, 3.65266e-29, 

130, 76, 0, 3.43046e-29, 

130, 77, 0, 3.33711e-29, 

130, 78, 0, 3.35296e-29, 

130, 79, 0, 3.45108e-29, 

130, 80, 0, 3.59772e-29, 

130, 81, 0, 3.75299e-29, 

130, 82, 0, 3.87482e-29, 

130, 83, 0, 3.92742e-29, 

130, 84, 0, 3.8936e-29, 

130, 85, 0, 3.78827e-29, 

130, 86, 0, 3.67231e-29, 

130, 87, 0, 3.67354e-29, 

130, 88, 0, 4.03854e-29, 

130, 89, 0, 5.27277e-29, 

130, 90, 0, 8.50439e-29, 

130, 91, 0, 1.64073e-28, 

130, 92, 0, 3.5552e-28, 

130, 93, 0, 8.25065e-28, 

130, 94, 0, 2.00132e-27, 

130, 95, 0, 5.02857e-27, 

130, 96, 0, 1.30932e-26, 

130, 97, 0, 3.55865e-26, 

130, 98, 0, 1.02276e-25, 

130, 99, 0, 3.15979e-25, 

130, 100, 0, 1.06566e-24, 

130, 101, 0, 3.95419e-24, 

130, 102, 0, 1.60745e-23, 

130, 103, 0, 7.04979e-23, 

130, 104, 0, 3.26499e-22, 

130, 105, 0, 1.56175e-21, 

130, 106, 0, 7.56045e-21, 

130, 107, 0, 3.63836e-20, 

130, 108, 0, 1.71285e-19, 

130, 109, 0, 7.77181e-19, 

130, 110, 0, 3.35008e-18, 

130, 111, 0, 1.3522e-17, 

130, 112, 0, 5.03492e-17, 

130, 113, 0, 1.70212e-16, 

130, 114, 0, 5.13348e-16, 

130, 115, 0, 1.35347e-15, 

130, 116, 0, 3.0424e-15, 

130, 117, 0, 5.63364e-15, 

130, 118, 0, 8.13036e-15, 

130, 119, 0, 8.13036e-15, 

131, 0, 0, 2.62604e-08, 

131, 1, 0, 2.62604e-08, 

131, 2, 0, 1.97986e-08, 

131, 3, 0, 1.22914e-08, 

131, 4, 0, 6.54568e-09, 

131, 5, 0, 3.06261e-09, 

131, 6, 0, 1.2796e-09, 

131, 7, 0, 4.83311e-10, 

131, 8, 0, 1.66689e-10, 

131, 9, 0, 5.29543e-11, 

131, 10, 0, 1.56196e-11, 

131, 11, 0, 4.31001e-12, 

131, 12, 0, 1.12072e-12, 

131, 13, 0, 2.7659e-13, 

131, 14, 0, 6.52507e-14, 

131, 15, 0, 1.48183e-14, 

131, 16, 0, 3.26205e-15, 

131, 17, 0, 7.00818e-16, 

131, 18, 0, 1.47907e-16, 

131, 19, 0, 3.08581e-17, 

131, 20, 0, 6.40246e-18, 

131, 21, 0, 1.32874e-18, 

131, 22, 0, 2.77447e-19, 

131, 23, 0, 5.86529e-20, 

131, 24, 0, 1.26458e-20, 

131, 25, 0, 2.80596e-21, 

131, 26, 0, 6.47956e-22, 

131, 27, 0, 1.57718e-22, 

131, 28, 0, 4.09666e-23, 

131, 29, 0, 1.14541e-23, 

131, 30, 0, 3.45585e-24, 

131, 31, 0, 1.1211e-24, 

131, 32, 0, 3.8825e-25, 

131, 33, 0, 1.42436e-25, 

131, 34, 0, 5.50226e-26, 

131, 35, 0, 2.23063e-26, 

131, 36, 0, 9.49748e-27, 

131, 37, 0, 4.27902e-27, 

131, 38, 0, 2.07717e-27, 

131, 39, 0, 1.1191e-27, 

131, 40, 0, 6.90305e-28, 

131, 41, 0, 4.92613e-28, 

131, 42, 0, 3.97857e-28, 

131, 43, 0, 3.4961e-28, 

131, 44, 0, 3.22567e-28, 

131, 45, 0, 3.05188e-28, 

131, 46, 0, 2.92108e-28, 

131, 47, 0, 2.80755e-28, 

131, 48, 0, 2.69855e-28, 

131, 49, 0, 2.58783e-28, 

131, 50, 0, 2.47312e-28, 

131, 51, 0, 2.35529e-28, 

131, 52, 0, 2.23814e-28, 

131, 53, 0, 2.12818e-28, 

131, 54, 0, 2.0342e-28, 

131, 55, 0, 1.96651e-28, 

131, 56, 0, 1.93622e-28, 

131, 57, 0, 1.95457e-28, 

131, 58, 0, 2.03255e-28, 

131, 59, 0, 2.18035e-28, 

131, 60, 0, 2.40642e-28, 

131, 61, 0, 2.71518e-28, 

131, 62, 0, 3.10333e-28, 

131, 63, 0, 3.55492e-28, 

131, 64, 0, 4.03687e-28, 

131, 65, 0, 4.49796e-28, 

131, 66, 0, 4.87462e-28, 

131, 67, 0, 5.1046e-28, 

131, 68, 0, 5.14533e-28, 

131, 69, 0, 4.98922e-28, 

131, 70, 0, 4.66781e-28, 

131, 71, 0, 4.24203e-28, 

131, 72, 0, 3.78332e-28, 

131, 73, 0, 3.35489e-28, 

131, 74, 0, 3.00048e-28, 

131, 75, 0, 2.7423e-28, 

131, 76, 0, 2.58506e-28, 

131, 77, 0, 2.52168e-28, 

131, 78, 0, 2.53754e-28, 

131, 79, 0, 2.61225e-28, 

131, 80, 0, 2.72004e-28, 

131, 81, 0, 2.8305e-28, 

131, 82, 0, 2.91194e-28, 

131, 83, 0, 2.93802e-28, 

131, 84, 0, 2.89707e-28, 

131, 85, 0, 2.80174e-28, 

131, 86, 0, 2.69808e-28, 

131, 87, 0, 2.67911e-28, 

131, 88, 0, 2.91961e-28, 

131, 89, 0, 3.77214e-28, 

131, 90, 0, 6.01653e-28, 

131, 91, 0, 1.14895e-27, 

131, 92, 0, 2.46734e-27, 

131, 93, 0, 5.67684e-27, 

131, 94, 0, 1.36365e-26, 

131, 95, 0, 3.38306e-26, 

131, 96, 0, 8.65093e-26, 

131, 97, 0, 2.28979e-25, 

131, 98, 0, 6.33264e-25, 

131, 99, 0, 1.85456e-24, 

131, 100, 0, 5.83626e-24, 

131, 101, 0, 1.99609e-23, 

131, 102, 0, 7.44215e-23, 

131, 103, 0, 3.00243e-22, 

131, 104, 0, 1.29017e-21, 

131, 105, 0, 5.78894e-21, 

131, 106, 0, 2.65769e-20, 

131, 107, 0, 1.22492e-19, 

131, 108, 0, 5.56986e-19, 

131, 109, 0, 2.45854e-18, 

131, 110, 0, 1.03718e-17, 

131, 111, 0, 4.11802e-17, 

131, 112, 0, 1.51474e-16, 

131, 113, 0, 5.07689e-16, 

131, 114, 0, 1.5226e-15, 

131, 115, 0, 4.00192e-15, 

131, 116, 0, 8.98572e-15, 

131, 117, 0, 1.6645e-14, 

131, 118, 0, 2.4048e-14, 

131, 119, 0, 2.4048e-14, 

132, 0, 0, 7.79609e-08, 

132, 1, 0, 7.79609e-08, 

132, 2, 0, 5.93386e-08, 

132, 3, 0, 3.73533e-08, 

132, 4, 0, 2.02116e-08, 

132, 5, 0, 9.61452e-09, 

132, 6, 0, 4.08255e-09, 

132, 7, 0, 1.56538e-09, 

132, 8, 0, 5.47167e-10, 

132, 9, 0, 1.75824e-10, 

132, 10, 0, 5.23459e-11, 

132, 11, 0, 1.45476e-11, 

132, 12, 0, 3.8021e-12, 

132, 13, 0, 9.4143e-13, 

132, 14, 0, 2.22488e-13, 

132, 15, 0, 5.05595e-14, 

132, 16, 0, 1.11298e-14, 

132, 17, 0, 2.39071e-15, 

132, 18, 0, 5.04692e-16, 

132, 19, 0, 1.05441e-16, 

132, 20, 0, 2.19508e-17, 

132, 21, 0, 4.5848e-18, 

132, 22, 0, 9.67702e-19, 

132, 23, 0, 2.08059e-19, 

132, 24, 0, 4.59962e-20, 

132, 25, 0, 1.05723e-20, 

132, 26, 0, 2.55816e-21, 

132, 27, 0, 6.59519e-22, 

132, 28, 0, 1.82757e-22, 

132, 29, 0, 5.45918e-23, 

132, 30, 0, 1.75207e-23, 

132, 31, 0, 5.99763e-24, 

132, 32, 0, 2.17194e-24, 

132, 33, 0, 8.26283e-25, 

132, 34, 0, 3.28651e-25, 

132, 35, 0, 1.36375e-25, 

132, 36, 0, 5.91403e-26, 

132, 37, 0, 2.70295e-26, 

132, 38, 0, 1.32694e-26, 

132, 39, 0, 7.21411e-27, 

132, 40, 0, 4.48292e-27, 

132, 41, 0, 3.21782e-27, 

132, 42, 0, 2.61084e-27, 

132, 43, 0, 2.30375e-27, 

132, 44, 0, 2.13521e-27, 

132, 45, 0, 2.03135e-27, 

132, 46, 0, 1.95742e-27, 

132, 47, 0, 1.8962e-27, 

132, 48, 0, 1.83854e-27, 

132, 49, 0, 1.77935e-27, 

132, 50, 0, 1.71614e-27, 

132, 51, 0, 1.64868e-27, 

132, 52, 0, 1.57905e-27, 

132, 53, 0, 1.5116e-27, 

132, 54, 0, 1.45263e-27, 

132, 55, 0, 1.40985e-27, 

132, 56, 0, 1.39165e-27, 

132, 57, 0, 1.40657e-27, 

132, 58, 0, 1.46285e-27, 

132, 59, 0, 1.56808e-27, 

132, 60, 0, 1.72848e-27, 

132, 61, 0, 1.94746e-27, 

132, 62, 0, 2.22303e-27, 

132, 63, 0, 2.54441e-27, 

132, 64, 0, 2.88878e-27, 

132, 65, 0, 3.22042e-27, 

132, 66, 0, 3.49445e-27, 

132, 67, 0, 3.66633e-27, 

132, 68, 0, 3.70486e-27, 

132, 69, 0, 3.60334e-27, 

132, 70, 0, 3.38301e-27, 

132, 71, 0, 3.08656e-27, 

132, 72, 0, 2.7648e-27, 

132, 73, 0, 2.46319e-27, 

132, 74, 0, 2.21355e-27, 

132, 75, 0, 2.03231e-27, 

132, 76, 0, 1.9232e-27, 

132, 77, 0, 1.88123e-27, 

132, 78, 0, 1.89563e-27, 

132, 79, 0, 1.95116e-27, 

132, 80, 0, 2.0284e-27, 

132, 81, 0, 2.10462e-27, 

132, 82, 0, 2.15643e-27, 

132, 83, 0, 2.16497e-27, 

132, 84, 0, 2.12279e-27, 

132, 85, 0, 2.04046e-27, 

132, 86, 0, 1.95237e-27, 

132, 87, 0, 1.92529e-27, 

132, 88, 0, 2.08149e-27, 

132, 89, 0, 2.66391e-27, 

132, 90, 0, 4.20573e-27, 

132, 91, 0, 7.95588e-27, 

132, 92, 0, 1.69447e-26, 

132, 93, 0, 3.86859e-26, 

132, 94, 0, 9.21509e-26, 

132, 95, 0, 2.26218e-25, 

132, 96, 0, 5.70143e-25, 

132, 97, 0, 1.47809e-24, 

132, 98, 0, 3.96794e-24, 

132, 99, 0, 1.11475e-23, 

132, 100, 0, 3.32012e-23, 

132, 101, 0, 1.06109e-22, 

132, 102, 0, 3.66505e-22, 

132, 103, 0, 1.36666e-21, 

132, 104, 0, 5.44853e-21, 

132, 105, 0, 2.2858e-20, 

132, 106, 0, 9.90406e-20, 

132, 107, 0, 4.34853e-19, 

132, 108, 0, 1.89979e-18, 

132, 109, 0, 8.11711e-18, 

132, 110, 0, 3.33596e-17, 

132, 111, 0, 1.29736e-16, 

132, 112, 0, 4.69607e-16, 

132, 113, 0, 1.55499e-15, 

132, 114, 0, 4.62284e-15, 

132, 115, 0, 1.20792e-14, 

132, 116, 0, 2.70291e-14, 

132, 117, 0, 4.99979e-14, 

132, 118, 0, 7.22368e-14, 

132, 119, 0, 7.22368e-14, 

133, 0, 0, 2.22144e-07, 

133, 1, 0, 2.22144e-07, 

133, 2, 0, 1.70725e-07, 

133, 3, 0, 1.09006e-07, 

133, 4, 0, 5.99566e-08, 

133, 5, 0, 2.90141e-08, 

133, 6, 0, 1.25301e-08, 

133, 7, 0, 4.88168e-09, 

133, 8, 0, 1.73126e-09, 

133, 9, 0, 5.63427e-10, 

133, 10, 0, 1.69557e-10, 

133, 11, 0, 4.75394e-11, 

133, 12, 0, 1.25117e-11, 

133, 13, 0, 3.11466e-12, 

133, 14, 0, 7.39091e-13, 

133, 15, 0, 1.6849e-13, 

133, 16, 0, 3.71929e-14, 

133, 17, 0, 8.01251e-15, 

133, 18, 0, 1.69783e-15, 

133, 19, 0, 3.56631e-16, 

133, 20, 0, 7.48431e-17, 

133, 21, 0, 1.58207e-17, 

133, 22, 0, 3.39825e-18, 

133, 23, 0, 7.49082e-19, 

133, 24, 0, 1.71373e-19, 

133, 25, 0, 4.11962e-20, 

133, 26, 0, 1.05316e-20, 

133, 27, 0, 2.88934e-21, 

133, 28, 0, 8.53758e-22, 

133, 29, 0, 2.70997e-22, 

133, 30, 0, 9.17519e-23, 

133, 31, 0, 3.28525e-23, 

133, 32, 0, 1.23449e-23, 

133, 33, 0, 4.84021e-24, 

133, 34, 0, 1.97287e-24, 

133, 35, 0, 8.34901e-25, 

133, 36, 0, 3.67738e-25, 

133, 37, 0, 1.70132e-25, 

133, 38, 0, 8.43364e-26, 

133, 39, 0, 4.62238e-26, 

133, 40, 0, 2.89252e-26, 

133, 41, 0, 2.08853e-26, 

133, 42, 0, 1.70297e-26, 

133, 43, 0, 1.50953e-26, 

133, 44, 0, 1.40595e-26, 

133, 45, 0, 1.34522e-26, 

133, 46, 0, 1.30498e-26, 

133, 47, 0, 1.27381e-26, 

133, 48, 0, 1.24529e-26, 

133, 49, 0, 1.2155e-26, 

133, 50, 0, 1.18218e-26, 

133, 51, 0, 1.14469e-26, 

133, 52, 0, 1.10411e-26, 

133, 53, 0, 1.0633e-26, 

133, 54, 0, 1.02671e-26, 

133, 55, 0, 9.99961e-27, 

133, 56, 0, 9.89275e-27, 

133, 57, 0, 1.00096e-26, 

133, 58, 0, 1.04108e-26, 

133, 59, 0, 1.11511e-26, 

133, 60, 0, 1.22752e-26, 

133, 61, 0, 1.3808e-26, 

133, 62, 0, 1.57371e-26, 

133, 63, 0, 1.79894e-26, 

133, 64, 0, 2.04093e-26, 

133, 65, 0, 2.2751e-26, 

133, 66, 0, 2.47036e-26, 

133, 67, 0, 2.59552e-26, 

133, 68, 0, 2.62836e-26, 

133, 69, 0, 2.56347e-26, 

133, 70, 0, 2.41497e-26, 

133, 71, 0, 2.21223e-26, 

133, 72, 0, 1.99066e-26, 

133, 73, 0, 1.78229e-26, 

133, 74, 0, 1.6098e-26, 

133, 75, 0, 1.48506e-26, 

133, 76, 0, 1.41094e-26, 

133, 77, 0, 1.38393e-26, 

133, 78, 0, 1.39619e-26, 

133, 79, 0, 1.43647e-26, 

133, 80, 0, 1.4904e-26, 

133, 81, 0, 1.54127e-26, 

133, 82, 0, 1.57223e-26, 

133, 83, 0, 1.57019e-26, 

133, 84, 0, 1.53071e-26, 

133, 85, 0, 1.46246e-26, 

133, 86, 0, 1.39074e-26, 

133, 87, 0, 1.36277e-26, 

133, 88, 0, 1.46288e-26, 

133, 89, 0, 1.85641e-26, 

133, 90, 0, 2.90374e-26, 

133, 91, 0, 5.44505e-26, 

133, 92, 0, 1.15085e-25, 

133, 93, 0, 2.6089e-25, 

133, 94, 0, 6.16824e-25, 

133, 95, 0, 1.50061e-24, 

133, 96, 0, 3.73687e-24, 

133, 97, 0, 9.52686e-24, 

133, 98, 0, 2.49779e-23, 

133, 99, 0, 6.79099e-23, 

133, 100, 0, 1.93583e-22, 

133, 101, 0, 5.85323e-22, 

133, 102, 0, 1.89412e-21, 

133, 103, 0, 6.58017e-21, 

133, 104, 0, 2.44302e-20, 

133, 105, 0, 9.58348e-20, 

133, 106, 0, 3.90939e-19, 

133, 107, 0, 1.62889e-18, 

133, 108, 0, 6.80669e-18, 

133, 109, 0, 2.802e-17, 

133, 110, 0, 1.11666e-16, 

133, 111, 0, 4.23487e-16, 

133, 112, 0, 1.5021e-15, 

133, 113, 0, 4.89452e-15, 

133, 114, 0, 1.43717e-14, 

133, 115, 0, 3.72106e-14, 

133, 116, 0, 8.27473e-14, 

133, 117, 0, 1.52513e-13, 

133, 118, 0, 2.20055e-13, 

133, 119, 0, 2.20055e-13, 

134, 0, 0, 6.06111e-07, 

134, 1, 0, 6.06111e-07, 

134, 2, 0, 4.70399e-07, 

134, 3, 0, 3.04713e-07, 

134, 4, 0, 1.70439e-07, 

134, 5, 0, 8.39544e-08, 

134, 6, 0, 3.69046e-08, 

134, 7, 0, 1.46241e-08, 

134, 8, 0, 5.26879e-09, 

134, 9, 0, 1.73931e-09, 

134, 10, 0, 5.30053e-10, 

134, 11, 0, 1.50243e-10, 

134, 12, 0, 3.99136e-11, 

134, 13, 0, 1.00162e-11, 

134, 14, 0, 2.39358e-12, 

134, 15, 0, 5.49201e-13, 

134, 16, 0, 1.22011e-13, 

134, 17, 0, 2.64689e-14, 

134, 18, 0, 5.65554e-15, 

134, 19, 0, 1.20062e-15, 

134, 20, 0, 2.55537e-16, 

134, 21, 0, 5.50535e-17, 

134, 22, 0, 1.21325e-17, 

134, 23, 0, 2.76682e-18, 

134, 24, 0, 6.61135e-19, 

134, 25, 0, 1.67553e-19, 

134, 26, 0, 4.54714e-20, 

134, 27, 0, 1.3275e-20, 

134, 28, 0, 4.16278e-21, 

134, 29, 0, 1.39314e-21, 

134, 30, 0, 4.93336e-22, 

134, 31, 0, 1.83339e-22, 

134, 32, 0, 7.1036e-23, 

134, 33, 0, 2.85628e-23, 

134, 34, 0, 1.18847e-23, 

134, 35, 0, 5.1138e-24, 

134, 36, 0, 2.28223e-24, 

134, 37, 0, 1.06684e-24, 

134, 38, 0, 5.33296e-25, 

134, 39, 0, 2.94437e-25, 

134, 40, 0, 1.85488e-25, 

134, 41, 0, 1.34741e-25, 

134, 42, 0, 1.1045e-25, 

134, 43, 0, 9.83894e-26, 

134, 44, 0, 9.2114e-26, 

134, 45, 0, 8.86493e-26, 

134, 46, 0, 8.65639e-26, 

134, 47, 0, 8.51082e-26, 

134, 48, 0, 8.38385e-26, 

134, 49, 0, 8.24645e-26, 

134, 50, 0, 8.08037e-26, 

134, 51, 0, 7.87832e-26, 

134, 52, 0, 7.64561e-26, 

134, 53, 0, 7.401e-26, 

134, 54, 0, 7.17563e-26, 

134, 55, 0, 7.00973e-26, 

134, 56, 0, 6.9483e-26, 

134, 57, 0, 7.03699e-26, 

134, 58, 0, 7.31915e-26, 

134, 59, 0, 7.83364e-26, 

134, 60, 0, 8.61161e-26, 

134, 61, 0, 9.67015e-26, 

134, 62, 0, 1.1001e-25, 

134, 63, 0, 1.25547e-25, 

134, 64, 0, 1.42258e-25, 

134, 65, 0, 1.58477e-25, 

134, 66, 0, 1.72089e-25, 

134, 67, 0, 1.80959e-25, 

134, 68, 0, 1.83549e-25, 

134, 69, 0, 1.79456e-25, 

134, 70, 0, 1.69608e-25, 

134, 71, 0, 1.55988e-25, 

134, 72, 0, 1.41018e-25, 

134, 73, 0, 1.26904e-25, 

134, 74, 0, 1.15225e-25, 

134, 75, 0, 1.0682e-25, 

134, 76, 0, 1.019e-25, 

134, 77, 0, 1.00218e-25, 

134, 78, 0, 1.01212e-25, 

134, 79, 0, 1.04062e-25, 

134, 80, 0, 1.07724e-25, 

134, 81, 0, 1.10997e-25, 

134, 82, 0, 1.12696e-25, 

134, 83, 0, 1.1194e-25, 

134, 84, 0, 1.08493e-25, 

134, 85, 0, 1.03047e-25, 

134, 86, 0, 9.74309e-26, 

134, 87, 0, 9.49275e-26, 

134, 88, 0, 1.01268e-25, 

134, 89, 0, 1.27554e-25, 

134, 90, 0, 1.97845e-25, 

134, 91, 0, 3.67996e-25, 

134, 92, 0, 7.72202e-25, 

134, 93, 0, 1.73898e-24, 

134, 94, 0, 4.08351e-24, 

134, 95, 0, 9.85543e-24, 

134, 96, 0, 2.42917e-23, 

134, 97, 0, 6.1074e-23, 

134, 98, 0, 1.57079e-22, 

134, 99, 0, 4.15958e-22, 

134, 100, 0, 1.14465e-21, 

134, 101, 0, 3.30809e-21, 

134, 102, 0, 1.01356e-20, 

134, 103, 0, 3.31014e-20, 

134, 104, 0, 1.15149e-19, 

134, 105, 0, 4.23561e-19, 

134, 106, 0, 1.62667e-18, 

134, 107, 0, 6.41866e-18, 

134, 108, 0, 2.55701e-17, 

134, 109, 0, 1.01011e-16, 

134, 110, 0, 3.88681e-16, 

134, 111, 0, 1.43113e-15, 

134, 112, 0, 4.95271e-15, 

134, 113, 0, 1.58146e-14, 

134, 114, 0, 4.56841e-14, 

134, 115, 0, 1.16786e-13, 

134, 116, 0, 2.57281e-13, 

134, 117, 0, 4.71303e-13, 

134, 118, 0, 6.78024e-13, 

134, 119, 0, 6.78024e-13, 

135, 0, 0, 1.58052e-06, 

135, 1, 0, 1.58052e-06, 

135, 2, 0, 1.23876e-06, 

135, 3, 0, 8.1427e-07, 

135, 4, 0, 4.63343e-07, 

135, 5, 0, 2.32459e-07, 

135, 6, 0, 1.04101e-07, 

135, 7, 0, 4.20076e-08, 

135, 8, 0, 1.53979e-08, 

135, 9, 0, 5.16542e-09, 

135, 10, 0, 1.59755e-09, 

135, 11, 0, 4.58944e-10, 

135, 12, 0, 1.23423e-10, 

135, 13, 0, 3.13238e-11, 

135, 14, 0, 7.56561e-12, 

135, 15, 0, 1.75421e-12, 

135, 16, 0, 3.93983e-13, 

135, 17, 0, 8.65008e-14, 

135, 18, 0, 1.8742e-14, 

135, 19, 0, 4.04691e-15, 

135, 20, 0, 8.79896e-16, 

135, 21, 0, 1.94784e-16, 

135, 22, 0, 4.44317e-17, 

135, 23, 0, 1.05768e-17, 

135, 24, 0, 2.66019e-18, 

135, 25, 0, 7.14177e-19, 

135, 26, 0, 2.0584e-19, 

135, 27, 0, 6.36879e-20, 

135, 28, 0, 2.10429e-20, 

135, 29, 0, 7.36447e-21, 

135, 30, 0, 2.70695e-21, 

135, 31, 0, 1.03752e-21, 

135, 32, 0, 4.12426e-22, 

135, 33, 0, 1.69391e-22, 

135, 34, 0, 7.17215e-23, 

135, 35, 0, 3.12966e-23, 

135, 36, 0, 1.41227e-23, 

135, 37, 0, 6.65958e-24, 

135, 38, 0, 3.35323e-24, 

135, 39, 0, 1.86371e-24, 

135, 40, 0, 1.18177e-24, 

135, 41, 0, 8.63782e-25, 

135, 42, 0, 7.12058e-25, 

135, 43, 0, 6.3767e-25, 

135, 44, 0, 6.00234e-25, 

135, 45, 0, 5.81036e-25, 

135, 46, 0, 5.70973e-25, 

135, 47, 0, 5.65157e-25, 

135, 48, 0, 5.60568e-25, 

135, 49, 0, 5.55128e-25, 

135, 50, 0, 5.47445e-25, 

135, 51, 0, 5.36877e-25, 

135, 52, 0, 5.23675e-25, 

135, 53, 0, 5.09076e-25, 

135, 54, 0, 4.95233e-25, 

135, 55, 0, 4.8498e-25, 

135, 56, 0, 4.81505e-25, 

135, 57, 0, 4.88035e-25, 

135, 58, 0, 5.07604e-25, 

135, 59, 0, 5.42887e-25, 

135, 60, 0, 5.95992e-25, 

135, 61, 0, 6.68037e-25, 

135, 62, 0, 7.58416e-25, 

135, 63, 0, 8.63777e-25, 

135, 64, 0, 9.77038e-25, 

135, 65, 0, 1.08706e-24, 

135, 66, 0, 1.17972e-24, 

135, 67, 0, 1.24078e-24, 

135, 68, 0, 1.25988e-24, 

135, 69, 0, 1.23423e-24, 

135, 70, 0, 1.1699e-24, 

135, 71, 0, 1.08006e-24, 

135, 72, 0, 9.80883e-25, 

135, 73, 0, 8.87252e-25, 

135, 74, 0, 8.09884e-25, 

135, 75, 0, 7.54544e-25, 

135, 76, 0, 7.22699e-25, 

135, 77, 0, 7.12639e-25, 

135, 78, 0, 7.20359e-25, 

135, 79, 0, 7.40001e-25, 

135, 80, 0, 7.64132e-25, 

135, 81, 0, 7.84326e-25, 

135, 82, 0, 7.92483e-25, 

135, 83, 0, 7.82878e-25, 

135, 84, 0, 7.54449e-25, 

135, 85, 0, 7.12576e-25, 

135, 86, 0, 6.7021e-25, 

135, 87, 0, 6.49738e-25, 

135, 88, 0, 6.89461e-25, 

135, 89, 0, 8.62825e-25, 

135, 90, 0, 1.32824e-24, 

135, 91, 0, 2.45202e-24, 

135, 92, 0, 5.11035e-24, 

135, 93, 0, 1.14361e-23, 

135, 94, 0, 2.66829e-23, 

135, 95, 0, 6.39312e-23, 

135, 96, 0, 1.56159e-22, 

135, 97, 0, 3.87976e-22, 

135, 98, 0, 9.82007e-22, 

135, 99, 0, 2.5448e-21, 

135, 100, 0, 6.8044e-21, 

135, 101, 0, 1.89497e-20, 

135, 102, 0, 5.54709e-20, 

135, 103, 0, 1.71796e-19, 

135, 104, 0, 5.63923e-19, 

135, 105, 0, 1.95394e-18, 

135, 106, 0, 7.07822e-18, 

135, 107, 0, 2.6442e-17, 

135, 108, 0, 1.00225e-16, 

135, 109, 0, 3.78782e-16, 

135, 110, 0, 1.40206e-15, 

135, 111, 0, 4.99175e-15, 

135, 112, 0, 1.67839e-14, 

135, 113, 0, 5.2299e-14, 

135, 114, 0, 1.48033e-13, 

135, 115, 0, 3.72242e-13, 

135, 116, 0, 8.09704e-13, 

135, 117, 0, 1.47021e-12, 

135, 118, 0, 2.10511e-12, 

135, 119, 0, 2.10511e-12, 

136, 0, 0, 3.9336e-06, 

136, 1, 0, 3.9336e-06, 

136, 2, 0, 3.1135e-06, 

136, 3, 0, 2.07706e-06, 

136, 4, 0, 1.20282e-06, 

136, 5, 0, 6.15022e-07, 

136, 6, 0, 2.80858e-07, 

136, 7, 0, 1.15561e-07, 

136, 8, 0, 4.31693e-08, 

136, 9, 0, 1.4747e-08, 

136, 10, 0, 4.64023e-09, 

136, 11, 0, 1.35501e-09, 

136, 12, 0, 3.70119e-10, 

136, 13, 0, 9.5358e-11, 

136, 14, 0, 2.33774e-11, 

136, 15, 0, 5.50357e-12, 

136, 16, 0, 1.2562e-12, 

136, 17, 0, 2.80775e-13, 

136, 18, 0, 6.2096e-14, 

136, 19, 0, 1.3738e-14, 

136, 20, 0, 3.07598e-15, 

136, 21, 0, 7.05694e-16, 

136, 22, 0, 1.68046e-16, 

136, 23, 0, 4.20648e-17, 

136, 24, 0, 1.11891e-17, 

136, 25, 0, 3.18484e-18, 

136, 26, 0, 9.71658e-19, 

136, 27, 0, 3.16588e-19, 

136, 28, 0, 1.09377e-19, 

136, 29, 0, 3.97379e-20, 

136, 30, 0, 1.50672e-20, 

136, 31, 0, 5.92632e-21, 

136, 32, 0, 2.40727e-21, 

136, 33, 0, 1.00667e-21, 

136, 34, 0, 4.32566e-22, 

136, 35, 0, 1.90996e-22, 

136, 36, 0, 8.69882e-23, 

136, 37, 0, 4.13205e-23, 

136, 38, 0, 2.09365e-23, 

136, 39, 0, 1.1708e-23, 

136, 40, 0, 7.47174e-24, 

136, 41, 0, 5.49616e-24, 

136, 42, 0, 4.55771e-24, 

136, 43, 0, 4.10438e-24, 

136, 44, 0, 3.88493e-24, 

136, 45, 0, 3.78245e-24, 

136, 46, 0, 3.73942e-24, 

136, 47, 0, 3.72418e-24, 

136, 48, 0, 3.71645e-24, 

136, 49, 0, 3.70174e-24, 

136, 50, 0, 3.66996e-24, 

136, 51, 0, 3.61609e-24, 

136, 52, 0, 3.54135e-24, 

136, 53, 0, 3.45398e-24, 

136, 54, 0, 3.36875e-24, 

136, 55, 0, 3.3053e-24, 

136, 56, 0, 3.28576e-24, 

136, 57, 0, 3.33239e-24, 

136, 58, 0, 3.46588e-24, 

136, 59, 0, 3.70418e-24, 

136, 60, 0, 4.06104e-24, 

136, 61, 0, 4.54334e-24, 

136, 62, 0, 5.14636e-24, 

136, 63, 0, 5.84729e-24, 

136, 64, 0, 6.59898e-24, 

136, 65, 0, 7.32813e-24, 

136, 66, 0, 7.94242e-24, 

136, 67, 0, 8.34908e-24, 

136, 68, 0, 8.48095e-24, 

136, 69, 0, 8.31993e-24, 

136, 70, 0, 7.90563e-24, 

136, 71, 0, 7.3239e-24, 

136, 72, 0, 6.68052e-24, 

136, 73, 0, 6.07317e-24, 

136, 74, 0, 5.57267e-24, 

136, 75, 0, 5.21738e-24, 

136, 76, 0, 5.01702e-24, 

136, 77, 0, 4.95963e-24, 

136, 78, 0, 5.01722e-24, 

136, 79, 0, 5.1488e-24, 

136, 80, 0, 5.30271e-24, 

136, 81, 0, 5.42142e-24, 

136, 82, 0, 5.4512e-24, 

136, 83, 0, 5.35627e-24, 

136, 84, 0, 5.13365e-24, 

136, 85, 0, 4.82367e-24, 

136, 86, 0, 4.51581e-24, 

136, 87, 0, 4.35951e-24, 

136, 88, 0, 4.60586e-24, 

136, 89, 0, 5.7325e-24, 

136, 90, 0, 8.7655e-24, 

136, 91, 0, 1.60691e-23, 

136, 92, 0, 3.32731e-23, 

136, 93, 0, 7.4007e-23, 

136, 94, 0, 1.71614e-22, 

136, 95, 0, 4.08378e-22, 

136, 96, 0, 9.89343e-22, 

136, 97, 0, 2.4325e-21, 

136, 98, 0, 6.07328e-21, 

136, 99, 0, 1.54559e-20, 

136, 100, 0, 4.03534e-20, 

136, 101, 0, 1.08983e-19, 

136, 102, 0, 3.07071e-19, 

136, 103, 0, 9.0886e-19, 

136, 104, 0, 2.83484e-18, 

136, 105, 0, 9.30199e-18, 

136, 106, 0, 3.1887e-17, 

136, 107, 0, 1.12897e-16, 

136, 108, 0, 4.06869e-16, 

136, 109, 0, 1.46813e-15, 

136, 110, 0, 5.21204e-15, 

136, 111, 0, 1.78794e-14, 

136, 112, 0, 5.81818e-14, 

136, 113, 0, 1.76213e-13, 

136, 114, 0, 4.86798e-13, 

136, 115, 0, 1.19958e-12, 

136, 116, 0, 2.56775e-12, 

136, 117, 0, 4.60848e-12, 

136, 118, 0, 6.55549e-12, 

136, 119, 0, 6.55549e-12, 

137, 0, 0, 9.33668e-06, 

137, 1, 0, 9.33668e-06, 

137, 2, 0, 7.46287e-06, 

137, 3, 0, 5.05332e-06, 

137, 4, 0, 2.97924e-06, 

137, 5, 0, 1.5536e-06, 

137, 6, 0, 7.24233e-07, 

137, 7, 0, 3.04291e-07, 

137, 8, 0, 1.16065e-07, 

137, 9, 0, 4.04699e-08, 

137, 10, 0, 1.29921e-08, 

137, 11, 0, 3.86911e-09, 

137, 12, 0, 1.0775e-09, 

137, 13, 0, 2.83029e-10, 

137, 14, 0, 7.07667e-11, 

137, 15, 0, 1.70066e-11, 

137, 16, 0, 3.96858e-12, 

137, 17, 0, 9.08984e-13, 

137, 18, 0, 2.06687e-13, 

137, 19, 0, 4.72199e-14, 

137, 20, 0, 1.09773e-14, 

137, 21, 0, 2.63105e-15, 

137, 22, 0, 6.5861e-16, 

137, 23, 0, 1.74162e-16, 

137, 24, 0, 4.90519e-17, 

137, 25, 0, 1.47646e-17, 

137, 26, 0, 4.7416e-18, 

137, 27, 0, 1.61555e-18, 

137, 28, 0, 5.79588e-19, 

137, 29, 0, 2.1728e-19, 

137, 30, 0, 8.45676e-20, 

137, 31, 0, 3.40003e-20, 

137, 32, 0, 1.40677e-20, 

137, 33, 0, 5.97361e-21, 

137, 34, 0, 2.59904e-21, 

137, 35, 0, 1.15896e-21, 

137, 36, 0, 5.31897e-22, 

137, 37, 0, 2.54202e-22, 

137, 38, 0, 1.29505e-22, 

137, 39, 0, 7.28371e-23, 

137, 40, 0, 4.67795e-23, 

137, 41, 0, 3.46371e-23, 

137, 42, 0, 2.89015e-23, 

137, 43, 0, 2.6178e-23, 

137, 44, 0, 2.49183e-23, 

137, 45, 0, 2.43986e-23, 

137, 46, 0, 2.42581e-23, 

137, 47, 0, 2.42935e-23, 

137, 48, 0, 2.43705e-23, 

137, 49, 0, 2.43904e-23, 

137, 50, 0, 2.42829e-23, 

137, 51, 0, 2.40119e-23, 

137, 52, 0, 2.35847e-23, 

137, 53, 0, 2.30565e-23, 

137, 54, 0, 2.25279e-23, 

137, 55, 0, 2.21329e-23, 

137, 56, 0, 2.20214e-23, 

137, 57, 0, 2.23434e-23, 

137, 58, 0, 2.32361e-23, 

137, 59, 0, 2.48161e-23, 

137, 60, 0, 2.71699e-23, 

137, 61, 0, 3.03363e-23, 

137, 62, 0, 3.42775e-23, 

137, 63, 0, 3.88379e-23, 

137, 64, 0, 4.37074e-23, 

137, 65, 0, 4.84119e-23, 

137, 66, 0, 5.23619e-23, 

137, 67, 0, 5.49702e-23, 

137, 68, 0, 5.58171e-23, 

137, 69, 0, 5.47956e-23, 

137, 70, 0, 5.21633e-23, 

137, 71, 0, 4.84694e-23, 

137, 72, 0, 4.43886e-23, 

137, 73, 0, 4.05445e-23, 

137, 74, 0, 3.73904e-23, 

137, 75, 0, 3.51725e-23, 

137, 76, 0, 3.39508e-23, 

137, 77, 0, 3.36423e-23, 

137, 78, 0, 3.40549e-23, 

137, 79, 0, 3.49089e-23, 

137, 80, 0, 3.58556e-23, 

137, 81, 0, 3.65141e-23, 

137, 82, 0, 3.654e-23, 

137, 83, 0, 3.57192e-23, 

137, 84, 0, 3.40608e-23, 

137, 85, 0, 3.18559e-23, 

137, 86, 0, 2.97049e-23, 

137, 87, 0, 2.85806e-23, 

137, 88, 0, 3.00927e-23, 

137, 89, 0, 3.72847e-23, 

137, 90, 0, 5.66738e-23, 

137, 91, 0, 1.03224e-22, 

137, 92, 0, 2.12408e-22, 

137, 93, 0, 4.69635e-22, 

137, 94, 0, 1.08247e-21, 

137, 95, 0, 2.55894e-21, 

137, 96, 0, 6.15188e-21, 

137, 97, 0, 1.49837e-20, 

137, 98, 0, 3.69649e-20, 

137, 99, 0, 9.26256e-20, 

137, 100, 0, 2.37018e-19, 

137, 101, 0, 6.23826e-19, 

137, 102, 0, 1.70196e-18, 

137, 103, 0, 4.84569e-18, 

137, 104, 0, 1.44538e-17, 

137, 105, 0, 4.51579e-17, 

137, 106, 0, 1.47053e-16, 

137, 107, 0, 4.94476e-16, 

137, 108, 0, 1.69499e-15, 

137, 109, 0, 5.83326e-15, 

137, 110, 0, 1.98194e-14, 

137, 111, 0, 6.53177e-14, 

137, 112, 0, 2.05016e-13, 

137, 113, 0, 6.01324e-13, 

137, 114, 0, 1.61533e-12, 

137, 115, 0, 3.88693e-12, 

137, 116, 0, 8.16084e-12, 

137, 117, 0, 1.44379e-11, 

137, 118, 0, 2.03658e-11, 

137, 119, 0, 2.03658e-11, 

138, 0, 0, 2.1132e-05, 

138, 1, 0, 2.1132e-05, 

138, 2, 0, 1.70562e-05, 

138, 3, 0, 1.17239e-05, 

138, 4, 0, 7.03961e-06, 

138, 5, 0, 3.74669e-06, 

138, 6, 0, 1.78497e-06, 

138, 7, 0, 7.67047e-07, 

138, 8, 0, 2.99356e-07, 

138, 9, 0, 1.06819e-07, 

138, 10, 0, 3.5096e-08, 

138, 11, 0, 1.06978e-08, 

138, 12, 0, 3.05016e-09, 

138, 13, 0, 8.20711e-10, 

138, 14, 0, 2.10399e-10, 

138, 15, 0, 5.19184e-11, 

138, 16, 0, 1.24666e-11, 

138, 17, 0, 2.94672e-12, 

138, 18, 0, 6.94069e-13, 

138, 19, 0, 1.65014e-13, 

138, 20, 0, 4.01285e-14, 

138, 21, 0, 1.01131e-14, 

138, 22, 0, 2.67285e-15, 

138, 23, 0, 7.47711e-16, 

138, 24, 0, 2.22534e-16, 

138, 25, 0, 7.04932e-17, 

138, 26, 0, 2.36799e-17, 

138, 27, 0, 8.38228e-18, 

138, 28, 0, 3.10459e-18, 

138, 29, 0, 1.1952e-18, 

138, 30, 0, 4.75667e-19, 

138, 31, 0, 1.94868e-19, 

138, 32, 0, 8.19088e-20, 

138, 33, 0, 3.52377e-20, 

138, 34, 0, 1.54932e-20, 

138, 35, 0, 6.96539e-21, 

138, 36, 0, 3.21684e-21, 

138, 37, 0, 1.54517e-21, 

138, 38, 0, 7.90966e-22, 

138, 39, 0, 4.47286e-22, 

138, 40, 0, 2.89107e-22, 

138, 41, 0, 2.15515e-22, 

138, 42, 0, 1.80987e-22, 

138, 43, 0, 1.64911e-22, 

138, 44, 0, 1.57867e-22, 

138, 45, 0, 1.55425e-22, 

138, 46, 0, 1.55346e-22, 

138, 47, 0, 1.56339e-22, 

138, 48, 0, 1.57528e-22, 

138, 49, 0, 1.58255e-22, 

138, 50, 0, 1.58049e-22, 

138, 51, 0, 1.5667e-22, 

138, 52, 0, 1.54169e-22, 

138, 53, 0, 1.50924e-22, 

138, 54, 0, 1.47613e-22, 

138, 55, 0, 1.45129e-22, 

138, 56, 0, 1.44467e-22, 

138, 57, 0, 1.46607e-22, 

138, 58, 0, 1.52432e-22, 

138, 59, 0, 1.62674e-22, 

138, 60, 0, 1.77849e-22, 

138, 61, 0, 1.98155e-22, 

138, 62, 0, 2.23284e-22, 

138, 63, 0, 2.52183e-22, 

138, 64, 0, 2.82842e-22, 

138, 65, 0, 3.12258e-22, 

138, 66, 0, 3.36763e-22, 

138, 67, 0, 3.52766e-22, 

138, 68, 0, 3.57755e-22, 

138, 69, 0, 3.51165e-22, 

138, 70, 0, 3.34669e-22, 

138, 71, 0, 3.11703e-22, 

138, 72, 0, 2.86454e-22, 

138, 73, 0, 2.62777e-22, 

138, 74, 0, 2.43472e-22, 

138, 75, 0, 2.30052e-22, 

138, 76, 0, 2.22859e-22, 

138, 77, 0, 2.2132e-22, 

138, 78, 0, 2.24151e-22, 

138, 79, 0, 2.29502e-22, 

138, 80, 0, 2.35093e-22, 

138, 81, 0, 2.38494e-22, 

138, 82, 0, 2.37577e-22, 

138, 83, 0, 2.31127e-22, 

138, 84, 0, 2.19384e-22, 

138, 85, 0, 2.04361e-22, 

138, 86, 0, 1.89955e-22, 

138, 87, 0, 1.82312e-22, 

138, 88, 0, 1.91485e-22, 

138, 89, 0, 2.36395e-22, 

138, 90, 0, 3.57461e-22, 

138, 91, 0, 6.4716e-22, 

138, 92, 0, 1.32368e-21, 

138, 93, 0, 2.90946e-21, 

138, 94, 0, 6.66581e-21, 

138, 95, 0, 1.56559e-20, 

138, 96, 0, 3.73612e-20, 

138, 97, 0, 9.02056e-20, 

138, 98, 0, 2.20157e-19, 

138, 99, 0, 5.44239e-19, 

138, 100, 0, 1.36878e-18, 

138, 101, 0, 3.52429e-18, 

138, 102, 0, 9.35449e-18, 

138, 103, 0, 2.57579e-17, 

138, 104, 0, 7.38815e-17, 

138, 105, 0, 2.209e-16, 

138, 106, 0, 6.86103e-16, 

138, 107, 0, 2.19689e-15, 

138, 108, 0, 7.17106e-15, 

138, 109, 0, 2.35324e-14, 

138, 110, 0, 7.64177e-14, 

138, 111, 0, 2.4142e-13, 

138, 112, 0, 7.28842e-13, 

138, 113, 0, 2.06373e-12, 

138, 114, 0, 5.37291e-12, 

138, 115, 0, 1.25835e-11, 

138, 116, 0, 2.58353e-11, 

138, 117, 0, 4.49391e-11, 

138, 118, 0, 6.27497e-11, 

138, 119, 0, 6.27497e-11, 

139, 0, 0, 4.56266e-05, 

139, 1, 0, 4.56266e-05, 

139, 2, 0, 3.71844e-05, 

139, 3, 0, 2.59492e-05, 

139, 4, 0, 1.58757e-05, 

139, 5, 0, 8.63083e-06, 

139, 6, 0, 4.2075e-06, 

139, 7, 0, 1.85249e-06, 

139, 8, 0, 7.41412e-07, 

139, 9, 0, 2.715e-07, 

139, 10, 0, 9.16015e-08, 

139, 11, 0, 2.86918e-08, 

139, 12, 0, 8.41317e-09, 

139, 13, 0, 2.33067e-09, 

139, 14, 0, 6.16084e-10, 

139, 15, 0, 1.5707e-10, 

139, 16, 0, 3.90686e-11, 

139, 17, 0, 9.59732e-12, 

139, 18, 0, 2.35852e-12, 

139, 19, 0, 5.87558e-13, 

139, 20, 0, 1.50349e-13, 

139, 21, 0, 4.00034e-14, 

139, 22, 0, 1.11792e-14, 

139, 23, 0, 3.3033e-15, 

139, 24, 0, 1.03463e-15, 

139, 25, 0, 3.4297e-16, 

139, 26, 0, 1.19779e-16, 

139, 27, 0, 4.38052e-17, 

139, 28, 0, 1.66713e-17, 

139, 29, 0, 6.56574e-18, 

139, 30, 0, 2.66361e-18, 

139, 31, 0, 1.10902e-18, 

139, 32, 0, 4.72508e-19, 

139, 33, 0, 2.0554e-19, 

139, 34, 0, 9.11669e-20, 

139, 35, 0, 4.12624e-20, 

139, 36, 0, 1.91533e-20, 

139, 37, 0, 9.23855e-21, 

139, 38, 0, 4.74931e-21, 

139, 39, 0, 2.69983e-21, 

139, 40, 0, 1.75636e-21, 

139, 41, 0, 1.31841e-21, 

139, 42, 0, 1.11455e-21, 

139, 43, 0, 1.02174e-21, 

139, 44, 0, 9.83626e-22, 

139, 45, 0, 9.73536e-22, 

139, 46, 0, 9.77785e-22, 

139, 47, 0, 9.88277e-22, 

139, 48, 0, 9.9939e-22, 

139, 49, 0, 1.00686e-21, 

139, 50, 0, 1.00763e-21, 

139, 51, 0, 1.00023e-21, 

139, 52, 0, 9.85098e-22, 

139, 53, 0, 9.64804e-22, 

139, 54, 0, 9.4385e-22, 

139, 55, 0, 9.28076e-22, 

139, 56, 0, 9.23879e-22, 

139, 57, 0, 9.37473e-22, 

139, 58, 0, 9.74344e-22, 

139, 59, 0, 1.03889e-21, 

139, 60, 0, 1.13405e-21, 

139, 61, 0, 1.2606e-21, 

139, 62, 0, 1.41613e-21, 

139, 63, 0, 1.59359e-21, 

139, 64, 0, 1.78019e-21, 

139, 65, 0, 1.9574e-21, 

139, 66, 0, 2.10313e-21, 

139, 67, 0, 2.19622e-21, 

139, 68, 0, 2.22241e-21, 

139, 69, 0, 2.17921e-21, 

139, 70, 0, 2.0774e-21, 

139, 71, 0, 1.93794e-21, 

139, 72, 0, 1.78599e-21, 

139, 73, 0, 1.64454e-21, 

139, 74, 0, 1.53018e-21, 

139, 75, 0, 1.45175e-21, 

139, 76, 0, 1.41101e-21, 

139, 77, 0, 1.40407e-21, 

139, 78, 0, 1.42261e-21, 

139, 79, 0, 1.45481e-21, 

139, 80, 0, 1.48637e-21, 

139, 81, 0, 1.50237e-21, 

139, 82, 0, 1.49025e-21, 

139, 83, 0, 1.44348e-21, 

139, 84, 0, 1.36464e-21, 

139, 85, 0, 1.267e-21, 

139, 86, 0, 1.17489e-21, 

139, 87, 0, 1.12584e-21, 

139, 88, 0, 1.18066e-21, 

139, 89, 0, 1.45357e-21, 

139, 90, 0, 2.18805e-21, 

139, 91, 0, 3.93915e-21, 

139, 92, 0, 8.01006e-21, 

139, 93, 0, 1.7503e-20, 

139, 94, 0, 3.98585e-20, 

139, 95, 0, 9.30082e-20, 

139, 96, 0, 2.20357e-19, 

139, 97, 0, 5.2763e-19, 

139, 98, 0, 1.27507e-18, 

139, 99, 0, 3.11407e-18, 

139, 100, 0, 7.71435e-18, 

139, 101, 0, 1.94881e-17, 

139, 102, 0, 5.0513e-17, 

139, 103, 0, 1.35107e-16, 

139, 104, 0, 3.74402e-16, 

139, 105, 0, 1.07616e-15, 

139, 106, 0, 3.20049e-15, 

139, 107, 0, 9.78666e-15, 

139, 108, 0, 3.04712e-14, 

139, 109, 0, 9.53919e-14, 

139, 110, 0, 2.95879e-13, 

139, 111, 0, 8.94689e-13, 

139, 112, 0, 2.59236e-12, 

139, 113, 0, 7.06778e-12, 

139, 114, 0, 1.77833e-11, 

139, 115, 0, 4.04207e-11, 

139, 116, 0, 8.09323e-11, 

139, 117, 0, 1.38089e-10, 

139, 118, 0, 1.90562e-10, 

139, 119, 0, 1.90562e-10, 

140, 0, 0, 9.40644e-05, 

140, 1, 0, 9.40644e-05, 

140, 2, 0, 7.74008e-05, 

140, 3, 0, 5.48467e-05, 

140, 4, 0, 3.42061e-05, 

140, 5, 0, 1.90121e-05, 

140, 6, 0, 9.49696e-06, 

140, 7, 0, 4.29211e-06, 

140, 8, 0, 1.76591e-06, 

140, 9, 0, 6.65627e-07, 

140, 10, 0, 2.31441e-07, 

140, 11, 0, 7.48026e-08, 

140, 12, 0, 2.26646e-08, 

140, 13, 0, 6.49859e-09, 

140, 14, 0, 1.78155e-09, 

140, 15, 0, 4.72205e-10, 

140, 16, 0, 1.22464e-10, 

140, 17, 0, 3.14716e-11, 

140, 18, 0, 8.11968e-12, 

140, 19, 0, 2.13083e-12, 

140, 20, 0, 5.75868e-13, 

140, 21, 0, 1.61996e-13, 

140, 22, 0, 4.78121e-14, 

140, 23, 0, 1.48703e-14, 

140, 24, 0, 4.87672e-15, 

140, 25, 0, 1.68216e-15, 

140, 26, 0, 6.07512e-16, 

140, 27, 0, 2.28478e-16, 

140, 28, 0, 8.9008e-17, 

140, 29, 0, 3.57493e-17, 

140, 30, 0, 1.47455e-17, 

140, 31, 0, 6.22576e-18, 

140, 32, 0, 2.68348e-18, 

140, 33, 0, 1.17827e-18, 

140, 34, 0, 5.26422e-19, 

140, 35, 0, 2.39554e-19, 

140, 36, 0, 1.11649e-19, 

140, 37, 0, 5.40392e-20, 

140, 38, 0, 2.78873e-20, 

140, 39, 0, 1.5935e-20, 

140, 40, 0, 1.0435e-20, 

140, 41, 0, 7.88924e-21, 

140, 42, 0, 6.71486e-21, 

140, 43, 0, 6.1937e-21, 

140, 44, 0, 5.99606e-21, 

140, 45, 0, 5.96468e-21, 

140, 46, 0, 6.01745e-21, 

140, 47, 0, 6.10461e-21, 

140, 48, 0, 6.19085e-21, 

140, 49, 0, 6.24927e-21, 

140, 50, 0, 6.26104e-21, 

140, 51, 0, 6.21754e-21, 

140, 52, 0, 6.12274e-21, 

140, 53, 0, 5.99408e-21, 

140, 54, 0, 5.86081e-21, 

140, 55, 0, 5.76e-21, 

140, 56, 0, 5.73153e-21, 

140, 57, 0, 5.81336e-21, 

140, 58, 0, 6.03822e-21, 

140, 59, 0, 6.43134e-21, 

140, 60, 0, 7.0081e-21, 

140, 61, 0, 7.77008e-21, 

140, 62, 0, 8.69882e-21, 

140, 63, 0, 9.74829e-21, 

140, 64, 0, 1.08392e-20, 

140, 65, 0, 1.18609e-20, 

140, 66, 0, 1.2685e-20, 

140, 67, 0, 1.31925e-20, 

140, 68, 0, 1.33072e-20, 

140, 69, 0, 1.30222e-20, 

140, 70, 0, 1.24054e-20, 

140, 71, 0, 1.15812e-20, 

140, 72, 0, 1.06952e-20, 

140, 73, 0, 9.87874e-21, 

140, 74, 0, 9.22564e-21, 

140, 75, 0, 8.78465e-21, 

140, 76, 0, 8.56343e-21, 

140, 77, 0, 8.53634e-21, 

140, 78, 0, 8.65157e-21, 

140, 79, 0, 8.83678e-21, 

140, 80, 0, 9.0061e-21, 

140, 81, 0, 9.07216e-21, 

140, 82, 0, 8.96435e-21, 

140, 83, 0, 8.64971e-21, 

140, 84, 0, 8.14973e-21, 

140, 85, 0, 7.54739e-21, 

140, 86, 0, 6.98805e-21, 

140, 87, 0, 6.69167e-21, 

140, 88, 0, 7.0128e-21, 

140, 89, 0, 8.61691e-21, 

140, 90, 0, 1.29201e-20, 

140, 91, 0, 2.31384e-20, 

140, 92, 0, 4.67832e-20, 

140, 93, 0, 1.01628e-19, 

140, 94, 0, 2.30013e-19, 

140, 95, 0, 5.33207e-19, 

140, 96, 0, 1.25423e-18, 

140, 97, 0, 2.97905e-18, 

140, 98, 0, 7.13252e-18, 

140, 99, 0, 1.72279e-17, 

140, 100, 0, 4.21053e-17, 

140, 101, 0, 1.046e-16, 

140, 102, 0, 2.6554e-16, 

140, 103, 0, 6.92353e-16, 

140, 104, 0, 1.86089e-15, 

140, 105, 0, 5.16241e-15, 

140, 106, 0, 1.4754e-14, 

140, 107, 0, 4.32112e-14, 

140, 108, 0, 1.28586e-13, 

140, 109, 0, 3.84393e-13, 

140, 110, 0, 1.1388e-12, 

140, 111, 0, 3.29313e-12, 

140, 112, 0, 9.14386e-12, 

140, 113, 0, 2.39558e-11, 

140, 114, 0, 5.81189e-11, 

140, 115, 0, 1.27899e-10, 

140, 116, 0, 2.49163e-10, 

140, 117, 0, 4.16171e-10, 

140, 118, 0, 5.66794e-10, 

140, 119, 0, 5.66794e-10, 

141, 0, 0, 0.00018541, 

141, 1, 0, 0.00018541, 

141, 2, 0, 0.000154034, 

141, 3, 0, 0.000110854, 

141, 4, 0, 7.05161e-05, 

141, 5, 0, 4.01097e-05, 

141, 6, 0, 2.056e-05, 

141, 7, 0, 9.55733e-06, 

141, 8, 0, 4.05269e-06, 

141, 9, 0, 1.57732e-06, 

141, 10, 0, 5.67314e-07, 

141, 11, 0, 1.90013e-07, 

141, 12, 0, 5.97779e-08, 

141, 13, 0, 1.78347e-08, 

141, 14, 0, 5.09965e-09, 

141, 15, 0, 1.41362e-09, 

141, 16, 0, 3.8453e-10, 

141, 17, 0, 1.03955e-10, 

141, 18, 0, 2.82906e-11, 

141, 19, 0, 7.84649e-12, 

141, 20, 0, 2.24256e-12, 

141, 21, 0, 6.66354e-13, 

141, 22, 0, 2.07078e-13, 

141, 23, 0, 6.74818e-14, 

141, 24, 0, 2.30509e-14, 

141, 25, 0, 8.23103e-15, 

141, 26, 0, 3.05992e-15, 

141, 27, 0, 1.17887e-15, 

141, 28, 0, 4.68607e-16, 

141, 29, 0, 1.91436e-16, 

141, 30, 0, 8.01013e-17, 

141, 31, 0, 3.42284e-17, 

141, 32, 0, 1.48993e-17, 

141, 33, 0, 6.59323e-18, 

141, 34, 0, 2.9631e-18, 

141, 35, 0, 1.35417e-18, 

141, 36, 0, 6.33136e-19, 

141, 37, 0, 3.07319e-19, 

141, 38, 0, 1.5916e-19, 

141, 39, 0, 9.14169e-20, 

141, 40, 0, 6.02714e-20, 

141, 41, 0, 4.59049e-20, 

141, 42, 0, 3.93442e-20, 

141, 43, 0, 3.65163e-20, 

141, 44, 0, 3.55463e-20, 

141, 45, 0, 3.55315e-20, 

141, 46, 0, 3.59917e-20, 

141, 47, 0, 3.66283e-20, 

141, 48, 0, 3.72257e-20, 

141, 49, 0, 3.76199e-20, 

141, 50, 0, 3.76992e-20, 

141, 51, 0, 3.74183e-20, 

141, 52, 0, 3.68108e-20, 

141, 53, 0, 3.59926e-20, 

141, 54, 0, 3.51483e-20, 

141, 55, 0, 3.45057e-20, 

141, 56, 0, 3.43038e-20, 

141, 57, 0, 3.47653e-20, 

141, 58, 0, 3.60763e-20, 

141, 59, 0, 3.83733e-20, 

141, 60, 0, 4.17295e-20, 

141, 61, 0, 4.61318e-20, 

141, 62, 0, 5.14471e-20, 

141, 63, 0, 5.73834e-20, 

141, 64, 0, 6.34663e-20, 

141, 65, 0, 6.90585e-20, 

141, 66, 0, 7.34472e-20, 

141, 67, 0, 7.59983e-20, 

141, 68, 0, 7.63357e-20, 

141, 69, 0, 7.44722e-20, 

141, 70, 0, 7.08264e-20, 

141, 71, 0, 6.61082e-20, 

141, 72, 0, 6.11252e-20, 

141, 73, 0, 5.65927e-20, 

141, 74, 0, 5.30127e-20, 

141, 75, 0, 5.0637e-20, 

141, 76, 0, 4.94893e-20, 

141, 77, 0, 4.94077e-20, 

141, 78, 0, 5.00837e-20, 

141, 79, 0, 5.1096e-20, 

141, 80, 0, 5.19547e-20, 

141, 81, 0, 5.21744e-20, 

141, 82, 0, 5.13786e-20, 

141, 83, 0, 4.94136e-20, 

141, 84, 0, 4.64326e-20, 

141, 85, 0, 4.29254e-20, 

141, 86, 0, 3.9717e-20, 

141, 87, 0, 3.80387e-20, 

141, 88, 0, 3.98698e-20, 

141, 89, 0, 4.8928e-20, 

141, 90, 0, 7.31127e-20, 

141, 91, 0, 1.30291e-19, 

141, 92, 0, 2.61966e-19, 

141, 93, 0, 5.6572e-19, 

141, 94, 0, 1.2724e-18, 

141, 95, 0, 2.92993e-18, 

141, 96, 0, 6.84217e-18, 

141, 97, 0, 1.6123e-17, 

141, 98, 0, 3.82599e-17, 

141, 99, 0, 9.14662e-17, 

141, 100, 0, 2.20816e-16, 

141, 101, 0, 5.40405e-16, 

141, 102, 0, 1.34679e-15, 

141, 103, 0, 3.43293e-15, 

141, 104, 0, 8.97855e-15, 

141, 105, 0, 2.41222e-14, 

141, 106, 0, 6.64682e-14, 

141, 107, 0, 1.86982e-13, 

141, 108, 0, 5.3294e-13, 

141, 109, 0, 1.52335e-12, 

141, 110, 0, 4.31278e-12, 

141, 111, 0, 1.19236e-11, 

141, 112, 0, 3.16974e-11, 

141, 113, 0, 7.96868e-11, 

141, 114, 0, 1.86088e-10, 

141, 115, 0, 3.95736e-10, 

141, 116, 0, 7.48705e-10, 

141, 117, 0, 1.22216e-09, 

141, 118, 0, 1.64079e-09, 

141, 119, 0, 1.64079e-09, 

142, 0, 0, 0.000349968, 

142, 1, 0, 0.000349968, 

142, 2, 0, 0.000293549, 

142, 3, 0, 0.000214613, 

142, 4, 0, 0.000139331, 

142, 5, 0, 8.1191e-05, 

142, 6, 0, 4.27744e-05, 

142, 7, 0, 2.04944e-05, 

142, 8, 0, 8.98064e-06, 

142, 9, 0, 3.62078e-06, 

142, 10, 0, 1.3522e-06, 

142, 11, 0, 4.7136e-07, 

142, 12, 0, 1.54704e-07, 

142, 13, 0, 4.82726e-08, 

142, 14, 0, 1.44736e-08, 

142, 15, 0, 4.21809e-09, 

142, 16, 0, 1.20938e-09, 

142, 17, 0, 3.45359e-10, 

142, 18, 0, 9.94216e-11, 

142, 19, 0, 2.91765e-11, 

142, 20, 0, 8.81146e-12, 

142, 21, 0, 2.7582e-12, 

142, 22, 0, 8.98813e-13, 

142, 23, 0, 3.05406e-13, 

142, 24, 0, 1.08124e-13, 

142, 25, 0, 3.97866e-14, 

142, 26, 0, 1.51651e-14, 

142, 27, 0, 5.96533e-15, 

142, 28, 0, 2.41286e-15, 

142, 29, 0, 1.00024e-15, 

142, 30, 0, 4.237e-16, 

142, 31, 0, 1.82908e-16, 

142, 32, 0, 8.0276e-17, 

142, 33, 0, 3.57502e-17, 

142, 34, 0, 1.61416e-17, 

142, 35, 0, 7.40099e-18, 

142, 36, 0, 3.46863e-18, 

142, 37, 0, 1.68764e-18, 

142, 38, 0, 8.77e-19, 

142, 39, 0, 5.06386e-19, 

142, 40, 0, 3.36218e-19, 

142, 41, 0, 2.58033e-19, 

142, 42, 0, 2.22728e-19, 

142, 43, 0, 2.08011e-19, 

142, 44, 0, 2.03584e-19, 

142, 45, 0, 2.04438e-19, 

142, 46, 0, 2.07851e-19, 

142, 47, 0, 2.12088e-19, 

142, 48, 0, 2.15875e-19, 

142, 49, 0, 2.18251e-19, 

142, 50, 0, 2.18588e-19, 

142, 51, 0, 2.16672e-19, 

142, 52, 0, 2.12769e-19, 

142, 53, 0, 2.07624e-19, 

142, 54, 0, 2.02362e-19, 

142, 55, 0, 1.98325e-19, 

142, 56, 0, 1.96886e-19, 

142, 57, 0, 1.99287e-19, 

142, 58, 0, 2.06531e-19, 

142, 59, 0, 2.1931e-19, 

142, 60, 0, 2.3792e-19, 

142, 61, 0, 2.62147e-19, 

142, 62, 0, 2.91086e-19, 

142, 63, 0, 3.22962e-19, 

142, 64, 0, 3.55051e-19, 

142, 65, 0, 3.83852e-19, 

142, 66, 0, 4.05611e-19, 

142, 67, 0, 4.17156e-19, 

142, 68, 0, 4.16803e-19, 

142, 69, 0, 4.04958e-19, 

142, 70, 0, 3.84094e-19, 

142, 71, 0, 3.5809e-19, 

142, 72, 0, 3.31209e-19, 

142, 73, 0, 3.07134e-19, 

142, 74, 0, 2.88391e-19, 

142, 75, 0, 2.76181e-19, 

142, 76, 0, 2.70509e-19, 

142, 77, 0, 2.70403e-19, 

142, 78, 0, 2.74124e-19, 

142, 79, 0, 2.7935e-19, 

142, 80, 0, 2.83444e-19, 

142, 81, 0, 2.83862e-19, 

142, 82, 0, 2.78713e-19, 

142, 83, 0, 2.6734e-19, 

142, 84, 0, 2.50716e-19, 

142, 85, 0, 2.31553e-19, 

142, 86, 0, 2.14274e-19, 

142, 87, 0, 2.05417e-19, 

142, 88, 0, 2.15491e-19, 

142, 89, 0, 2.64274e-19, 

142, 90, 0, 3.93728e-19, 

142, 91, 0, 6.98361e-19, 

142, 92, 0, 1.39644e-18, 

142, 93, 0, 2.99776e-18, 

142, 94, 0, 6.69959e-18, 

142, 95, 0, 1.53219e-17, 

142, 96, 0, 3.55191e-17, 

142, 97, 0, 8.3039e-17, 

142, 98, 0, 1.95353e-16, 

142, 99, 0, 4.62494e-16, 

142, 100, 0, 1.10396e-15, 

142, 101, 0, 2.66523e-15, 

142, 102, 0, 6.53296e-15, 

142, 103, 0, 1.63178e-14, 

142, 104, 0, 4.16423e-14, 

142, 105, 0, 1.08669e-13, 

142, 106, 0, 2.8955e-13, 

142, 107, 0, 7.84482e-13, 

142, 108, 0, 2.14642e-12, 

142, 109, 0, 5.87597e-12, 

142, 110, 0, 1.59121e-11, 

142, 111, 0, 4.20701e-11, 

142, 112, 0, 1.07038e-10, 

142, 113, 0, 2.58003e-10, 

142, 114, 0, 5.79261e-10, 

142, 115, 0, 1.1888e-09, 

142, 116, 0, 2.1812e-09, 

142, 117, 0, 3.47527e-09, 

142, 118, 0, 4.59514e-09, 

142, 119, 0, 4.59514e-09, 

143, 0, 0, 0.00063366, 

143, 1, 0, 0.00063366, 

143, 2, 0, 0.000536658, 

143, 3, 0, 0.000398711, 

143, 4, 0, 0.000264371, 

143, 5, 0, 0.000158006, 

143, 6, 0, 8.5698e-05, 

143, 7, 0, 4.24139e-05, 

143, 8, 0, 1.92585e-05, 

143, 9, 0, 8.06945e-06, 

143, 10, 0, 3.14082e-06, 

143, 11, 0, 1.14423e-06, 

143, 12, 0, 3.93554e-07, 

143, 13, 0, 1.29033e-07, 

143, 14, 0, 4.07543e-08, 

143, 15, 0, 1.25401e-08, 

143, 16, 0, 3.80302e-09, 

143, 17, 0, 1.14994e-09, 

143, 18, 0, 3.5051e-10, 

143, 19, 0, 1.08754e-10, 

143, 20, 0, 3.46227e-11, 

143, 21, 0, 1.13747e-11, 

143, 22, 0, 3.86933e-12, 

143, 23, 0, 1.3644e-12, 

143, 24, 0, 4.98387e-13, 

143, 25, 0, 1.88227e-13, 

143, 26, 0, 7.33064e-14, 

143, 27, 0, 2.93553e-14, 

143, 28, 0, 1.20518e-14, 

143, 29, 0, 5.05863e-15, 

143, 30, 0, 2.16516e-15, 

143, 31, 0, 9.42639e-16, 

143, 32, 0, 4.16488e-16, 

143, 33, 0, 1.86411e-16, 

143, 34, 0, 8.44624e-17, 

143, 35, 0, 3.88169e-17, 

143, 36, 0, 1.8224e-17, 

143, 37, 0, 8.8845e-18, 

143, 38, 0, 4.63232e-18, 

143, 39, 0, 2.68941e-18, 

143, 40, 0, 1.7988e-18, 

143, 41, 0, 1.39141e-18, 

143, 42, 0, 1.20973e-18, 

143, 43, 0, 1.13686e-18, 

143, 44, 0, 1.11857e-18, 

143, 45, 0, 1.12819e-18, 

143, 46, 0, 1.15087e-18, 

143, 47, 0, 1.1769e-18, 

143, 48, 0, 1.19907e-18, 

143, 49, 0, 1.21199e-18, 

143, 50, 0, 1.21234e-18, 

143, 51, 0, 1.19926e-18, 

143, 52, 0, 1.1747e-18, 

143, 53, 0, 1.14322e-18, 

143, 54, 0, 1.11138e-18, 

143, 55, 0, 1.08673e-18, 

143, 56, 0, 1.07676e-18, 

143, 57, 0, 1.08804e-18, 

143, 58, 0, 1.12563e-18, 

143, 59, 0, 1.19276e-18, 

143, 60, 0, 1.29033e-18, 

143, 61, 0, 1.41636e-18, 

143, 62, 0, 1.56508e-18, 

143, 63, 0, 1.72626e-18, 

143, 64, 0, 1.88504e-18, 

143, 65, 0, 2.02322e-18, 

143, 66, 0, 2.1222e-18, 

143, 67, 0, 2.16726e-18, 

143, 68, 0, 2.15184e-18, 

143, 69, 0, 2.07993e-18, 

143, 70, 0, 1.96544e-18, 

143, 71, 0, 1.82846e-18, 

143, 72, 0, 1.69024e-18, 

143, 73, 0, 1.56861e-18, 

143, 74, 0, 1.47538e-18, 

143, 75, 0, 1.41579e-18, 

143, 76, 0, 1.38915e-18, 

143, 77, 0, 1.39e-18, 

143, 78, 0, 1.40909e-18, 

143, 79, 0, 1.43442e-18, 

143, 80, 0, 1.45268e-18, 

143, 81, 0, 1.45135e-18, 

143, 82, 0, 1.42154e-18, 

143, 83, 0, 1.36073e-18, 

143, 84, 0, 1.27448e-18, 

143, 85, 0, 1.1768e-18, 

143, 86, 0, 1.08996e-18, 

143, 87, 0, 1.04666e-18, 

143, 88, 0, 1.09961e-18, 

143, 89, 0, 1.34828e-18, 

143, 90, 0, 2.00342e-18, 

143, 91, 0, 3.53752e-18, 

143, 92, 0, 7.03523e-18, 

143, 93, 0, 1.50124e-17, 

143, 94, 0, 3.33335e-17, 

143, 95, 0, 7.57025e-17, 

143, 96, 0, 1.74191e-16, 

143, 97, 0, 4.04025e-16, 

143, 98, 0, 9.42446e-16, 

143, 99, 0, 2.21048e-15, 

143, 100, 0, 5.22063e-15, 

143, 101, 0, 1.24475e-14, 

143, 102, 0, 3.00548e-14, 

143, 103, 0, 7.37044e-14, 

143, 104, 0, 1.83952e-13, 

143, 105, 0, 4.67471e-13, 

143, 106, 0, 1.20769e-12, 

143, 107, 0, 3.15942e-12, 

143, 108, 0, 8.3173e-12, 

143, 109, 0, 2.18468e-11, 

143, 110, 0, 5.66614e-11, 

143, 111, 0, 1.43365e-10, 

143, 112, 0, 3.49168e-10, 

143, 113, 0, 8.06726e-10, 

143, 114, 0, 1.7403e-09, 

143, 115, 0, 3.44383e-09, 

143, 116, 0, 6.12211e-09, 

143, 117, 0, 9.51245e-09, 

143, 118, 0, 1.23799e-08, 

143, 119, 0, 1.23799e-08, 

144, 0, 0, 0.00110246, 

144, 1, 0, 0.00110246, 

144, 2, 0, 0.000942843, 

144, 3, 0, 0.000712132, 

144, 4, 0, 0.000482646, 

144, 5, 0, 0.000296232, 

144, 6, 0, 0.000165691, 

144, 7, 0, 8.48958e-05, 

144, 8, 0, 4.00518e-05, 

144, 9, 0, 1.74963e-05, 

144, 10, 0, 7.12283e-06, 

144, 11, 0, 2.72246e-06, 

144, 12, 0, 9.85212e-07, 

144, 13, 0, 3.40744e-07, 

144, 14, 0, 1.13779e-07, 

144, 15, 0, 3.70734e-08, 

144, 16, 0, 1.19157e-08, 

144, 17, 0, 3.81769e-09, 

144, 18, 0, 1.23114e-09, 

144, 19, 0, 4.02981e-10, 

144, 20, 0, 1.34779e-10, 

144, 21, 0, 4.62778e-11, 

144, 22, 0, 1.63588e-11, 

144, 23, 0, 5.95964e-12, 

144, 24, 0, 2.23693e-12, 

144, 25, 0, 8.63967e-13, 

144, 26, 0, 3.42729e-13, 

144, 27, 0, 1.3934e-13, 

144, 28, 0, 5.7927e-14, 

144, 29, 0, 2.45676e-14, 

144, 30, 0, 1.0605e-14, 

144, 31, 0, 4.64853e-15, 

144, 32, 0, 2.06458e-15, 

144, 33, 0, 9.27495e-16, 

144, 34, 0, 4.21266e-16, 

144, 35, 0, 1.93893e-16, 

144, 36, 0, 9.11354e-17, 

144, 37, 0, 4.45062e-17, 

144, 38, 0, 2.32835e-17, 

144, 39, 0, 1.35959e-17, 

144, 40, 0, 9.16395e-18, 

144, 41, 0, 7.14636e-18, 

144, 42, 0, 6.259e-18, 

144, 43, 0, 5.91863e-18, 

144, 44, 0, 5.85367e-18, 

144, 45, 0, 5.92858e-18, 

144, 46, 0, 6.06614e-18, 

144, 47, 0, 6.2144e-18, 

144, 48, 0, 6.33443e-18, 

144, 49, 0, 6.39775e-18, 

144, 50, 0, 6.38773e-18, 

144, 51, 0, 6.30203e-18, 

144, 52, 0, 6.15357e-18, 

144, 53, 0, 5.96896e-18, 

144, 54, 0, 5.78445e-18, 

144, 55, 0, 5.6402e-18, 

144, 56, 0, 5.57479e-18, 

144, 57, 0, 5.62082e-18, 

144, 58, 0, 5.80225e-18, 

144, 59, 0, 6.13248e-18, 

144, 60, 0, 6.61232e-18, 

144, 61, 0, 7.22706e-18, 

144, 62, 0, 7.94282e-18, 

144, 63, 0, 8.70392e-18, 

144, 64, 0, 9.43414e-18, 

144, 65, 0, 1.00447e-17, 

144, 66, 0, 1.04497e-17, 

144, 67, 0, 1.05867e-17, 

144, 68, 0, 1.04353e-17, 

144, 69, 0, 1.00248e-17, 

144, 70, 0, 9.42849e-18, 

144, 71, 0, 8.74447e-18, 

144, 72, 0, 8.07182e-18, 

144, 73, 0, 7.49091e-18, 

144, 74, 0, 7.05291e-18, 

144, 75, 0, 6.77809e-18, 

144, 76, 0, 6.65959e-18, 

144, 77, 0, 6.66862e-18, 

144, 78, 0, 6.75938e-18, 

144, 79, 0, 6.87402e-18, 

144, 80, 0, 6.94978e-18, 

144, 81, 0, 6.92934e-18, 

144, 82, 0, 6.77371e-18, 

144, 83, 0, 6.47437e-18, 

144, 84, 0, 6.0602e-18, 

144, 85, 0, 5.59832e-18, 

144, 86, 0, 5.19334e-18, 

144, 87, 0, 4.9984e-18, 

144, 88, 0, 5.26157e-18, 

144, 89, 0, 6.45243e-18, 

144, 90, 0, 9.56436e-18, 

144, 91, 0, 1.68142e-17, 

144, 92, 0, 3.32587e-17, 

144, 93, 0, 7.0543e-17, 

144, 94, 0, 1.55604e-16, 

144, 95, 0, 3.50882e-16, 

144, 96, 0, 8.01301e-16, 

144, 97, 0, 1.84384e-15, 

144, 98, 0, 4.2651e-15, 

144, 99, 0, 9.9138e-15, 

144, 100, 0, 2.31802e-14, 

144, 101, 0, 5.46318e-14, 

144, 102, 0, 1.30103e-13, 

144, 103, 0, 3.13771e-13, 

144, 104, 0, 7.67424e-13, 

144, 105, 0, 1.90353e-12, 

144, 106, 0, 4.7798e-12, 

144, 107, 0, 1.21039e-11, 

144, 108, 0, 3.07291e-11, 

144, 109, 0, 7.76016e-11, 

144, 110, 0, 1.93071e-10, 

144, 111, 0, 4.68032e-10, 

144, 112, 0, 1.0919e-09, 

144, 113, 0, 2.41871e-09, 

144, 114, 0, 5.01281e-09, 

144, 115, 0, 9.56147e-09, 

144, 116, 0, 1.64605e-08, 

144, 117, 0, 2.49296e-08, 

144, 118, 0, 3.19226e-08, 

144, 119, 0, 3.19226e-08, 

145, 0, 0, 0.00184608, 

145, 1, 0, 0.00184608, 

145, 2, 0, 0.00159452, 

145, 3, 0, 0.00122499, 

145, 4, 0, 0.000849387, 

145, 5, 0, 0.000536086, 

145, 6, 0, 0.000309774, 

145, 7, 0, 0.000164684, 

145, 8, 0, 8.09389e-05, 

145, 9, 0, 3.69731e-05, 

145, 10, 0, 1.57947e-05, 

145, 11, 0, 6.35506e-06, 

145, 12, 0, 2.42771e-06, 

145, 13, 0, 8.88367e-07, 

145, 14, 0, 3.1436e-07, 

145, 15, 0, 1.08632e-07, 

145, 16, 0, 3.70196e-08, 

145, 17, 0, 1.25568e-08, 

145, 18, 0, 4.27526e-09, 

145, 19, 0, 1.4716e-09, 

145, 20, 0, 5.15033e-10, 

145, 21, 0, 1.84025e-10, 

145, 22, 0, 6.73043e-11, 

145, 23, 0, 2.52282e-11, 

145, 24, 0, 9.69389e-12, 

145, 25, 0, 3.81623e-12, 

145, 26, 0, 1.53749e-12, 

145, 27, 0, 6.32995e-13, 

145, 28, 0, 2.65858e-13, 

145, 29, 0, 1.13694e-13, 

145, 30, 0, 4.94048e-14, 

145, 31, 0, 2.17672e-14, 

145, 32, 0, 9.70367e-15, 

145, 33, 0, 4.36998e-15, 

145, 34, 0, 1.98759e-15, 

145, 35, 0, 9.15453e-16, 

145, 36, 0, 4.30568e-16, 

145, 37, 0, 2.10589e-16, 

145, 38, 0, 1.10556e-16, 

145, 39, 0, 6.4955e-17, 

145, 40, 0, 4.41387e-17, 

145, 41, 0, 3.47118e-17, 

145, 42, 0, 3.06285e-17, 

145, 43, 0, 2.91425e-17, 

145, 44, 0, 2.89684e-17, 

145, 45, 0, 2.94551e-17, 

145, 46, 0, 3.02212e-17, 

145, 47, 0, 3.10039e-17, 

145, 48, 0, 3.16046e-17, 

145, 49, 0, 3.18809e-17, 

145, 50, 0, 3.17562e-17, 

145, 51, 0, 3.12306e-17, 

145, 52, 0, 3.03829e-17, 

145, 53, 0, 2.9359e-17, 

145, 54, 0, 2.83469e-17, 

145, 55, 0, 2.7548e-17, 

145, 56, 0, 2.71482e-17, 

145, 57, 0, 2.7299e-17, 

145, 58, 0, 2.81042e-17, 

145, 59, 0, 2.96127e-17, 

145, 60, 0, 3.18086e-17, 

145, 61, 0, 3.45988e-17, 

145, 62, 0, 3.77988e-17, 

145, 63, 0, 4.11268e-17, 

145, 64, 0, 4.42178e-17, 

145, 65, 0, 4.66685e-17, 

145, 66, 0, 4.81138e-17, 

145, 67, 0, 4.83165e-17, 

145, 68, 0, 4.72383e-17, 

145, 69, 0, 4.5061e-17, 

145, 70, 0, 4.21438e-17, 

145, 71, 0, 3.89325e-17, 

145, 72, 0, 3.5857e-17, 

145, 73, 0, 3.32521e-17, 

145, 74, 0, 3.13202e-17, 

145, 75, 0, 3.01291e-17, 

145, 76, 0, 2.96312e-17, 

145, 77, 0, 2.96866e-17, 

145, 78, 0, 3.00843e-17, 

145, 79, 0, 3.0566e-17, 

145, 80, 0, 3.08572e-17, 

145, 81, 0, 3.07143e-17, 

145, 82, 0, 2.9979e-17, 

145, 83, 0, 2.86271e-17, 

145, 84, 0, 2.67948e-17, 

145, 85, 0, 2.47791e-17, 

145, 86, 0, 2.30359e-17, 

145, 87, 0, 2.22325e-17, 

145, 88, 0, 2.34569e-17, 

145, 89, 0, 2.87756e-17, 

145, 90, 0, 4.2554e-17, 

145, 91, 0, 7.44856e-17, 

145, 92, 0, 1.46539e-16, 

145, 93, 0, 3.08934e-16, 

145, 94, 0, 6.76917e-16, 

145, 95, 0, 1.51546e-15, 

145, 96, 0, 3.43446e-15, 

145, 97, 0, 7.84009e-15, 

145, 98, 0, 1.79853e-14, 

145, 99, 0, 4.144e-14, 

145, 100, 0, 9.59734e-14, 

145, 101, 0, 2.2376e-13, 

145, 102, 0, 5.2615e-13, 

145, 103, 0, 1.24972e-12, 

145, 104, 0, 3.00073e-12, 

145, 105, 0, 7.28007e-12, 

145, 106, 0, 1.78089e-11, 

145, 107, 0, 4.37585e-11, 

145, 108, 0, 1.07389e-10, 

145, 109, 0, 2.613e-10, 

145, 110, 0, 6.24814e-10, 

145, 111, 0, 1.45334e-09, 

145, 112, 0, 3.25139e-09, 

145, 113, 0, 6.91009e-09, 

145, 114, 0, 1.37637e-08, 

145, 115, 0, 2.53066e-08, 

145, 116, 0, 4.21858e-08, 

145, 117, 0, 6.22642e-08, 

145, 118, 0, 7.8438e-08, 

145, 119, 0, 7.8438e-08, 

146, 0, 0, 0.00297937, 

146, 1, 0, 0.00297937, 

146, 2, 0, 0.00259967, 

146, 3, 0, 0.00203269, 

146, 4, 0, 0.00144344, 

146, 5, 0, 0.000938165, 

146, 6, 0, 0.000561089, 

146, 7, 0, 0.000310177, 

146, 8, 0, 0.000159209, 

146, 9, 0, 7.62562e-05, 

146, 10, 0, 3.42794e-05, 

146, 11, 0, 1.45583e-05, 

146, 12, 0, 5.88487e-06, 

146, 13, 0, 2.28265e-06, 

146, 14, 0, 8.56939e-07, 

146, 15, 0, 3.14103e-07, 

146, 16, 0, 1.13382e-07, 

146, 17, 0, 4.06326e-08, 

146, 18, 0, 1.45621e-08, 

146, 19, 0, 5.25154e-09, 

146, 20, 0, 1.9153e-09, 

146, 21, 0, 7.09122e-10, 

146, 22, 0, 2.67229e-10, 

146, 23, 0, 1.02667e-10, 

146, 24, 0, 4.02452e-11, 

146, 25, 0, 1.60986e-11, 

146, 26, 0, 6.56879e-12, 

146, 27, 0, 2.73179e-12, 

146, 28, 0, 1.15654e-12, 

146, 29, 0, 4.97693e-13, 

146, 30, 0, 2.17304e-13, 

146, 31, 0, 9.6074e-14, 

146, 32, 0, 4.29262e-14, 

146, 33, 0, 1.93548e-14, 

146, 34, 0, 8.80641e-15, 

146, 35, 0, 4.05594e-15, 

146, 36, 0, 1.90804e-15, 

146, 37, 0, 9.34538e-16, 

146, 38, 0, 4.92458e-16, 

146, 39, 0, 2.91256e-16, 

146, 40, 0, 1.9963e-16, 

146, 41, 0, 1.58367e-16, 

146, 42, 0, 1.40792e-16, 

146, 43, 0, 1.34785e-16, 

146, 44, 0, 1.34638e-16, 

146, 45, 0, 1.37412e-16, 

146, 46, 0, 1.41336e-16, 

146, 47, 0, 1.45157e-16, 

146, 48, 0, 1.47926e-16, 

146, 49, 0, 1.48978e-16, 

146, 50, 0, 1.47986e-16, 

146, 51, 0, 1.45013e-16, 

146, 52, 0, 1.40497e-16, 

146, 53, 0, 1.35183e-16, 

146, 54, 0, 1.29985e-16, 

146, 55, 0, 1.25842e-16, 

146, 56, 0, 1.23592e-16, 

146, 57, 0, 1.23884e-16, 

146, 58, 0, 1.27132e-16, 

146, 59, 0, 1.33477e-16, 

146, 60, 0, 1.42757e-16, 

146, 61, 0, 1.54451e-16, 

146, 62, 0, 1.67638e-16, 

146, 63, 0, 1.80999e-16, 

146, 64, 0, 1.92915e-16, 

146, 65, 0, 2.01697e-16, 

146, 66, 0, 2.05929e-16, 

146, 67, 0, 2.04825e-16, 

146, 68, 0, 1.98472e-16, 

146, 69, 0, 1.87843e-16, 

146, 70, 0, 1.74562e-16, 

146, 71, 0, 1.60504e-16, 

146, 72, 0, 1.47388e-16, 

146, 73, 0, 1.36493e-16, 

146, 74, 0, 1.28543e-16, 

146, 75, 0, 1.23719e-16, 

146, 76, 0, 1.21752e-16, 

146, 77, 0, 1.22016e-16, 

146, 78, 0, 1.23616e-16, 

146, 79, 0, 1.25485e-16, 

146, 80, 0, 1.26517e-16, 

146, 81, 0, 1.25756e-16, 

146, 82, 0, 1.22608e-16, 

146, 83, 0, 1.17023e-16, 

146, 84, 0, 1.09584e-16, 

146, 85, 0, 1.01499e-16, 

146, 86, 0, 9.46028e-17, 

146, 87, 0, 9.15864e-17, 

146, 88, 0, 9.6869e-17, 

146, 89, 0, 1.18877e-16, 

146, 90, 0, 1.7538e-16, 

146, 91, 0, 3.05641e-16, 

146, 92, 0, 5.98054e-16, 

146, 93, 0, 1.25316e-15, 

146, 94, 0, 2.72749e-15, 

146, 95, 0, 6.06203e-15, 

146, 96, 0, 1.3633e-14, 

146, 97, 0, 3.08735e-14, 

146, 98, 0, 7.02446e-14, 

146, 99, 0, 1.60474e-13, 

146, 100, 0, 3.68279e-13, 

146, 101, 0, 8.49982e-13, 

146, 102, 0, 1.97539e-12, 

146, 103, 0, 4.62708e-12, 

146, 104, 0, 1.09252e-11, 

146, 105, 0, 2.59765e-11, 

146, 106, 0, 6.2044e-11, 

146, 107, 0, 1.48275e-10, 

146, 108, 0, 3.52606e-10, 

146, 109, 0, 8.286e-10, 

146, 110, 0, 1.90831e-09, 

146, 111, 0, 4.26702e-09, 

146, 112, 0, 9.16792e-09, 

146, 113, 0, 1.87149e-08, 

146, 114, 0, 3.58524e-08, 

146, 115, 0, 6.35721e-08, 

146, 116, 0, 1.02635e-07, 

146, 117, 0, 1.47638e-07, 

146, 118, 0, 1.82983e-07, 

146, 119, 0, 1.82983e-07, 

147, 0, 0, 0.00463938, 

147, 1, 0, 0.00463938, 

147, 2, 0, 0.004091, 

147, 3, 0, 0.00325827, 

147, 4, 0, 0.00237244, 

147, 5, 0, 0.00159038, 

147, 6, 0, 0.000986294, 

147, 7, 0, 0.000568159, 

147, 8, 0, 0.000305254, 

147, 9, 0, 0.000153655, 

147, 10, 0, 7.28416e-05, 

147, 11, 0, 3.27147e-05, 

147, 12, 0, 1.40125e-05, 

147, 13, 0, 5.76533e-06, 

147, 14, 0, 2.29582e-06, 

147, 15, 0, 8.916e-07, 

147, 16, 0, 3.40209e-07, 

147, 17, 0, 1.28439e-07, 

147, 18, 0, 4.82798e-08, 

147, 19, 0, 1.81689e-08, 

147, 20, 0, 6.87671e-09, 

147, 21, 0, 2.62737e-09, 

147, 22, 0, 1.01621e-09, 

147, 23, 0, 3.98723e-10, 

147, 24, 0, 1.58927e-10, 

147, 25, 0, 6.44048e-11, 

147, 26, 0, 2.65435e-11, 

147, 27, 0, 1.11232e-11, 

147, 28, 0, 4.73618e-12, 

147, 29, 0, 2.0467e-12, 

147, 30, 0, 8.96248e-13, 

147, 31, 0, 3.9696e-13, 

147, 32, 0, 1.77506e-13, 

147, 33, 0, 8.00332e-14, 

147, 34, 0, 3.63933e-14, 

147, 35, 0, 1.67493e-14, 

147, 36, 0, 7.87807e-15, 

147, 37, 0, 3.86405e-15, 

147, 38, 0, 2.04453e-15, 

147, 39, 0, 1.21796e-15, 

147, 40, 0, 8.42481e-16, 

147, 41, 0, 6.7439e-16, 

147, 42, 0, 6.04112e-16, 

147, 43, 0, 5.81842e-16, 

147, 44, 0, 5.83973e-16, 

147, 45, 0, 5.9811e-16, 

147, 46, 0, 6.16568e-16, 

147, 47, 0, 6.33775e-16, 

147, 48, 0, 6.45491e-16, 

147, 49, 0, 6.48828e-16, 

147, 50, 0, 6.42528e-16, 

147, 51, 0, 6.2714e-16, 

147, 52, 0, 6.04908e-16, 

147, 53, 0, 5.79337e-16, 

147, 54, 0, 5.54552e-16, 

147, 55, 0, 5.34624e-16, 

147, 56, 0, 5.23043e-16, 

147, 57, 0, 5.22378e-16, 

147, 58, 0, 5.34102e-16, 

147, 59, 0, 5.58478e-16, 

147, 60, 0, 5.94428e-16, 

147, 61, 0, 6.39365e-16, 

147, 62, 0, 6.89088e-16, 

147, 63, 0, 7.37915e-16, 

147, 64, 0, 7.79247e-16, 

147, 65, 0, 8.06617e-16, 

147, 66, 0, 8.15072e-16, 

147, 67, 0, 8.02468e-16, 

147, 68, 0, 7.70155e-16, 

147, 69, 0, 7.22734e-16, 

147, 70, 0, 6.66919e-16, 

147, 71, 0, 6.09949e-16, 

147, 72, 0, 5.58126e-16, 

147, 73, 0, 5.15893e-16, 

147, 74, 0, 4.85545e-16, 

147, 75, 0, 4.67393e-16, 

147, 76, 0, 4.60127e-16, 

147, 77, 0, 4.61183e-16, 

147, 78, 0, 4.67071e-16, 

147, 79, 0, 4.73741e-16, 

147, 80, 0, 4.77098e-16, 

147, 81, 0, 4.73689e-16, 

147, 82, 0, 4.61465e-16, 

147, 83, 0, 4.40399e-16, 

147, 84, 0, 4.12756e-16, 

147, 85, 0, 3.83047e-16, 

147, 86, 0, 3.58055e-16, 

147, 87, 0, 3.47772e-16, 

147, 88, 0, 3.68738e-16, 

147, 89, 0, 4.52613e-16, 

147, 90, 0, 6.66039e-16, 

147, 91, 0, 1.15554e-15, 

147, 92, 0, 2.2488e-15, 

147, 93, 0, 4.68359e-15, 

147, 94, 0, 1.01258e-14, 

147, 95, 0, 2.23425e-14, 

147, 96, 0, 4.98617e-14, 

147, 97, 0, 1.12023e-13, 

147, 98, 0, 2.52818e-13, 

147, 99, 0, 5.72782e-13, 

147, 100, 0, 1.3031e-12, 

147, 101, 0, 2.97913e-12, 

147, 102, 0, 6.84934e-12, 

147, 103, 0, 1.58414e-11, 

147, 104, 0, 3.68396e-11, 

147, 105, 0, 8.6007e-11, 

147, 106, 0, 2.01012e-10, 

147, 107, 0, 4.68354e-10, 

147, 108, 0, 1.08196e-09, 

147, 109, 0, 2.46168e-09, 

147, 110, 0, 5.47348e-09, 

147, 111, 0, 1.17906e-08, 

147, 112, 0, 2.43743e-08, 

147, 113, 0, 4.78625e-08, 

147, 114, 0, 8.82851e-08, 

147, 115, 0, 1.51078e-07, 

147, 116, 0, 2.36323e-07, 

147, 117, 0, 3.31376e-07, 

147, 118, 0, 4.04115e-07, 

147, 119, 0, 4.04115e-07, 

148, 0, 0, 0.00697536, 

148, 1, 0, 0.00697536, 

148, 2, 0, 0.00621968, 

148, 3, 0, 0.00505125, 

148, 4, 0, 0.00377667, 

148, 5, 0, 0.00261567, 

148, 6, 0, 0.00168521, 

148, 7, 0, 0.00101357, 

148, 8, 0, 0.000571107, 

148, 9, 0, 0.000302652, 

148, 10, 0, 0.000151524, 

148, 11, 0, 7.20348e-05, 

148, 12, 0, 3.27038e-05, 

148, 13, 0, 1.42664e-05, 

148, 14, 0, 6.01829e-06, 

148, 15, 0, 2.47112e-06, 

148, 16, 0, 9.9387e-07, 

148, 17, 0, 3.93909e-07, 

148, 18, 0, 1.54702e-07, 

148, 19, 0, 6.05049e-08, 

148, 20, 0, 2.36683e-08, 

148, 21, 0, 9.29495e-09, 

148, 22, 0, 3.67617e-09, 

148, 23, 0, 1.46802e-09, 

148, 24, 0, 5.93108e-10, 

148, 25, 0, 2.42802e-10, 

148, 26, 0, 1.00808e-10, 

148, 27, 0, 4.24645e-11, 

148, 28, 0, 1.81446e-11, 

148, 29, 0, 7.85806e-12, 

148, 30, 0, 3.44472e-12, 

148, 31, 0, 1.52594e-12, 

148, 32, 0, 6.81916e-13, 

148, 33, 0, 3.07083e-13, 

148, 34, 0, 1.39426e-13, 

148, 35, 0, 6.40803e-14, 

148, 36, 0, 3.01266e-14, 

148, 37, 0, 1.4799e-14, 

148, 38, 0, 7.86644e-15, 

148, 39, 0, 4.7234e-15, 

148, 40, 0, 3.2993e-15, 

148, 41, 0, 2.66571e-15, 

148, 42, 0, 2.40616e-15, 

148, 43, 0, 2.33126e-15, 

148, 44, 0, 2.35051e-15, 

148, 45, 0, 2.41543e-15, 

148, 46, 0, 2.495e-15, 

148, 47, 0, 2.56623e-15, 

148, 48, 0, 2.61156e-15, 

148, 49, 0, 2.61939e-15, 

148, 50, 0, 2.58537e-15, 

148, 51, 0, 2.51291e-15, 

148, 52, 0, 2.41241e-15, 

148, 53, 0, 2.29912e-15, 

148, 54, 0, 2.19019e-15, 

148, 55, 0, 2.10192e-15, 

148, 56, 0, 2.04771e-15, 

148, 57, 0, 2.03685e-15, 

148, 58, 0, 2.07399e-15, 

148, 59, 0, 2.15882e-15, 

148, 60, 0, 2.28565e-15, 

148, 61, 0, 2.44294e-15, 

148, 62, 0, 2.61325e-15, 

148, 63, 0, 2.77423e-15, 

148, 64, 0, 2.9013e-15, 

148, 65, 0, 2.97194e-15, 

148, 66, 0, 2.97078e-15, 

148, 67, 0, 2.8937e-15, 

148, 68, 0, 2.74928e-15, 

148, 69, 0, 2.55686e-15, 

148, 70, 0, 2.34169e-15, 

148, 71, 0, 2.1293e-15, 

148, 72, 0, 1.94069e-15, 

148, 73, 0, 1.78977e-15, 

148, 74, 0, 1.6829e-15, 

148, 75, 0, 1.61979e-15, 

148, 76, 0, 1.59484e-15, 

148, 77, 0, 1.59849e-15, 

148, 78, 0, 1.61826e-15, 

148, 79, 0, 1.64008e-15, 

148, 80, 0, 1.65004e-15, 

148, 81, 0, 1.6367e-15, 

148, 82, 0, 1.59359e-15, 

148, 83, 0, 1.52111e-15, 

148, 84, 0, 1.42725e-15, 

148, 85, 0, 1.32741e-15, 

148, 86, 0, 1.24458e-15, 

148, 87, 0, 1.21278e-15, 

148, 88, 0, 1.28882e-15, 

148, 89, 0, 1.58181e-15, 

148, 90, 0, 2.32104e-15, 

148, 91, 0, 4.00817e-15, 

148, 92, 0, 7.75775e-15, 

148, 93, 0, 1.60602e-14, 

148, 94, 0, 3.44931e-14, 

148, 95, 0, 7.55644e-14, 

148, 96, 0, 1.67357e-13, 

148, 97, 0, 3.73049e-13, 

148, 98, 0, 8.35214e-13, 

148, 99, 0, 1.87701e-12, 

148, 100, 0, 4.23485e-12, 

148, 101, 0, 9.59609e-12, 

148, 102, 0, 2.18451e-11, 

148, 103, 0, 4.99474e-11, 

148, 104, 0, 1.14579e-10, 

148, 105, 0, 2.63156e-10, 

148, 106, 0, 6.03158e-10, 

148, 107, 0, 1.37352e-09, 

148, 108, 0, 3.09049e-09, 

148, 109, 0, 6.82613e-09, 

148, 110, 0, 1.46918e-08, 

148, 111, 0, 3.05641e-08, 

148, 112, 0, 6.09256e-08, 

148, 113, 0, 1.15292e-07, 

148, 114, 0, 2.05048e-07, 

148, 115, 0, 3.38955e-07, 

148, 116, 0, 5.13978e-07, 

148, 117, 0, 7.02652e-07, 

148, 118, 0, 8.43142e-07, 

148, 119, 0, 8.43142e-07, 

149, 0, 0, 0.0101281, 

149, 1, 0, 0.0101281, 

149, 2, 0, 0.00914095, 

149, 3, 0, 0.00758139, 

149, 4, 0, 0.00583073, 

149, 5, 0, 0.00417991, 

149, 6, 0, 0.00280289, 

149, 7, 0, 0.00176318, 

149, 8, 0, 0.00104348, 

149, 9, 0, 0.000582837, 

149, 10, 0, 0.000308359, 

149, 11, 0, 0.000155173, 

149, 12, 0, 7.46178e-05, 

149, 13, 0, 3.44606e-05, 

149, 14, 0, 1.53662e-05, 

149, 15, 0, 6.65155e-06, 

149, 16, 0, 2.81017e-06, 

149, 17, 0, 1.16481e-06, 

149, 18, 0, 4.76036e-07, 

149, 19, 0, 1.92703e-07, 

149, 20, 0, 7.75981e-08, 

149, 21, 0, 3.12042e-08, 

149, 22, 0, 1.25746e-08, 

149, 23, 0, 5.0938e-09, 

149, 24, 0, 2.07971e-09, 

149, 25, 0, 8.5765e-10, 

149, 26, 0, 3.57805e-10, 

149, 27, 0, 1.51152e-10, 

149, 28, 0, 6.46725e-11, 

149, 29, 0, 2.80133e-11, 

149, 30, 0, 1.22711e-11, 

149, 31, 0, 5.42792e-12, 

149, 32, 0, 2.42075e-12, 

149, 33, 0, 1.08754e-12, 

149, 34, 0, 4.92589e-13, 

149, 35, 0, 2.2596e-13, 

149, 36, 0, 1.06166e-13, 

149, 37, 0, 5.22437e-14, 

149, 38, 0, 2.79165e-14, 

149, 39, 0, 1.69099e-14, 

149, 40, 0, 1.19352e-14, 

149, 41, 0, 9.73609e-15, 

149, 42, 0, 8.85525e-15, 

149, 43, 0, 8.6294e-15, 

149, 44, 0, 8.73883e-15, 

149, 45, 0, 9.00826e-15, 

149, 46, 0, 9.32202e-15, 

149, 47, 0, 9.59231e-15, 

149, 48, 0, 9.75212e-15, 

149, 49, 0, 9.75863e-15, 

149, 50, 0, 9.59841e-15, 

149, 51, 0, 9.28888e-15, 

149, 52, 0, 8.87392e-15, 

149, 53, 0, 8.41417e-15, 

149, 54, 0, 7.97528e-15, 

149, 55, 0, 7.61726e-15, 

149, 56, 0, 7.38724e-15, 

149, 57, 0, 7.31584e-15, 

149, 58, 0, 7.41574e-15, 

149, 59, 0, 7.681e-15, 

149, 60, 0, 8.086e-15, 

149, 61, 0, 8.58459e-15, 

149, 62, 0, 9.11099e-15, 

149, 63, 0, 9.58514e-15, 

149, 64, 0, 9.9237e-15, 

149, 65, 0, 1.00559e-14, 

149, 66, 0, 9.94033e-15, 

149, 67, 0, 9.57595e-15, 

149, 68, 0, 9.00359e-15, 

149, 69, 0, 8.29557e-15, 

149, 70, 0, 7.53817e-15, 

149, 71, 0, 6.81302e-15, 

149, 72, 0, 6.1835e-15, 

149, 73, 0, 5.68852e-15, 

149, 74, 0, 5.34284e-15, 

149, 75, 0, 5.14099e-15, 

149, 76, 0, 5.06193e-15, 

149, 77, 0, 5.07303e-15, 

149, 78, 0, 5.13358e-15, 

149, 79, 0, 5.19883e-15, 

149, 80, 0, 5.2255e-15, 

149, 81, 0, 5.17898e-15, 

149, 82, 0, 5.0406e-15, 

149, 83, 0, 4.81298e-15, 

149, 84, 0, 4.52182e-15, 

149, 85, 0, 4.2151e-15, 

149, 86, 0, 3.96404e-15, 

149, 87, 0, 3.87471e-15, 

149, 88, 0, 4.12545e-15, 

149, 89, 0, 5.06012e-15, 

149, 90, 0, 7.40017e-15, 

149, 91, 0, 1.27168e-14, 

149, 92, 0, 2.44783e-14, 

149, 93, 0, 5.03773e-14, 

149, 94, 0, 1.07504e-13, 

149, 95, 0, 2.33865e-13, 

149, 96, 0, 5.14103e-13, 

149, 97, 0, 1.13714e-12, 

149, 98, 0, 2.52606e-12, 

149, 99, 0, 5.63253e-12, 

149, 100, 0, 1.26072e-11, 

149, 101, 0, 2.83315e-11, 

149, 102, 0, 6.39145e-11, 

149, 103, 0, 1.44638e-10, 

149, 104, 0, 3.278e-10, 

149, 105, 0, 7.42059e-10, 

149, 106, 0, 1.67171e-09, 

149, 107, 0, 3.73012e-09, 

149, 108, 0, 8.19725e-09, 

149, 109, 0, 1.76275e-08, 

149, 110, 0, 3.68298e-08, 

149, 111, 0, 7.41965e-08, 

149, 112, 0, 1.42968e-07, 

149, 113, 0, 2.6127e-07, 

149, 114, 0, 4.48773e-07, 

149, 115, 0, 7.17399e-07, 

149, 116, 0, 1.05504e-06, 

149, 117, 0, 1.40608e-06, 

149, 118, 0, 1.65949e-06, 

149, 119, 0, 1.65949e-06, 

154.43, 0, 0, 0.0169955, 

154.43, 1, 0, 0.0169955, 

154.43, 2, 0, 0.0156431, 

154.43, 3, 0, 0.0134006, 

154.43, 4, 0, 0.0107478, 

154.43, 5, 0, 0.00809789, 

154.43, 6, 0, 0.00574403, 

154.43, 7, 0, 0.0038422, 

154.43, 8, 0, 0.00242761, 

154.43, 9, 0, 0.00145161, 

154.43, 10, 0, 0.000823405, 

154.43, 11, 0, 0.000444346, 

154.43, 12, 0, 0.000228898, 

154.43, 13, 0, 0.000112991, 

154.43, 14, 0, 5.3671e-05, 

154.43, 15, 0, 2.46409e-05, 

154.43, 16, 0, 1.09841e-05, 

154.43, 17, 0, 4.77582e-06, 

154.43, 18, 0, 2.03462e-06, 

154.43, 19, 0, 8.53119e-07, 

154.43, 20, 0, 3.53604e-07, 

154.43, 21, 0, 1.45491e-07, 

154.43, 22, 0, 5.96642e-08, 

154.43, 23, 0, 2.4478e-08, 

154.43, 24, 0, 1.00806e-08, 

154.43, 25, 0, 4.17931e-09, 

154.43, 26, 0, 1.74827e-09, 

154.43, 27, 0, 7.39048e-10, 

154.43, 28, 0, 3.15949e-10, 

154.43, 29, 0, 1.36588e-10, 

154.43, 30, 0, 5.96646e-11, 

154.43, 31, 0, 2.63017e-11, 

154.43, 32, 0, 1.16854e-11, 

154.43, 33, 0, 5.22911e-12, 

154.43, 34, 0, 2.35986e-12, 

154.43, 35, 0, 1.07959e-12, 

154.43, 36, 0, 5.06853e-13, 

154.43, 37, 0, 2.50054e-13, 

154.43, 38, 0, 1.34554e-13, 

154.43, 39, 0, 8.24163e-14, 

154.43, 40, 0, 5.8913e-14, 

154.43, 41, 0, 4.85994e-14, 

154.43, 42, 0, 4.45839e-14, 

154.43, 43, 0, 4.37245e-14, 

154.43, 44, 0, 4.44889e-14, 

154.43, 45, 0, 4.60127e-14, 

154.43, 46, 0, 4.77044e-14, 

154.43, 47, 0, 4.91034e-14, 

154.43, 48, 0, 4.98584e-14, 

154.43, 49, 0, 4.97538e-14, 

154.43, 50, 0, 4.87385e-14, 

154.43, 51, 0, 4.69293e-14, 

154.43, 52, 0, 4.45795e-14, 

154.43, 53, 0, 4.20204e-14, 

154.43, 54, 0, 3.95953e-14, 

154.43, 55, 0, 3.76047e-14, 

154.43, 56, 0, 3.62725e-14, 

154.43, 57, 0, 3.57317e-14, 

154.43, 58, 0, 3.60215e-14, 

154.43, 59, 0, 3.70863e-14, 

154.43, 60, 0, 3.87739e-14, 

154.43, 61, 0, 4.08352e-14, 

154.43, 62, 0, 4.29358e-14, 

154.43, 63, 0, 4.46905e-14, 

154.43, 64, 0, 4.57238e-14, 

154.43, 65, 0, 4.57476e-14, 

154.43, 66, 0, 4.46316e-14, 

154.43, 67, 0, 4.244e-14, 

154.43, 68, 0, 3.94159e-14, 

154.43, 69, 0, 3.59191e-14, 

154.43, 70, 0, 3.23398e-14, 

154.43, 71, 0, 2.90212e-14, 

154.43, 72, 0, 2.62099e-14, 

154.43, 73, 0, 2.40414e-14, 

154.43, 74, 0, 2.255e-14, 

154.43, 75, 0, 2.16899e-14, 

154.43, 76, 0, 2.13557e-14, 

154.43, 77, 0, 2.13992e-14, 

154.43, 78, 0, 2.16434e-14, 

154.43, 79, 0, 2.1899e-14, 

154.43, 80, 0, 2.19882e-14, 

154.43, 81, 0, 2.17727e-14, 

154.43, 82, 0, 2.11828e-14, 

154.43, 83, 0, 2.02356e-14, 

154.43, 84, 0, 1.90405e-14, 

154.43, 85, 0, 1.77952e-14, 

154.43, 86, 0, 1.67913e-14, 

154.43, 87, 0, 1.64652e-14, 

154.43, 88, 0, 1.75576e-14, 

154.43, 89, 0, 2.15019e-14, 

154.43, 90, 0, 3.13013e-14, 

154.43, 91, 0, 5.34636e-14, 

154.43, 92, 0, 1.02256e-13, 

154.43, 93, 0, 2.09055e-13, 

154.43, 94, 0, 4.42934e-13, 

154.43, 95, 0, 9.56034e-13, 

154.43, 96, 0, 2.08397e-12, 

154.43, 97, 0, 4.56902e-12, 

154.43, 98, 0, 1.00592e-11, 

154.43, 99, 0, 2.22297e-11, 

154.43, 100, 0, 4.93128e-11, 

154.43, 101, 0, 1.09808e-10, 

154.43, 102, 0, 2.45323e-10, 

154.43, 103, 0, 5.49184e-10, 

154.43, 104, 0, 1.22914e-09, 

154.43, 105, 0, 2.74143e-09, 

154.43, 106, 0, 6.0672e-09, 

154.43, 107, 0, 1.32552e-08, 

154.43, 108, 0, 2.84174e-08, 

154.43, 109, 0, 5.93932e-08, 

154.43, 110, 0, 1.20172e-07, 

154.43, 111, 0, 2.33678e-07, 

154.43, 112, 0, 4.33434e-07, 

154.43, 113, 0, 7.61006e-07, 

154.43, 114, 0, 1.25476e-06, 

154.43, 115, 0, 1.92639e-06, 

154.43, 116, 0, 2.7271e-06, 

154.43, 117, 0, 3.51619e-06, 

154.43, 118, 0, 4.05552e-06, 

154.43, 119, 0, 4.05552e-06, 

159.861, 0, 0, 0.0504745, 

159.861, 1, 0, 0.0504745, 

159.861, 2, 0, 0.0478502, 

159.861, 3, 0, 0.0432074, 

159.861, 4, 0, 0.0372441, 

159.861, 5, 0, 0.0306701, 

159.861, 6, 0, 0.0241273, 

159.861, 7, 0, 0.0181227, 

159.861, 8, 0, 0.012989, 

159.861, 9, 0, 0.00887766, 

159.861, 10, 0, 0.00578389, 

159.861, 11, 0, 0.00359183, 

159.861, 12, 0, 0.00212693, 

159.861, 13, 0, 0.00120208, 

159.861, 14, 0, 0.000649388, 

159.861, 15, 0, 0.00033603, 

159.861, 16, 0, 0.000167005, 

159.861, 17, 0, 7.99804e-05, 

159.861, 18, 0, 3.70502e-05, 

159.861, 19, 0, 1.66725e-05, 

159.861, 20, 0, 7.3217e-06, 

159.861, 21, 0, 3.15301e-06, 

159.861, 22, 0, 1.33807e-06, 

159.861, 23, 0, 5.62317e-07, 

159.861, 24, 0, 2.35089e-07, 

159.861, 25, 0, 9.81856e-08, 

159.861, 26, 0, 4.11131e-08, 

159.861, 27, 0, 1.73083e-08, 

159.861, 28, 0, 7.34032e-09, 

159.861, 29, 0, 3.13922e-09, 

159.861, 30, 0, 1.35419e-09, 

159.861, 31, 0, 5.89054e-10, 

159.861, 32, 0, 2.5828e-10, 

159.861, 33, 0, 1.14201e-10, 

159.861, 34, 0, 5.10542e-11, 

159.861, 35, 0, 2.32428e-11, 

159.861, 36, 0, 1.09414e-11, 

159.861, 37, 0, 5.47366e-12, 

159.861, 38, 0, 3.02745e-12, 

159.861, 39, 0, 1.92507e-12, 

159.861, 40, 0, 1.42828e-12, 

159.861, 41, 0, 1.21195e-12, 

159.861, 42, 0, 1.13173e-12, 

159.861, 43, 0, 1.12136e-12, 

159.861, 44, 0, 1.14758e-12, 

159.861, 45, 0, 1.1904e-12, 

159.861, 46, 0, 1.23516e-12, 

159.861, 47, 0, 1.26993e-12, 

159.861, 48, 0, 1.28557e-12, 

159.861, 49, 0, 1.27679e-12, 

159.861, 50, 0, 1.24287e-12, 

159.861, 51, 0, 1.18768e-12, 

159.861, 52, 0, 1.11857e-12, 

159.861, 53, 0, 1.04458e-12, 

159.861, 54, 0, 9.74614e-13, 

159.861, 55, 0, 9.16015e-13, 

159.861, 56, 0, 8.73815e-13, 

159.861, 57, 0, 8.50512e-13, 

159.861, 58, 0, 8.46154e-13, 

159.861, 59, 0, 8.58476e-13, 

159.861, 60, 0, 8.83038e-13, 

159.861, 61, 0, 9.13462e-13, 

159.861, 62, 0, 9.41973e-13, 

159.861, 63, 0, 9.60434e-13, 

159.861, 64, 0, 9.61808e-13, 

159.861, 65, 0, 9.41721e-13, 

159.861, 66, 0, 8.9956e-13, 

159.861, 67, 0, 8.38631e-13, 

159.861, 68, 0, 7.65272e-13, 

159.861, 69, 0, 6.87235e-13, 

159.861, 70, 0, 6.11963e-13, 

159.861, 71, 0, 5.45308e-13, 

159.861, 72, 0, 4.90948e-13, 

159.861, 73, 0, 4.50415e-13, 

159.861, 74, 0, 4.23479e-13, 

159.861, 75, 0, 4.08612e-13, 

159.861, 76, 0, 4.03366e-13, 

159.861, 77, 0, 4.04654e-13, 

159.861, 78, 0, 4.08995e-13, 

159.861, 79, 0, 4.1284e-13, 

159.861, 80, 0, 4.13011e-13, 

159.861, 81, 0, 4.07213e-13, 

159.861, 82, 0, 3.9449e-13, 

159.861, 83, 0, 3.75467e-13, 

159.861, 84, 0, 3.52331e-13, 

159.861, 85, 0, 3.28666e-13, 

159.861, 86, 0, 3.09482e-13, 

159.861, 87, 0, 3.02024e-13, 

159.861, 88, 0, 3.18318e-13, 

159.861, 89, 0, 3.81331e-13, 

159.861, 90, 0, 5.38642e-13, 

159.861, 91, 0, 8.92113e-13, 

159.861, 92, 0, 1.66201e-12, 

159.861, 93, 0, 3.32548e-12, 

159.861, 94, 0, 6.9159e-12, 

159.861, 95, 0, 1.46715e-11, 

159.861, 96, 0, 3.14461e-11, 

159.861, 97, 0, 6.77904e-11, 

159.861, 98, 0, 1.46717e-10, 

159.861, 99, 0, 3.18598e-10, 

159.861, 100, 0, 6.93983e-10, 

159.861, 101, 0, 1.51566e-09, 

159.861, 102, 0, 3.31551e-09, 

159.861, 103, 0, 7.2506e-09, 

159.861, 104, 0, 1.58069e-08, 

159.861, 105, 0, 3.42239e-08, 

159.861, 106, 0, 7.32511e-08, 

159.861, 107, 0, 1.54161e-07, 

159.861, 108, 0, 3.1714e-07, 

159.861, 109, 0, 6.33755e-07, 

159.861, 110, 0, 1.2223e-06, 

159.861, 111, 0, 2.26039e-06, 

159.861, 112, 0, 3.98217e-06, 

159.861, 113, 0, 6.64027e-06, 

159.861, 114, 0, 1.04128e-05, 

159.861, 115, 0, 1.52517e-05, 

159.861, 116, 0, 2.07082e-05, 

159.861, 117, 0, 2.58179e-05, 

159.861, 118, 0, 2.91585e-05, 

159.861, 119, 0, 2.91585e-05, 

165.291, 0, 0, 0.0834975, 

165.291, 1, 0, 0.0834975, 

165.291, 2, 0, 0.0803931, 

165.291, 3, 0, 0.0746546, 

165.291, 4, 0, 0.0668922, 

165.291, 5, 0, 0.0578081, 

165.291, 6, 0, 0.0481344, 

165.291, 7, 0, 0.0385629, 

165.291, 8, 0, 0.0296779, 

165.291, 9, 0, 0.021904, 

165.291, 10, 0, 0.0154793, 

165.291, 11, 0, 0.0104598, 

165.291, 12, 0, 0.00675163, 

165.291, 13, 0, 0.00416073, 

165.291, 14, 0, 0.00244807, 

165.291, 15, 0, 0.00137619, 

165.291, 16, 0, 0.000740182, 

165.291, 17, 0, 0.000381714, 

165.291, 18, 0, 0.000189285, 

165.291, 19, 0, 9.05739e-05, 

165.291, 20, 0, 4.19931e-05, 

165.291, 21, 0, 1.89505e-05, 

165.291, 22, 0, 8.36464e-06, 

165.291, 23, 0, 3.62933e-06, 

165.291, 24, 0, 1.55563e-06, 

165.291, 25, 0, 6.61778e-07, 

165.291, 26, 0, 2.80594e-07, 

165.291, 27, 0, 1.19003e-07, 

165.291, 28, 0, 5.06265e-08, 

165.291, 29, 0, 2.1648e-08, 

165.291, 30, 0, 9.31662e-09, 

165.291, 31, 0, 4.0395e-09, 

165.291, 32, 0, 1.76676e-09, 

165.291, 33, 0, 7.81629e-10, 

165.291, 34, 0, 3.51962e-10, 

165.291, 35, 0, 1.63377e-10, 

165.291, 36, 0, 7.99862e-11, 

165.291, 37, 0, 4.27295e-11, 

165.291, 38, 0, 2.58422e-11, 

165.291, 39, 0, 1.80598e-11, 

165.291, 40, 0, 1.4449e-11, 

165.291, 41, 0, 1.28385e-11, 

165.291, 42, 0, 1.2255e-11, 

165.291, 43, 0, 1.22363e-11, 

165.291, 44, 0, 1.25306e-11, 

165.291, 45, 0, 1.2967e-11, 

165.291, 46, 0, 1.34054e-11, 

165.291, 47, 0, 1.37247e-11, 

165.291, 48, 0, 1.38314e-11, 

165.291, 49, 0, 1.36721e-11, 

165.291, 50, 0, 1.32436e-11, 

165.291, 51, 0, 1.25909e-11, 

165.291, 52, 0, 1.17943e-11, 

165.291, 53, 0, 1.09501e-11, 

165.291, 54, 0, 1.01503e-11, 

165.291, 55, 0, 9.46785e-12, 

165.291, 56, 0, 8.94978e-12, 

165.291, 57, 0, 8.61539e-12, 

165.291, 58, 0, 8.45848e-12, 

165.291, 59, 0, 8.45031e-12, 

165.291, 60, 0, 8.54301e-12, 

165.291, 61, 0, 8.67412e-12, 

165.291, 62, 0, 8.77384e-12, 

165.291, 63, 0, 8.77563e-12, 

165.291, 64, 0, 8.62883e-12, 

165.291, 65, 0, 8.30976e-12, 

165.291, 66, 0, 7.82721e-12, 

165.291, 67, 0, 7.21965e-12, 

165.291, 68, 0, 6.54488e-12, 

165.291, 69, 0, 5.86611e-12, 

165.291, 70, 0, 5.23917e-12, 

165.291, 71, 0, 4.70449e-12, 

165.291, 72, 0, 4.28447e-12, 

165.291, 73, 0, 3.98501e-12, 

165.291, 74, 0, 3.79888e-12, 

165.291, 75, 0, 3.70904e-12, 

165.291, 76, 0, 3.69131e-12, 

165.291, 77, 0, 3.71641e-12, 

165.291, 78, 0, 3.75247e-12, 

165.291, 79, 0, 3.76837e-12, 

165.291, 80, 0, 3.73829e-12, 

165.291, 81, 0, 3.64623e-12, 

165.291, 82, 0, 3.48931e-12, 

165.291, 83, 0, 3.27843e-12, 

165.291, 84, 0, 3.03634e-12, 

165.291, 85, 0, 2.79434e-12, 

165.291, 86, 0, 2.59064e-12, 

165.291, 87, 0, 2.47394e-12, 

165.291, 88, 0, 2.51795e-12, 

165.291, 89, 0, 2.85694e-12, 

165.291, 90, 0, 3.76358e-12, 

165.291, 91, 0, 5.81542e-12, 

165.291, 92, 0, 1.02498e-11, 

165.291, 93, 0, 1.9722e-11, 

165.291, 94, 0, 3.99258e-11, 

165.291, 95, 0, 8.30679e-11, 

165.291, 96, 0, 1.75344e-10, 

165.291, 97, 0, 3.73087e-10, 

165.291, 98, 0, 7.97782e-10, 

165.291, 99, 0, 1.71211e-09, 

165.291, 100, 0, 3.68485e-09, 

165.291, 101, 0, 7.94621e-09, 

165.291, 102, 0, 1.71448e-08, 

165.291, 103, 0, 3.6929e-08, 

165.291, 104, 0, 7.91626e-08, 

165.291, 105, 0, 1.68216e-07, 

165.291, 106, 0, 3.5266e-07, 

165.291, 107, 0, 7.25553e-07, 

165.291, 108, 0, 1.45647e-06, 

165.291, 109, 0, 2.83558e-06, 

165.291, 110, 0, 5.32157e-06, 

165.291, 111, 0, 9.56895e-06, 

165.291, 112, 0, 1.63886e-05, 

165.291, 113, 0, 2.65805e-05, 

165.291, 114, 0, 4.05921e-05, 

165.291, 115, 0, 5.80254e-05, 

165.291, 116, 0, 7.71339e-05, 

165.291, 117, 0, 9.45788e-05, 

165.291, 118, 0, 0.000105739, 

165.291, 119, 0, 0.000105739, 

170.721, 0, 0, 0.102681, 

170.721, 1, 0, 0.102681, 

170.721, 2, 0, 0.099441, 

170.721, 3, 0, 0.0933344, 

170.721, 4, 0, 0.0848862, 

170.721, 5, 0, 0.0747427, 

170.721, 6, 0, 0.0636261, 

170.721, 7, 0, 0.0522731, 

170.721, 8, 0, 0.0413663, 

170.721, 9, 0, 0.0314669, 

170.721, 10, 0, 0.0229634, 

170.721, 11, 0, 0.016048, 

170.721, 12, 0, 0.0107244, 

170.721, 13, 0, 0.0068465, 

170.721, 14, 0, 0.00417378, 

170.721, 15, 0, 0.00243039, 

170.721, 16, 0, 0.00135316, 

170.721, 17, 0, 0.000721652, 

170.721, 18, 0, 0.000369595, 

170.721, 19, 0, 0.000182377, 

170.721, 20, 0, 8.70504e-05, 

170.721, 21, 0, 4.03701e-05, 

170.721, 22, 0, 1.82782e-05, 

170.721, 23, 0, 8.12031e-06, 

170.721, 24, 0, 3.55761e-06, 

170.721, 25, 0, 1.54448e-06, 

170.721, 26, 0, 6.67379e-07, 

170.721, 27, 0, 2.88145e-07, 

170.721, 28, 0, 1.24713e-07, 

170.721, 29, 0, 5.42541e-08, 

170.721, 30, 0, 2.37794e-08, 

170.721, 31, 0, 1.05294e-08, 

170.721, 32, 0, 4.73062e-09, 

170.721, 33, 0, 2.17389e-09, 

170.721, 34, 0, 1.0368e-09, 

170.721, 35, 0, 5.25395e-10, 

170.721, 36, 0, 2.91604e-10, 

170.721, 37, 0, 1.82048e-10, 

170.721, 38, 0, 1.28897e-10, 

170.721, 39, 0, 1.02077e-10, 

170.721, 40, 0, 8.81949e-11, 

170.721, 41, 0, 8.12022e-11, 

170.721, 42, 0, 7.82422e-11, 

170.721, 43, 0, 7.78052e-11, 

170.721, 44, 0, 7.89096e-11, 

170.721, 45, 0, 8.0755e-11, 

170.721, 46, 0, 8.26059e-11, 

170.721, 47, 0, 8.38004e-11, 

170.721, 48, 0, 8.38223e-11, 

170.721, 49, 0, 8.23858e-11, 

170.721, 50, 0, 7.94861e-11, 

170.721, 51, 0, 7.53872e-11, 

170.721, 52, 0, 7.05466e-11, 

170.721, 53, 0, 6.5503e-11, 

170.721, 54, 0, 6.07644e-11, 

170.721, 55, 0, 5.67275e-11, 

170.721, 56, 0, 5.36371e-11, 

170.721, 57, 0, 5.1579e-11, 

170.721, 58, 0, 5.04935e-11, 

170.721, 59, 0, 5.01956e-11, 

170.721, 60, 0, 5.03998e-11, 

170.721, 61, 0, 5.07533e-11, 

170.721, 62, 0, 5.08824e-11, 

170.721, 63, 0, 5.04531e-11, 

170.721, 64, 0, 4.92354e-11, 

170.721, 65, 0, 4.71517e-11, 

170.721, 66, 0, 4.4292e-11, 

170.721, 67, 0, 4.08868e-11, 

170.721, 68, 0, 3.72478e-11, 

170.721, 69, 0, 3.36966e-11, 

170.721, 70, 0, 3.05055e-11, 

170.721, 71, 0, 2.78626e-11, 

170.721, 72, 0, 2.58636e-11, 

170.721, 73, 0, 2.45192e-11, 

170.721, 74, 0, 2.37707e-11, 

170.721, 75, 0, 2.3504e-11, 

170.721, 76, 0, 2.35624e-11, 

170.721, 77, 0, 2.37595e-11, 

170.721, 78, 0, 2.38989e-11, 

170.721, 79, 0, 2.37999e-11, 

170.721, 80, 0, 2.33293e-11, 

170.721, 81, 0, 2.24279e-11, 

170.721, 82, 0, 2.11229e-11, 

170.721, 83, 0, 1.95209e-11, 

170.721, 84, 0, 1.77845e-11, 

170.721, 85, 0, 1.61025e-11, 

170.721, 86, 0, 1.46708e-11, 

170.721, 87, 0, 1.36981e-11, 

170.721, 88, 0, 1.34556e-11, 

170.721, 89, 0, 1.43995e-11, 

170.721, 90, 0, 1.74341e-11, 

170.721, 91, 0, 2.44643e-11, 

170.721, 92, 0, 3.95636e-11, 

170.721, 93, 0, 7.14555e-11, 

170.721, 94, 0, 1.38806e-10, 

170.721, 95, 0, 2.81538e-10, 

170.721, 96, 0, 5.85094e-10, 

170.721, 97, 0, 1.23266e-09, 

170.721, 98, 0, 2.61785e-09, 

170.721, 99, 0, 5.58784e-09, 

170.721, 100, 0, 1.19666e-08, 

170.721, 101, 0, 2.56712e-08, 

170.721, 102, 0, 5.50613e-08, 

170.721, 103, 0, 1.17777e-07, 

170.721, 104, 0, 2.50404e-07, 

170.721, 105, 0, 5.26994e-07, 

170.721, 106, 0, 1.09265e-06, 

170.721, 107, 0, 2.22006e-06, 

170.721, 108, 0, 4.39544e-06, 

170.721, 109, 0, 8.43068e-06, 

170.721, 110, 0, 1.55743e-05, 

170.721, 111, 0, 2.75519e-05, 

170.721, 112, 0, 4.64175e-05, 

170.721, 113, 0, 7.40761e-05, 

170.721, 114, 0, 0.000111395, 

170.721, 115, 0, 0.000157005, 

170.721, 116, 0, 0.000206183, 

170.721, 117, 0, 0.00025043, 

170.721, 118, 0, 0.000278395, 

170.721, 119, 0, 0.000278395, 

176.152, 0, 0, 0.111108, 

176.152, 1, 0, 0.111108, 

176.152, 2, 0, 0.107792, 

176.152, 3, 0, 0.101511, 

176.152, 4, 0, 0.0927642, 

176.152, 5, 0, 0.0821779, 

176.152, 6, 0, 0.0704679, 

176.152, 7, 0, 0.0583838, 

176.152, 8, 0, 0.0466409, 

176.152, 9, 0, 0.0358503, 

176.152, 10, 0, 0.0264589, 

176.152, 11, 0, 0.0187154, 

176.152, 12, 0, 0.0126681, 

176.152, 13, 0, 0.00819706, 

176.152, 14, 0, 0.00506806, 

176.152, 15, 0, 0.00299479, 

176.152, 16, 0, 0.00169301, 

176.152, 17, 0, 0.000917267, 

176.152, 18, 0, 0.000477514, 

176.152, 19, 0, 0.000239642, 

176.152, 20, 0, 0.000116396, 

176.152, 21, 0, 5.49622e-05, 

176.152, 22, 0, 2.53543e-05, 

176.152, 23, 0, 1.14845e-05, 

176.152, 24, 0, 5.13402e-06, 

176.152, 25, 0, 2.27637e-06, 

176.152, 26, 0, 1.00573e-06, 

176.152, 27, 0, 4.44641e-07, 

176.152, 28, 0, 1.9748e-07, 

176.152, 29, 0, 8.84529e-08, 

176.152, 30, 0, 4.01429e-08, 

176.152, 31, 0, 1.85884e-08, 

176.152, 32, 0, 8.88416e-09, 

176.152, 33, 0, 4.46364e-09, 

176.152, 34, 0, 2.41673e-09, 

176.152, 35, 0, 1.44481e-09, 

176.152, 36, 0, 9.64849e-10, 

176.152, 37, 0, 7.14005e-10, 

176.152, 38, 0, 5.73527e-10, 

176.152, 39, 0, 4.89626e-10, 

176.152, 40, 0, 4.37644e-10, 

176.152, 41, 0, 4.05801e-10, 

176.152, 42, 0, 3.87832e-10, 

176.152, 43, 0, 3.79683e-10, 

176.152, 44, 0, 3.78056e-10, 

176.152, 45, 0, 3.79848e-10, 

176.152, 46, 0, 3.82069e-10, 

176.152, 47, 0, 3.82038e-10, 

176.152, 48, 0, 3.77726e-10, 

176.152, 49, 0, 3.68086e-10, 

176.152, 50, 0, 3.53214e-10, 

176.152, 51, 0, 3.34263e-10, 

176.152, 52, 0, 3.1311e-10, 

176.152, 53, 0, 2.91908e-10, 

176.152, 54, 0, 2.7265e-10, 

176.152, 55, 0, 2.5686e-10, 

176.152, 56, 0, 2.45433e-10, 

176.152, 57, 0, 2.38608e-10, 

176.152, 58, 0, 2.3601e-10, 

176.152, 59, 0, 2.36721e-10, 

176.152, 60, 0, 2.39392e-10, 

176.152, 61, 0, 2.42388e-10, 

176.152, 62, 0, 2.44016e-10, 

176.152, 63, 0, 2.42805e-10, 

176.152, 64, 0, 2.37797e-10, 

176.152, 65, 0, 2.28747e-10, 

176.152, 66, 0, 2.16168e-10, 

176.152, 67, 0, 2.01182e-10, 

176.152, 68, 0, 1.85243e-10, 

176.152, 69, 0, 1.69822e-10, 

176.152, 70, 0, 1.56143e-10, 

176.152, 71, 0, 1.45044e-10, 

176.152, 72, 0, 1.36928e-10, 

176.152, 73, 0, 1.31796e-10, 

176.152, 74, 0, 1.29302e-10, 

176.152, 75, 0, 1.28813e-10, 

176.152, 76, 0, 1.29469e-10, 

176.152, 77, 0, 1.30273e-10, 

176.152, 78, 0, 1.30218e-10, 

176.152, 79, 0, 1.28449e-10, 

176.152, 80, 0, 1.24432e-10, 

176.152, 81, 0, 1.1807e-10, 

176.152, 82, 0, 1.09729e-10, 

176.152, 83, 0, 1.00136e-10, 

176.152, 84, 0, 9.02217e-11, 

176.152, 85, 0, 8.09376e-11, 

176.152, 86, 0, 7.31476e-11, 

176.152, 87, 0, 6.76248e-11, 

176.152, 88, 0, 6.52004e-11, 

176.152, 89, 0, 6.71198e-11, 

176.152, 90, 0, 7.57649e-11, 

176.152, 91, 0, 9.61197e-11, 

176.152, 92, 0, 1.38822e-10, 

176.152, 93, 0, 2.26616e-10, 

176.152, 94, 0, 4.08063e-10, 

176.152, 95, 0, 7.86804e-10, 

176.152, 96, 0, 1.58414e-09, 

176.152, 97, 0, 3.27333e-09, 

176.152, 98, 0, 6.86818e-09, 

176.152, 99, 0, 1.4543e-08, 

176.152, 100, 0, 3.09581e-08, 

176.152, 101, 0, 6.60679e-08, 

176.152, 102, 0, 1.40974e-07, 

176.152, 103, 0, 2.99845e-07, 

176.152, 104, 0, 6.3341e-07, 

176.152, 105, 0, 1.32326e-06, 

176.152, 106, 0, 2.72061e-06, 

176.152, 107, 0, 5.47582e-06, 

176.152, 108, 0, 1.07294e-05, 

176.152, 109, 0, 2.03505e-05, 

176.152, 110, 0, 3.71531e-05, 

176.152, 111, 0, 6.49317e-05, 

176.152, 112, 0, 0.000108063, 

176.152, 113, 0, 0.000170402, 

176.152, 114, 0, 0.000253355, 

176.152, 115, 0, 0.000353418, 

176.152, 116, 0, 0.000460018, 

176.152, 117, 0, 0.00055492, 

176.152, 118, 0, 0.000614382, 

176.152, 119, 0, 0.000614382, 

181.582, 0, 0, 0.115365, 

181.582, 1, 0, 0.115365, 

181.582, 2, 0, 0.112, 

181.582, 3, 0, 0.105619, 

181.582, 4, 0, 0.0967148, 

181.582, 5, 0, 0.0859068, 

181.582, 6, 0, 0.073908, 

181.582, 7, 0, 0.061472, 

181.582, 8, 0, 0.0493276, 

181.582, 9, 0, 0.0381069, 

181.582, 10, 0, 0.0282829, 

181.582, 11, 0, 0.0201304, 

181.582, 12, 0, 0.0137195, 

181.582, 13, 0, 0.00894445, 

181.582, 14, 0, 0.00557597, 

181.582, 15, 0, 0.00332483, 

181.582, 16, 0, 0.00189829, 

181.582, 17, 0, 0.00103969, 

181.582, 18, 0, 0.00054769, 

181.582, 19, 0, 0.000278438, 

181.582, 20, 0, 0.000137163, 

181.582, 21, 0, 6.57733e-05, 

181.582, 22, 0, 3.08553e-05, 

181.582, 23, 0, 1.42346e-05, 

181.582, 24, 0, 6.49229e-06, 

181.582, 25, 0, 2.94289e-06, 

181.582, 26, 0, 1.33263e-06, 

181.582, 27, 0, 6.05966e-07, 

181.582, 28, 0, 2.78252e-07, 

181.582, 29, 0, 1.29946e-07, 

181.582, 30, 0, 6.23589e-08, 

181.582, 31, 0, 3.12363e-08, 

181.582, 32, 0, 1.66936e-08, 

181.582, 33, 0, 9.74869e-09, 

181.582, 34, 0, 6.31547e-09, 

181.582, 35, 0, 4.52271e-09, 

181.582, 36, 0, 3.5105e-09, 

181.582, 37, 0, 2.8842e-09, 

181.582, 38, 0, 2.46352e-09, 

181.582, 39, 0, 2.16593e-09, 

181.582, 40, 0, 1.95225e-09, 

181.582, 41, 0, 1.80162e-09, 

181.582, 42, 0, 1.70013e-09, 

181.582, 43, 0, 1.63604e-09, 

181.582, 44, 0, 1.59792e-09, 

181.582, 45, 0, 1.5743e-09, 

181.582, 46, 0, 1.55421e-09, 

181.582, 47, 0, 1.52821e-09, 

181.582, 48, 0, 1.48968e-09, 

181.582, 49, 0, 1.43573e-09, 

181.582, 50, 0, 1.36753e-09, 

181.582, 51, 0, 1.28977e-09, 

181.582, 52, 0, 1.20932e-09, 

181.582, 53, 0, 1.1337e-09, 

181.582, 54, 0, 1.06964e-09, 

181.582, 55, 0, 1.0221e-09, 

181.582, 56, 0, 9.93807e-10, 

181.582, 57, 0, 9.8509e-10, 

181.582, 58, 0, 9.93975e-10, 

181.582, 59, 0, 1.01632e-09, 

181.582, 60, 0, 1.04612e-09, 

181.582, 61, 0, 1.0761e-09, 

181.582, 62, 0, 1.09865e-09, 

181.582, 63, 0, 1.10711e-09, 

181.582, 64, 0, 1.09712e-09, 

181.582, 65, 0, 1.06757e-09, 

181.582, 66, 0, 1.02077e-09, 

181.582, 67, 0, 9.61852e-10, 

181.582, 68, 0, 8.97502e-10, 

181.582, 69, 0, 8.34514e-10, 

181.582, 70, 0, 7.78615e-10, 

181.582, 71, 0, 7.33756e-10, 

181.582, 72, 0, 7.01864e-10, 

181.582, 73, 0, 6.82911e-10, 

181.582, 74, 0, 6.75125e-10, 

181.582, 75, 0, 6.75262e-10, 

181.582, 76, 0, 6.78962e-10, 

181.582, 77, 0, 6.81276e-10, 

181.582, 78, 0, 6.77405e-10, 

181.582, 79, 0, 6.63587e-10, 

181.582, 80, 0, 6.37906e-10, 

181.582, 81, 0, 6.00747e-10, 

181.582, 82, 0, 5.5469e-10, 

181.582, 83, 0, 5.03882e-10, 

181.582, 84, 0, 4.53095e-10, 

181.582, 85, 0, 4.0686e-10, 

181.582, 86, 0, 3.68937e-10, 

181.582, 87, 0, 3.42273e-10, 

181.582, 88, 0, 3.29471e-10, 

181.582, 89, 0, 3.33823e-10, 

181.582, 90, 0, 3.61186e-10, 

181.582, 91, 0, 4.23578e-10, 

181.582, 92, 0, 5.46428e-10, 

181.582, 93, 0, 7.83717e-10, 

181.582, 94, 0, 1.2499e-09, 

181.582, 95, 0, 2.18751e-09, 

181.582, 96, 0, 4.11068e-09, 

181.582, 97, 0, 8.1108e-09, 

181.582, 98, 0, 1.65087e-08, 

181.582, 99, 0, 3.42443e-08, 

181.582, 100, 0, 7.18251e-08, 

181.582, 101, 0, 1.51512e-07, 

181.582, 102, 0, 3.20085e-07, 

181.582, 103, 0, 6.74536e-07, 

181.582, 104, 0, 1.41203e-06, 

181.582, 105, 0, 2.92265e-06, 

181.582, 106, 0, 5.95146e-06, 

181.582, 107, 0, 1.18591e-05, 

181.582, 108, 0, 2.29956e-05, 

181.582, 109, 0, 4.31486e-05, 

181.582, 110, 0, 7.79158e-05, 

181.582, 111, 0, 0.000134683, 

181.582, 112, 0, 0.000221738, 

181.582, 113, 0, 0.000346041, 

181.582, 114, 0, 0.000509535, 

181.582, 115, 0, 0.000704619, 

181.582, 116, 0, 0.000910409, 

181.582, 117, 0, 0.00109206, 

181.582, 118, 0, 0.00120508, 

181.582, 119, 0, 0.00120508, 

187.013, 0, 0, 0.118904, 

187.013, 1, 0, 0.118904, 

187.013, 2, 0, 0.115499, 

187.013, 3, 0, 0.109037, 

187.013, 4, 0, 0.100009, 

187.013, 5, 0, 0.0890257, 

187.013, 6, 0, 0.0767972, 

187.013, 7, 0, 0.0640784, 

187.013, 8, 0, 0.0516074, 

187.013, 9, 0, 0.040033, 

187.013, 10, 0, 0.0298495, 

187.013, 11, 0, 0.0213539, 

187.013, 12, 0, 0.0146354, 

187.013, 13, 0, 0.00960081, 

187.013, 14, 0, 0.00602611, 

187.013, 15, 0, 0.00362038, 

187.013, 16, 0, 0.00208429, 

187.013, 17, 0, 0.00115211, 

187.013, 18, 0, 0.000613137, 

187.013, 19, 0, 0.000315259, 

187.013, 20, 0, 0.000157268, 

187.013, 21, 0, 7.64785e-05, 

187.013, 22, 0, 3.64438e-05, 

187.013, 23, 0, 1.71118e-05, 

187.013, 24, 0, 7.96265e-06, 

187.013, 25, 0, 3.69418e-06, 

187.013, 26, 0, 1.71978e-06, 

187.013, 27, 0, 8.09411e-07, 

187.013, 28, 0, 3.88874e-07, 

187.013, 29, 0, 1.93362e-07, 

187.013, 30, 0, 1.01471e-07, 

187.013, 31, 0, 5.75721e-08, 

187.013, 32, 0, 3.60654e-08, 

187.013, 33, 0, 2.50871e-08, 

187.013, 34, 0, 1.90984e-08, 

187.013, 35, 0, 1.55062e-08, 

187.013, 36, 0, 1.31047e-08, 

187.013, 37, 0, 1.13446e-08, 

187.013, 38, 0, 9.98255e-09, 

187.013, 39, 0, 8.91131e-09, 

187.013, 40, 0, 8.07826e-09, 

187.013, 41, 0, 7.448e-09, 

187.013, 42, 0, 6.98694e-09, 

187.013, 43, 0, 6.65829e-09, 

187.013, 44, 0, 6.42195e-09, 

187.013, 45, 0, 6.23689e-09, 

187.013, 46, 0, 6.06498e-09, 

187.013, 47, 0, 5.87549e-09, 

187.013, 48, 0, 5.64929e-09, 

187.013, 49, 0, 5.38137e-09, 

187.013, 50, 0, 5.08064e-09, 

187.013, 51, 0, 4.7669e-09, 

187.013, 52, 0, 4.46585e-09, 

187.013, 53, 0, 4.20384e-09, 

187.013, 54, 0, 4.00341e-09, 

187.013, 55, 0, 3.88056e-09, 

187.013, 56, 0, 3.84347e-09, 

187.013, 57, 0, 3.89191e-09, 

187.013, 58, 0, 4.01704e-09, 

187.013, 59, 0, 4.2013e-09, 

187.013, 60, 0, 4.41883e-09, 

187.013, 61, 0, 4.63744e-09, 

187.013, 62, 0, 4.82248e-09, 

187.013, 63, 0, 4.94261e-09, 

187.013, 64, 0, 4.97605e-09, 

187.013, 65, 0, 4.91547e-09, 

187.013, 66, 0, 4.76946e-09, 

187.013, 67, 0, 4.56011e-09, 

187.013, 68, 0, 4.31751e-09, 

187.013, 69, 0, 4.07319e-09, 

187.013, 70, 0, 3.85445e-09, 

187.013, 71, 0, 3.68074e-09, 

187.013, 72, 0, 3.56203e-09, 

187.013, 73, 0, 3.4988e-09, 

187.013, 74, 0, 3.48277e-09, 

187.013, 75, 0, 3.49819e-09, 

187.013, 76, 0, 3.52375e-09, 

187.013, 77, 0, 3.53551e-09, 

187.013, 78, 0, 3.51086e-09, 

187.013, 79, 0, 3.4331e-09, 

187.013, 80, 0, 3.29516e-09, 

187.013, 81, 0, 3.10147e-09, 

187.013, 82, 0, 2.86686e-09, 

187.013, 83, 0, 2.61301e-09, 

187.013, 84, 0, 2.36376e-09, 

187.013, 85, 0, 2.14091e-09, 

187.013, 86, 0, 1.96183e-09, 

187.013, 87, 0, 1.83913e-09, 

187.013, 88, 0, 1.78222e-09, 

187.013, 89, 0, 1.80043e-09, 

187.013, 90, 0, 1.90802e-09, 

187.013, 91, 0, 2.13273e-09, 

187.013, 92, 0, 2.53238e-09, 

187.013, 93, 0, 3.22858e-09, 

187.013, 94, 0, 4.47686e-09, 

187.013, 95, 0, 6.81263e-09, 

187.013, 96, 0, 1.13565e-08, 

187.013, 97, 0, 2.04548e-08, 

187.013, 98, 0, 3.9028e-08, 

187.013, 99, 0, 7.74093e-08, 

187.013, 100, 0, 1.57294e-07, 

187.013, 101, 0, 3.24073e-07, 

187.013, 102, 0, 6.71976e-07, 

187.013, 103, 0, 1.39399e-06, 

187.013, 104, 0, 2.8776e-06, 

187.013, 105, 0, 5.87973e-06, 

187.013, 106, 0, 1.18271e-05, 

187.013, 107, 0, 2.32897e-05, 

187.013, 108, 0, 4.46426e-05, 

187.013, 109, 0, 8.28297e-05, 

187.013, 110, 0, 0.000147943, 

187.013, 111, 0, 0.00025305, 

187.013, 112, 0, 0.000412458, 

187.013, 113, 0, 0.000637679, 

187.013, 114, 0, 0.000930991, 

187.013, 115, 0, 0.00127782, 

187.013, 116, 0, 0.00164075, 

187.013, 117, 0, 0.00195892, 

187.013, 118, 0, 0.00215582, 

187.013, 119, 0, 0.00215582, 

192.443, 0, 0, 0.122971, 

192.443, 1, 0, 0.122971, 

192.443, 2, 0, 0.119524, 

192.443, 3, 0, 0.11298, 

192.443, 4, 0, 0.103821, 

192.443, 5, 0, 0.0926492, 

192.443, 6, 0, 0.0801663, 

192.443, 7, 0, 0.0671276, 

192.443, 8, 0, 0.0542809, 

192.443, 9, 0, 0.0422947, 

192.443, 10, 0, 0.0316893, 

192.443, 11, 0, 0.0227893, 

192.443, 12, 0, 0.0157075, 

192.443, 13, 0, 0.0103667, 

192.443, 14, 0, 0.00654932, 

192.443, 15, 0, 0.00396248, 

192.443, 16, 0, 0.00229873, 

192.443, 17, 0, 0.0012813, 

192.443, 18, 0, 0.000688189, 

192.443, 19, 0, 0.000357485, 

192.443, 20, 0, 0.00018039, 

192.443, 21, 0, 8.88728e-05, 

192.443, 22, 0, 4.29901e-05, 

192.443, 23, 0, 2.05441e-05, 

192.443, 24, 0, 9.76466e-06, 

192.443, 25, 0, 4.65155e-06, 

192.443, 26, 0, 2.24136e-06, 

192.443, 27, 0, 1.10574e-06, 

192.443, 28, 0, 5.67937e-07, 

192.443, 29, 0, 3.10599e-07, 

192.443, 30, 0, 1.85442e-07, 

192.443, 31, 0, 1.23019e-07, 

192.443, 32, 0, 9.05656e-08, 

192.443, 33, 0, 7.24821e-08, 

192.443, 34, 0, 6.13023e-08, 

192.443, 35, 0, 5.34849e-08, 

192.443, 36, 0, 4.74089e-08, 

192.443, 37, 0, 4.2387e-08, 

192.443, 38, 0, 3.8163e-08, 

192.443, 39, 0, 3.46524e-08, 

192.443, 40, 0, 3.18139e-08, 

192.443, 41, 0, 2.95918e-08, 

192.443, 42, 0, 2.78986e-08, 

192.443, 43, 0, 2.66154e-08, 

192.443, 44, 0, 2.56035e-08, 

192.443, 45, 0, 2.47202e-08, 

192.443, 46, 0, 2.38376e-08, 

192.443, 47, 0, 2.28615e-08, 

192.443, 48, 0, 2.17459e-08, 

192.443, 49, 0, 2.04985e-08, 

192.443, 50, 0, 1.91758e-08, 

192.443, 51, 0, 1.78676e-08, 

192.443, 52, 0, 1.66776e-08, 

192.443, 53, 0, 1.57048e-08, 

192.443, 54, 0, 1.503e-08, 

192.443, 55, 0, 1.47091e-08, 

192.443, 56, 0, 1.47697e-08, 

192.443, 57, 0, 1.52094e-08, 

192.443, 58, 0, 1.5994e-08, 

192.443, 59, 0, 1.70536e-08, 

192.443, 60, 0, 1.82817e-08, 

192.443, 61, 0, 1.95408e-08, 

192.443, 62, 0, 2.06766e-08, 

192.443, 63, 0, 2.15432e-08, 

192.443, 64, 0, 2.20321e-08, 

192.443, 65, 0, 2.20959e-08, 

192.443, 66, 0, 2.17589e-08, 

192.443, 67, 0, 2.11091e-08, 

192.443, 68, 0, 2.02759e-08, 

192.443, 69, 0, 1.94008e-08, 

192.443, 70, 0, 1.86106e-08, 

192.443, 71, 0, 1.79993e-08, 

192.443, 72, 0, 1.76183e-08, 

192.443, 73, 0, 1.74742e-08, 

192.443, 74, 0, 1.7531e-08, 

192.443, 75, 0, 1.77155e-08, 

192.443, 76, 0, 1.79263e-08, 

192.443, 77, 0, 1.80496e-08, 

192.443, 78, 0, 1.79782e-08, 

192.443, 79, 0, 1.76349e-08, 

192.443, 80, 0, 1.69899e-08, 

192.443, 81, 0, 1.60694e-08, 

192.443, 82, 0, 1.49493e-08, 

192.443, 83, 0, 1.37378e-08, 

192.443, 84, 0, 1.25522e-08, 

192.443, 85, 0, 1.14993e-08, 

192.443, 86, 0, 1.06633e-08, 

192.443, 87, 0, 1.01034e-08, 

192.443, 88, 0, 9.85834e-09, 

192.443, 89, 0, 9.95672e-09, 

192.443, 90, 0, 1.04302e-08, 

192.443, 91, 0, 1.13341e-08, 

192.443, 92, 0, 1.27845e-08, 

192.443, 93, 0, 1.50315e-08, 

192.443, 94, 0, 1.86068e-08, 

192.443, 95, 0, 2.4625e-08, 

192.443, 96, 0, 3.53949e-08, 

192.443, 97, 0, 5.56724e-08, 

192.443, 98, 0, 9.52463e-08, 

192.443, 99, 0, 1.74293e-07, 

192.443, 100, 0, 3.34433e-07, 

192.443, 101, 0, 6.61357e-07, 

192.443, 102, 0, 1.33031e-06, 

192.443, 103, 0, 2.69522e-06, 

192.443, 104, 0, 5.45723e-06, 

192.443, 105, 0, 1.09683e-05, 

192.443, 106, 0, 2.17438e-05, 

192.443, 107, 0, 4.22569e-05, 

192.443, 108, 0, 8.00234e-05, 

192.443, 109, 0, 0.000146812, 

192.443, 110, 0, 0.000259486, 

192.443, 111, 0, 0.000439531, 

192.443, 112, 0, 0.00071, 

192.443, 113, 0, 0.00108876, 

192.443, 114, 0, 0.00157803, 

192.443, 115, 0, 0.00215239, 

192.443, 116, 0, 0.00274964, 

192.443, 117, 0, 0.00327049, 

192.443, 118, 0, 0.00359151, 

192.443, 119, 0, 0.00359151, 

197.873, 0, 0, 0.127938, 

197.873, 1, 0, 0.127938, 

197.873, 2, 0, 0.124454, 

197.873, 3, 0, 0.117833, 

197.873, 4, 0, 0.108546, 

197.873, 5, 0, 0.0971753, 

197.873, 6, 0, 0.0844093, 

197.873, 7, 0, 0.0709985, 

197.873, 8, 0, 0.0577003, 

197.873, 9, 0, 0.0452065, 

197.873, 10, 0, 0.0340712, 

197.873, 11, 0, 0.0246559, 

197.873, 12, 0, 0.0171065, 

197.873, 13, 0, 0.0113684, 

197.873, 14, 0, 0.00723477, 

197.873, 15, 0, 0.00441112, 

197.873, 16, 0, 0.00258017, 

197.873, 17, 0, 0.00145104, 

197.873, 18, 0, 0.000787017, 

197.873, 19, 0, 0.000413311, 

197.873, 20, 0, 0.000211172, 

197.873, 21, 0, 0.000105559, 

197.873, 22, 0, 5.19577e-05, 

197.873, 23, 0, 2.53691e-05, 

197.873, 24, 0, 1.23949e-05, 

197.873, 25, 0, 6.12556e-06, 

197.873, 26, 0, 3.10549e-06, 

197.873, 27, 0, 1.64588e-06, 

197.873, 28, 0, 9.33859e-07, 

197.873, 29, 0, 5.81177e-07, 

197.873, 30, 0, 4.02435e-07, 

197.873, 31, 0, 3.08494e-07, 

197.873, 32, 0, 2.55982e-07, 

197.873, 33, 0, 2.23565e-07, 

197.873, 34, 0, 2.00765e-07, 

197.873, 35, 0, 1.82612e-07, 

197.873, 36, 0, 1.66971e-07, 

197.873, 37, 0, 1.53132e-07, 

197.873, 38, 0, 1.41015e-07, 

197.873, 39, 0, 1.30722e-07, 

197.873, 40, 0, 1.22308e-07, 

197.873, 41, 0, 1.15673e-07, 

197.873, 42, 0, 1.10549e-07, 

197.873, 43, 0, 1.06522e-07, 

197.873, 44, 0, 1.03096e-07, 

197.873, 45, 0, 9.9763e-08, 

197.873, 46, 0, 9.60904e-08, 

197.873, 47, 0, 9.17979e-08, 

197.873, 48, 0, 8.68104e-08, 

197.873, 49, 0, 8.12672e-08, 

197.873, 50, 0, 7.5485e-08, 

197.873, 51, 0, 6.98851e-08, 

197.873, 52, 0, 6.49121e-08, 

197.873, 53, 0, 6.09648e-08, 

197.873, 54, 0, 5.83544e-08, 

197.873, 55, 0, 5.72886e-08, 

197.873, 56, 0, 5.78684e-08, 

197.873, 57, 0, 6.0086e-08, 

197.873, 58, 0, 6.38124e-08, 

197.873, 59, 0, 6.87785e-08, 

197.873, 60, 0, 7.45616e-08, 

197.873, 61, 0, 8.05981e-08, 

197.873, 62, 0, 8.62379e-08, 

197.873, 63, 0, 9.08451e-08, 

197.873, 64, 0, 9.39221e-08, 

197.873, 65, 0, 9.52205e-08, 

197.873, 66, 0, 9.4795e-08, 

197.873, 67, 0, 9.2982e-08, 

197.873, 68, 0, 9.03112e-08, 

197.873, 69, 0, 8.73832e-08, 

197.873, 70, 0, 8.47533e-08, 

197.873, 71, 0, 8.28445e-08, 

197.873, 72, 0, 8.18999e-08, 

197.873, 73, 0, 8.19642e-08, 

197.873, 74, 0, 8.28873e-08, 

197.873, 75, 0, 8.43443e-08, 

197.873, 76, 0, 8.58768e-08, 

197.873, 77, 0, 8.69615e-08, 

197.873, 78, 0, 8.71034e-08, 

197.873, 79, 0, 8.59414e-08, 

197.873, 80, 0, 8.33339e-08, 

197.873, 81, 0, 7.93977e-08, 

197.873, 82, 0, 7.44825e-08, 

197.873, 83, 0, 6.90906e-08, 

197.873, 84, 0, 6.37722e-08, 

197.873, 85, 0, 5.90316e-08, 

197.873, 86, 0, 5.52684e-08, 

197.873, 87, 0, 5.27585e-08, 

197.873, 88, 0, 5.16671e-08, 

197.873, 89, 0, 5.20786e-08, 

197.873, 90, 0, 5.40356e-08, 

197.873, 91, 0, 5.75902e-08, 

197.873, 92, 0, 6.28895e-08, 

197.873, 93, 0, 7.03365e-08, 

197.873, 94, 0, 8.09053e-08, 

197.873, 95, 0, 9.67497e-08, 

197.873, 96, 0, 1.22387e-07, 

197.873, 97, 0, 1.67032e-07, 

197.873, 98, 0, 2.49283e-07, 

197.873, 99, 0, 4.0664e-07, 

197.873, 100, 0, 7.14865e-07, 

197.873, 101, 0, 1.32707e-06, 

197.873, 102, 0, 2.55134e-06, 

197.873, 103, 0, 5.00087e-06, 

197.873, 104, 0, 9.87435e-06, 

197.873, 105, 0, 1.94544e-05, 

197.873, 106, 0, 3.79378e-05, 

197.873, 107, 0, 7.27006e-05, 

197.873, 108, 0, 0.000135994, 

197.873, 109, 0, 0.000246776, 

197.873, 110, 0, 0.000431878, 

197.873, 111, 0, 0.000725021, 

197.873, 112, 0, 0.00116175, 

197.873, 113, 0, 0.0017687, 

197.873, 114, 0, 0.00254739, 

197.873, 115, 0, 0.00345598, 

197.873, 116, 0, 0.00439591, 

197.873, 117, 0, 0.00521219, 

197.873, 118, 0, 0.00571372, 

197.873, 119, 0, 0.00571372, 

203.304, 0, 0, 0.133796, 

203.304, 1, 0, 0.133796, 

203.304, 2, 0, 0.130291, 

203.304, 3, 0, 0.123625, 

203.304, 4, 0, 0.114243, 

203.304, 5, 0, 0.102702, 

203.304, 6, 0, 0.089663, 

203.304, 7, 0, 0.0758614, 

203.304, 8, 0, 0.0620593, 

203.304, 9, 0, 0.0489731, 

203.304, 10, 0, 0.0371974, 

203.304, 11, 0, 0.0271415, 

203.304, 12, 0, 0.0189964, 

203.304, 13, 0, 0.0127418, 

203.304, 14, 0, 0.00818881, 

203.304, 15, 0, 0.00504553, 

203.304, 16, 0, 0.00298499, 

203.304, 17, 0, 0.00169979, 

203.304, 18, 0, 0.00093489, 

203.304, 19, 0, 0.000498855, 

203.304, 20, 0, 0.000259672, 

203.304, 21, 0, 0.000132737, 

203.304, 22, 0, 6.71629e-05, 

203.304, 23, 0, 3.39653e-05, 

203.304, 24, 0, 1.73766e-05, 

203.304, 25, 0, 9.13409e-06, 

203.304, 26, 0, 5.03171e-06, 

203.304, 27, 0, 2.97232e-06, 

203.304, 28, 0, 1.9229e-06, 

203.304, 29, 0, 1.37642e-06, 

203.304, 30, 0, 1.08268e-06, 

203.304, 31, 0, 9.16549e-07, 

203.304, 32, 0, 8.14415e-07, 

203.304, 33, 0, 7.43627e-07, 

203.304, 34, 0, 6.8776e-07, 

203.304, 35, 0, 6.39221e-07, 

203.304, 36, 0, 5.95257e-07, 

203.304, 37, 0, 5.55588e-07, 

203.304, 38, 0, 5.20915e-07, 

203.304, 39, 0, 4.91994e-07, 

203.304, 40, 0, 4.69112e-07, 

203.304, 41, 0, 4.51877e-07, 

203.304, 42, 0, 4.39194e-07, 

203.304, 43, 0, 4.294e-07, 

203.304, 44, 0, 4.20496e-07, 

203.304, 45, 0, 4.10478e-07, 

203.304, 46, 0, 3.97704e-07, 

203.304, 47, 0, 3.81229e-07, 

203.304, 48, 0, 3.61013e-07, 

203.304, 49, 0, 3.37927e-07, 

203.304, 50, 0, 3.13556e-07, 

203.304, 51, 0, 2.89853e-07, 

203.304, 52, 0, 2.68785e-07, 

203.304, 53, 0, 2.52051e-07, 

203.304, 54, 0, 2.4093e-07, 

203.304, 55, 0, 2.36243e-07, 

203.304, 56, 0, 2.38364e-07, 

203.304, 57, 0, 2.4723e-07, 

203.304, 58, 0, 2.62298e-07, 

203.304, 59, 0, 2.82469e-07, 

203.304, 60, 0, 3.06034e-07, 

203.304, 61, 0, 3.30719e-07, 

203.304, 62, 0, 3.53908e-07, 

203.304, 63, 0, 3.73041e-07, 

203.304, 64, 0, 3.86121e-07, 

203.304, 65, 0, 3.92155e-07, 

203.304, 66, 0, 3.91373e-07, 

203.304, 67, 0, 3.85141e-07, 

203.304, 68, 0, 3.75605e-07, 

203.304, 69, 0, 3.65198e-07, 

203.304, 70, 0, 3.56177e-07, 

203.304, 71, 0, 3.50267e-07, 

203.304, 72, 0, 3.48465e-07, 

203.304, 73, 0, 3.50956e-07, 

203.304, 74, 0, 3.57112e-07, 

203.304, 75, 0, 3.65562e-07, 

203.304, 76, 0, 3.74356e-07, 

203.304, 77, 0, 3.81244e-07, 

203.304, 78, 0, 3.84071e-07, 

203.304, 79, 0, 3.81233e-07, 

203.304, 80, 0, 3.72051e-07, 

203.304, 81, 0, 3.56952e-07, 

203.304, 82, 0, 3.37375e-07, 

203.304, 83, 0, 3.15442e-07, 

203.304, 84, 0, 2.93514e-07, 

203.304, 85, 0, 2.73773e-07, 

203.304, 86, 0, 2.57961e-07, 

203.304, 87, 0, 2.47265e-07, 

203.304, 88, 0, 2.42344e-07, 

203.304, 89, 0, 2.43422e-07, 

203.304, 90, 0, 2.50408e-07, 

203.304, 91, 0, 2.63044e-07, 

203.304, 92, 0, 2.81127e-07, 

203.304, 93, 0, 3.04906e-07, 

203.304, 94, 0, 3.358e-07, 

203.304, 95, 0, 3.77686e-07, 

203.304, 96, 0, 4.39204e-07, 

203.304, 97, 0, 5.38056e-07, 

203.304, 98, 0, 7.09303e-07, 

203.304, 99, 0, 1.02184e-06, 

203.304, 100, 0, 1.61138e-06, 

203.304, 101, 0, 2.74624e-06, 

203.304, 102, 0, 4.95628e-06, 

203.304, 103, 0, 9.27936e-06, 

203.304, 104, 0, 1.77157e-05, 

203.304, 105, 0, 3.40253e-05, 

203.304, 106, 0, 6.5037e-05, 

203.304, 107, 0, 0.000122613, 

203.304, 108, 0, 0.000226227, 

203.304, 109, 0, 0.000405665, 

203.304, 110, 0, 0.00070256, 

203.304, 111, 0, 0.00116852, 

203.304, 112, 0, 0.00185697, 

203.304, 113, 0, 0.00280654, 

203.304, 114, 0, 0.00401656, 

203.304, 115, 0, 0.00542009, 

203.304, 116, 0, 0.00686481, 

203.304, 117, 0, 0.00811452, 

203.304, 118, 0, 0.00888014, 

203.304, 119, 0, 0.00888014, 

208.734, 0, 0, 0.140408, 

208.734, 1, 0, 0.140408, 

208.734, 2, 0, 0.136923, 

208.734, 3, 0, 0.130287, 

208.734, 4, 0, 0.120914, 

208.734, 5, 0, 0.109312, 

208.734, 6, 0, 0.0960937, 

208.734, 7, 0, 0.0819622, 

208.734, 8, 0, 0.0676693, 

208.734, 9, 0, 0.0539494, 

208.734, 10, 0, 0.0414402, 

208.734, 11, 0, 0.0306097, 

208.734, 12, 0, 0.0217105, 

208.734, 13, 0, 0.0147742, 

208.734, 14, 0, 0.00964611, 

208.734, 15, 0, 0.00604767, 

208.734, 16, 0, 0.00364776, 

208.734, 17, 0, 0.00212302, 

208.734, 18, 0, 0.00119719, 

208.734, 19, 0, 0.000657663, 

208.734, 20, 0, 0.000354347, 

208.734, 21, 0, 0.000188847, 

208.734, 22, 0, 0.000100598, 

208.734, 23, 0, 5.42641e-05, 

208.734, 24, 0, 3.01182e-05, 

208.734, 25, 0, 1.7527e-05, 

208.734, 26, 0, 1.09055e-05, 

208.734, 27, 0, 7.36858e-06, 

208.734, 28, 0, 5.43612e-06, 

208.734, 29, 0, 4.34646e-06, 

208.734, 30, 0, 3.70272e-06, 

208.734, 31, 0, 3.29418e-06, 

208.734, 32, 0, 3.00736e-06, 

208.734, 33, 0, 2.78172e-06, 

208.734, 34, 0, 2.587e-06, 

208.734, 35, 0, 2.41082e-06, 

208.734, 36, 0, 2.25089e-06, 

208.734, 37, 0, 2.10986e-06, 

208.734, 38, 0, 1.99162e-06, 

208.734, 39, 0, 1.89899e-06, 

208.734, 40, 0, 1.83246e-06, 

208.734, 41, 0, 1.78962e-06, 

208.734, 42, 0, 1.76526e-06, 

208.734, 43, 0, 1.75184e-06, 

208.734, 44, 0, 1.7404e-06, 

208.734, 45, 0, 1.72194e-06, 

208.734, 46, 0, 1.68897e-06, 

208.734, 47, 0, 1.63704e-06, 

208.734, 48, 0, 1.56574e-06, 

208.734, 49, 0, 1.47876e-06, 

208.734, 50, 0, 1.38306e-06, 

208.734, 51, 0, 1.28734e-06, 

208.734, 52, 0, 1.20042e-06, 

208.734, 53, 0, 1.12995e-06, 

208.734, 54, 0, 1.08165e-06, 

208.734, 55, 0, 1.05915e-06, 

208.734, 56, 0, 1.064e-06, 

208.734, 57, 0, 1.09571e-06, 

208.734, 58, 0, 1.15171e-06, 

208.734, 59, 0, 1.22709e-06, 

208.734, 60, 0, 1.31453e-06, 

208.734, 61, 0, 1.40467e-06, 

208.734, 62, 0, 1.48714e-06, 

208.734, 63, 0, 1.55218e-06, 

208.734, 64, 0, 1.59267e-06, 

208.734, 65, 0, 1.60568e-06, 

208.734, 66, 0, 1.59308e-06, 

208.734, 67, 0, 1.56104e-06, 

208.734, 68, 0, 1.51845e-06, 

208.734, 69, 0, 1.47499e-06, 

208.734, 70, 0, 1.43937e-06, 

208.734, 71, 0, 1.41806e-06, 

208.734, 72, 0, 1.41463e-06, 

208.734, 73, 0, 1.42944e-06, 

208.734, 74, 0, 1.4597e-06, 

208.734, 75, 0, 1.49966e-06, 

208.734, 76, 0, 1.54127e-06, 

208.734, 77, 0, 1.57527e-06, 

208.734, 78, 0, 1.59277e-06, 

208.734, 79, 0, 1.5871e-06, 

208.734, 80, 0, 1.5553e-06, 

208.734, 81, 0, 1.49894e-06, 

208.734, 82, 0, 1.42371e-06, 

208.734, 83, 0, 1.33812e-06, 

208.734, 84, 0, 1.25169e-06, 

208.734, 85, 0, 1.17325e-06, 

208.734, 86, 0, 1.10981e-06, 

208.734, 87, 0, 1.06608e-06, 

208.734, 88, 0, 1.0445e-06, 

208.734, 89, 0, 1.04555e-06, 

208.734, 90, 0, 1.06818e-06, 

208.734, 91, 0, 1.11029e-06, 

208.734, 92, 0, 1.16943e-06, 

208.734, 93, 0, 1.24393e-06, 

208.734, 94, 0, 1.33474e-06, 

208.734, 95, 0, 1.44844e-06, 

208.734, 96, 0, 1.60199e-06, 

208.734, 97, 0, 1.83091e-06, 

208.734, 98, 0, 2.20409e-06, 

208.734, 99, 0, 2.85238e-06, 

208.734, 100, 0, 4.02489e-06, 

208.734, 101, 0, 6.19941e-06, 

208.734, 102, 0, 1.02958e-05, 

208.734, 103, 0, 1.8078e-05, 

208.734, 104, 0, 3.28825e-05, 

208.734, 105, 0, 6.08784e-05, 

208.734, 106, 0, 0.000113099, 

208.734, 107, 0, 0.000208434, 

208.734, 108, 0, 0.000377458, 

208.734, 109, 0, 0.000666282, 

208.734, 110, 0, 0.00113843, 

208.734, 111, 0, 0.00187136, 

208.734, 112, 0, 0.00294359, 

208.734, 113, 0, 0.00440949, 

208.734, 114, 0, 0.00626301, 

208.734, 115, 0, 0.00839871, 

208.734, 116, 0, 0.0105852, 

208.734, 117, 0, 0.0124687, 

208.734, 118, 0, 0.0136195, 

208.734, 119, 0, 0.0136195, 

214.164, 0, 0, 0.147735, 

214.164, 1, 0, 0.147735, 

214.164, 2, 0, 0.144359, 

214.164, 3, 0, 0.137923, 

214.164, 4, 0, 0.128788, 

214.164, 5, 0, 0.117383, 

214.164, 6, 0, 0.104239, 

214.164, 7, 0, 0.0899891, 

214.164, 8, 0, 0.0753415, 

214.164, 9, 0, 0.0610273, 

214.164, 10, 0, 0.0477202, 

214.164, 11, 0, 0.0359564, 

214.164, 12, 0, 0.026073, 

214.164, 13, 0, 0.0181849, 

214.164, 14, 0, 0.0122033, 

214.164, 15, 0, 0.00789008, 

214.164, 16, 0, 0.00492736, 

214.164, 17, 0, 0.00298354, 

214.164, 18, 0, 0.0017608, 

214.164, 19, 0, 0.00101981, 

214.164, 20, 0, 0.000584664, 

214.164, 21, 0, 0.000335346, 

214.164, 22, 0, 0.000194915, 

214.164, 23, 0, 0.000116516, 

214.164, 24, 0, 7.27725e-05, 

214.164, 25, 0, 4.81817e-05, 

214.164, 26, 0, 3.4148e-05, 

214.164, 27, 0, 2.59567e-05, 

214.164, 28, 0, 2.10224e-05, 

214.164, 29, 0, 1.79131e-05, 

214.164, 30, 0, 1.5823e-05, 

214.164, 31, 0, 1.42927e-05, 

214.164, 32, 0, 1.30626e-05, 

214.164, 33, 0, 1.19949e-05, 

214.164, 34, 0, 1.10276e-05, 

214.164, 35, 0, 1.01456e-05, 

214.164, 36, 0, 9.35884e-06, 

214.164, 37, 0, 8.68653e-06, 

214.164, 38, 0, 8.146e-06, 

214.164, 39, 0, 7.7464e-06, 

214.164, 40, 0, 7.48562e-06, 

214.164, 41, 0, 7.34961e-06, 

214.164, 42, 0, 7.31297e-06, 

214.164, 43, 0, 7.34069e-06, 

214.164, 44, 0, 7.3913e-06, 

214.164, 45, 0, 7.42193e-06, 

214.164, 46, 0, 7.39478e-06, 

214.164, 47, 0, 7.28403e-06, 

214.164, 48, 0, 7.08104e-06, 

214.164, 49, 0, 6.79592e-06, 

214.164, 50, 0, 6.45495e-06, 

214.164, 51, 0, 6.09447e-06, 

214.164, 52, 0, 5.7536e-06, 

214.164, 53, 0, 5.46785e-06, 

214.164, 54, 0, 5.26496e-06, 

214.164, 55, 0, 5.16304e-06, 

214.164, 56, 0, 5.1702e-06, 

214.164, 57, 0, 5.28458e-06, 

214.164, 58, 0, 5.49423e-06, 

214.164, 59, 0, 5.77689e-06, 

214.164, 60, 0, 6.10055e-06, 

214.164, 61, 0, 6.4258e-06, 

214.164, 62, 0, 6.71089e-06, 

214.164, 63, 0, 6.91881e-06, 

214.164, 64, 0, 7.02492e-06, 

214.164, 65, 0, 7.02244e-06, 

214.164, 66, 0, 6.92381e-06, 

214.164, 67, 0, 6.75738e-06, 

214.164, 68, 0, 6.56073e-06, 

214.164, 69, 0, 6.37293e-06, 

214.164, 70, 0, 6.22784e-06, 

214.164, 71, 0, 6.14967e-06, 

214.164, 72, 0, 6.15053e-06, 

214.164, 73, 0, 6.22955e-06, 

214.164, 74, 0, 6.37298e-06, 

214.164, 75, 0, 6.55525e-06, 

214.164, 76, 0, 6.74152e-06, 

214.164, 77, 0, 6.89241e-06, 

214.164, 78, 0, 6.97069e-06, 

214.164, 79, 0, 6.9489e-06, 

214.164, 80, 0, 6.8157e-06, 

214.164, 81, 0, 6.57869e-06, 

214.164, 82, 0, 6.26259e-06, 

214.164, 83, 0, 5.90345e-06, 

214.164, 84, 0, 5.54105e-06, 

214.164, 85, 0, 5.21183e-06, 

214.164, 86, 0, 4.94424e-06, 

214.164, 87, 0, 4.75672e-06, 

214.164, 88, 0, 4.65788e-06, 

214.164, 89, 0, 4.64766e-06, 

214.164, 90, 0, 4.71911e-06, 

214.164, 91, 0, 4.86027e-06, 

214.164, 92, 0, 5.05685e-06, 

214.164, 93, 0, 5.29605e-06, 

214.164, 94, 0, 5.57238e-06, 

214.164, 95, 0, 5.89565e-06, 

214.164, 96, 0, 6.30219e-06, 

214.164, 97, 0, 6.87128e-06, 

214.164, 98, 0, 7.75264e-06, 

214.164, 99, 0, 9.21709e-06, 

214.164, 100, 0, 1.17541e-05, 

214.164, 101, 0, 1.62598e-05, 

214.164, 102, 0, 2.43932e-05, 

214.164, 103, 0, 3.92315e-05, 

214.164, 104, 0, 6.64327e-05, 

214.164, 105, 0, 0.000116196, 

214.164, 106, 0, 0.000206354, 

214.164, 107, 0, 0.00036679, 

214.164, 108, 0, 0.00064492, 

214.164, 109, 0, 0.00111087, 

214.164, 110, 0, 0.00185939, 

214.164, 111, 0, 0.0030036, 

214.164, 112, 0, 0.00465509, 

214.164, 113, 0, 0.00688668, 

214.164, 114, 0, 0.00968063, 

214.164, 115, 0, 0.0128741, 

214.164, 116, 0, 0.0161233, 

214.164, 117, 0, 0.0189101, 

214.164, 118, 0, 0.0206087, 

214.164, 119, 0, 0.0206087, 

219.595, 0, 0, 0.155767, 

219.595, 1, 0, 0.155767, 

219.595, 2, 0, 0.152659, 

219.595, 3, 0, 0.146727, 

219.595, 4, 0, 0.138247, 

219.595, 5, 0, 0.127531, 

219.595, 6, 0, 0.114975, 

219.595, 7, 0, 0.101082, 

219.595, 8, 0, 0.0864593, 

219.595, 9, 0, 0.0717836, 

219.595, 10, 0, 0.0577337, 

219.595, 11, 0, 0.0449089, 

219.595, 12, 0, 0.0337531, 

219.595, 13, 0, 0.0245081, 

219.595, 14, 0, 0.0172062, 

219.595, 15, 0, 0.0117033, 

219.595, 16, 0, 0.0077378, 

219.595, 17, 0, 0.00499665, 

219.595, 18, 0, 0.00317137, 

219.595, 19, 0, 0.00199435, 

219.595, 20, 0, 0.00125471, 

219.595, 21, 0, 0.000798571, 

219.595, 22, 0, 0.00052041, 

219.595, 23, 0, 0.000351378, 

219.595, 24, 0, 0.000248252, 

219.595, 25, 0, 0.000184629, 

219.595, 26, 0, 0.000144645, 

219.595, 27, 0, 0.000118821, 

219.595, 28, 0, 0.000101471, 

219.595, 29, 0, 8.91459e-05, 

219.595, 30, 0, 7.97433e-05, 

219.595, 31, 0, 7.19989e-05, 

219.595, 32, 0, 6.51967e-05, 

219.595, 33, 0, 5.89907e-05, 

219.595, 34, 0, 5.32779e-05, 

219.595, 35, 0, 4.80972e-05, 

219.595, 36, 0, 4.35483e-05, 

219.595, 37, 0, 3.97326e-05, 

219.595, 38, 0, 3.67172e-05, 

219.595, 39, 0, 3.4519e-05, 

219.595, 40, 0, 3.31029e-05, 

219.595, 41, 0, 3.23853e-05, 

219.595, 42, 0, 3.22393e-05, 

219.595, 43, 0, 3.25011e-05, 

219.595, 44, 0, 3.29793e-05, 

219.595, 45, 0, 3.34716e-05, 

219.595, 46, 0, 3.37895e-05, 

219.595, 47, 0, 3.37871e-05, 

219.595, 48, 0, 3.33875e-05, 

219.595, 49, 0, 3.25964e-05, 

219.595, 50, 0, 3.14976e-05, 

219.595, 51, 0, 3.02321e-05, 

219.595, 52, 0, 2.8967e-05, 

219.595, 53, 0, 2.78657e-05, 

219.595, 54, 0, 2.70641e-05, 

219.595, 55, 0, 2.66574e-05, 

219.595, 56, 0, 2.66945e-05, 

219.595, 57, 0, 2.7176e-05, 

219.595, 58, 0, 2.8054e-05, 

219.595, 59, 0, 2.92325e-05, 

219.595, 60, 0, 3.05732e-05, 

219.595, 61, 0, 3.19079e-05, 

219.595, 62, 0, 3.30621e-05, 

219.595, 63, 0, 3.38852e-05, 

219.595, 64, 0, 3.42819e-05, 

219.595, 65, 0, 3.42328e-05, 

219.595, 66, 0, 3.37982e-05, 

219.595, 67, 0, 3.3103e-05, 

219.595, 68, 0, 3.23084e-05, 

219.595, 69, 0, 3.15795e-05, 

219.595, 70, 0, 3.10579e-05, 

219.595, 71, 0, 3.08425e-05, 

219.595, 72, 0, 3.09784e-05, 

219.595, 73, 0, 3.14527e-05, 

219.595, 74, 0, 3.21944e-05, 

219.595, 75, 0, 3.30792e-05, 

219.595, 76, 0, 3.39434e-05, 

219.595, 77, 0, 3.46064e-05, 

219.595, 78, 0, 3.49026e-05, 

219.595, 79, 0, 3.47163e-05, 

219.595, 80, 0, 3.40083e-05, 

219.595, 81, 0, 3.2826e-05, 

219.595, 82, 0, 3.12923e-05, 

219.595, 83, 0, 2.95773e-05, 

219.595, 84, 0, 2.78635e-05, 

219.595, 85, 0, 2.63139e-05, 

219.595, 86, 0, 2.50522e-05, 

219.595, 87, 0, 2.41545e-05, 

219.595, 88, 0, 2.365e-05, 

219.595, 89, 0, 2.35266e-05, 

219.595, 90, 0, 2.37392e-05, 

219.595, 91, 0, 2.42188e-05, 

219.595, 92, 0, 2.48851e-05, 

219.595, 93, 0, 2.56633e-05, 

219.595, 94, 0, 2.65069e-05, 

219.595, 95, 0, 2.74241e-05, 

219.595, 96, 0, 2.85088e-05, 

219.595, 97, 0, 2.99769e-05, 

219.595, 98, 0, 3.22183e-05, 

219.595, 99, 0, 3.58891e-05, 

219.595, 100, 0, 4.20856e-05, 

219.595, 101, 0, 5.2676e-05, 

219.595, 102, 0, 7.09107e-05, 

219.595, 103, 0, 0.000102509, 

219.595, 104, 0, 0.000157515, 

219.595, 105, 0, 0.00025331, 

219.595, 106, 0, 0.000419168, 

219.595, 107, 0, 0.000702489, 

219.595, 108, 0, 0.00117608, 

219.595, 109, 0, 0.00194434, 

219.595, 110, 0, 0.00314403, 

219.595, 111, 0, 0.00493318, 

219.595, 112, 0, 0.0074611, 

219.595, 113, 0, 0.010816, 

219.595, 114, 0, 0.0149545, 

219.595, 115, 0, 0.0196301, 

219.595, 116, 0, 0.0243472, 

219.595, 117, 0, 0.0283719, 

219.595, 118, 0, 0.0308197, 

219.595, 119, 0, 0.0308197, 

225.025, 0, 0, 0.164177, 

225.025, 1, 0, 0.164177, 

225.025, 2, 0, 0.161559, 

225.025, 3, 0, 0.156554, 

225.025, 4, 0, 0.149331, 

225.025, 5, 0, 0.140052, 

225.025, 6, 0, 0.12893, 

225.025, 7, 0, 0.116273, 

225.025, 8, 0, 0.102505, 

225.025, 9, 0, 0.0881607, 

225.025, 10, 0, 0.0738432, 

225.025, 11, 0, 0.0601591, 

225.025, 12, 0, 0.0476416, 

225.025, 13, 0, 0.0366838, 

225.025, 14, 0, 0.0274989, 

225.025, 15, 0, 0.0201172, 

225.025, 16, 0, 0.014416, 

225.025, 17, 0, 0.0101707, 

225.025, 18, 0, 0.00711005, 

225.025, 19, 0, 0.0049627, 

225.025, 20, 0, 0.00348807, 

225.025, 21, 0, 0.00249064, 

225.025, 22, 0, 0.00182184, 

225.025, 23, 0, 0.00137441, 

225.025, 24, 0, 0.00107385, 

225.025, 25, 0, 0.000869702, 

225.025, 26, 0, 0.000728328, 

225.025, 27, 0, 0.000627395, 

225.025, 28, 0, 0.000552075, 

225.025, 29, 0, 0.000492556, 

225.025, 30, 0, 0.000442486, 

225.025, 31, 0, 0.000398004, 

225.025, 32, 0, 0.000357085, 

225.025, 33, 0, 0.000319016, 

225.025, 34, 0, 0.000283932, 

225.025, 35, 0, 0.000252384, 

225.025, 36, 0, 0.000224995, 

225.025, 37, 0, 0.000202228, 

225.025, 38, 0, 0.00018428, 

225.025, 39, 0, 0.000171067, 

225.025, 40, 0, 0.000162262, 

225.025, 41, 0, 0.000157349, 

225.025, 42, 0, 0.000155658, 

225.025, 43, 0, 0.000156391, 

225.025, 44, 0, 0.000158654, 

225.025, 45, 0, 0.000161502, 

225.025, 46, 0, 0.000164029, 

225.025, 47, 0, 0.000165481, 

225.025, 48, 0, 0.000165374, 

225.025, 49, 0, 0.000163573, 

225.025, 50, 0, 0.000160302, 

225.025, 51, 0, 0.000156076, 

225.025, 52, 0, 0.000151585, 

225.025, 53, 0, 0.000147557, 

225.025, 54, 0, 0.000144641, 

225.025, 55, 0, 0.000143327, 

225.025, 56, 0, 0.000143904, 

225.025, 57, 0, 0.000146437, 

225.025, 58, 0, 0.000150763, 

225.025, 59, 0, 0.00015649, 

225.025, 60, 0, 0.000163028, 

225.025, 61, 0, 0.000169644, 

225.025, 62, 0, 0.00017557, 

225.025, 63, 0, 0.000180129, 

225.025, 64, 0, 0.000182875, 

225.025, 65, 0, 0.000183686, 

225.025, 66, 0, 0.000182793, 

225.025, 67, 0, 0.000180713, 

225.025, 68, 0, 0.000178143, 

225.025, 69, 0, 0.000175813, 

225.025, 70, 0, 0.000174359, 

225.025, 71, 0, 0.000174226, 

225.025, 72, 0, 0.00017561, 

225.025, 73, 0, 0.000178425, 

225.025, 74, 0, 0.000182304, 

225.025, 75, 0, 0.000186627, 

225.025, 76, 0, 0.000190598, 

225.025, 77, 0, 0.000193367, 

225.025, 78, 0, 0.000194183, 

225.025, 79, 0, 0.00019256, 

225.025, 80, 0, 0.000188389, 

225.025, 81, 0, 0.000181971, 

225.025, 82, 0, 0.000173948, 

225.025, 83, 0, 0.000165165, 

225.025, 84, 0, 0.000156497, 

225.025, 85, 0, 0.000148713, 

225.025, 86, 0, 0.000142381, 

225.025, 87, 0, 0.000137827, 

225.025, 88, 0, 0.000135144, 

225.025, 89, 0, 0.000134217, 

225.025, 90, 0, 0.000134762, 

225.025, 91, 0, 0.00013638, 

225.025, 92, 0, 0.00013862, 

225.025, 93, 0, 0.000141073, 

225.025, 94, 0, 0.00014347, 

225.025, 95, 0, 0.000145789, 

225.025, 96, 0, 0.000148358, 

225.025, 97, 0, 0.000151935, 

225.025, 98, 0, 0.0001578, 

225.025, 99, 0, 0.000167918, 

225.025, 100, 0, 0.000185253, 

225.025, 101, 0, 0.000214376, 

225.025, 102, 0, 0.000262563, 

225.025, 103, 0, 0.000341652, 

225.025, 104, 0, 0.000471022, 

225.025, 105, 0, 0.000682119, 

225.025, 106, 0, 0.0010248, 

225.025, 107, 0, 0.0015753, 

225.025, 108, 0, 0.00244443, 

225.025, 109, 0, 0.00378274, 

225.025, 110, 0, 0.00577696, 

225.025, 111, 0, 0.00863006, 

225.025, 112, 0, 0.0125181, 

225.025, 113, 0, 0.0175218, 

225.025, 114, 0, 0.0235399, 

225.025, 115, 0, 0.0302061, 

225.025, 116, 0, 0.0368369, 

225.025, 117, 0, 0.0424468, 

225.025, 118, 0, 0.0458489, 

225.025, 119, 0, 0.0458489, 

230.456, 0, 0, 0.172088, 

230.456, 1, 0, 0.172088, 

230.456, 2, 0, 0.170169, 

230.456, 3, 0, 0.1665, 

230.456, 4, 0, 0.161148, 

230.456, 5, 0, 0.154136, 

230.456, 6, 0, 0.145499, 

230.456, 7, 0, 0.135329, 

230.456, 8, 0, 0.12381, 

230.456, 9, 0, 0.111241, 

230.456, 10, 0, 0.0980245, 

230.456, 11, 0, 0.0846388, 

230.456, 12, 0, 0.0715865, 

230.456, 13, 0, 0.0593338, 

230.456, 14, 0, 0.0482547, 

230.456, 15, 0, 0.0385941, 

230.456, 16, 0, 0.0304547, 

230.456, 17, 0, 0.0238105, 

230.456, 18, 0, 0.0185375, 

230.456, 19, 0, 0.0144525, 

230.456, 20, 0, 0.0113494, 

230.456, 21, 0, 0.00902649, 

230.456, 22, 0, 0.00730425, 

230.456, 23, 0, 0.00603244, 

230.456, 24, 0, 0.00509102, 

230.456, 25, 0, 0.00438695, 

230.456, 26, 0, 0.00384954, 

230.456, 27, 0, 0.00342589, 

230.456, 28, 0, 0.00307712, 

230.456, 29, 0, 0.00277564, 

230.456, 30, 0, 0.00250326, 

230.456, 31, 0, 0.00224959, 

230.456, 32, 0, 0.00201055, 

230.456, 33, 0, 0.00178657, 

230.456, 34, 0, 0.0015807, 

230.456, 35, 0, 0.00139682, 

230.456, 36, 0, 0.00123821, 

230.456, 37, 0, 0.00110677, 

230.456, 38, 0, 0.00100278, 

230.456, 39, 0, 0.000925083, 

230.456, 40, 0, 0.000871425, 

230.456, 41, 0, 0.000838805, 

230.456, 42, 0, 0.000823696, 

230.456, 43, 0, 0.000822171, 

230.456, 44, 0, 0.000829996, 

230.456, 45, 0, 0.000842779, 

230.456, 46, 0, 0.000856276, 

230.456, 47, 0, 0.000866815, 

230.456, 48, 0, 0.000871787, 

230.456, 49, 0, 0.000870014, 

230.456, 50, 0, 0.000861885, 

230.456, 51, 0, 0.000849178, 

230.456, 52, 0, 0.000834625, 

230.456, 53, 0, 0.000821347, 

230.456, 54, 0, 0.00081232, 

230.456, 55, 0, 0.00080995, 

230.456, 56, 0, 0.000815797, 

230.456, 57, 0, 0.000830419, 

230.456, 58, 0, 0.000853298, 

230.456, 59, 0, 0.000882851, 

230.456, 60, 0, 0.000916541, 

230.456, 61, 0, 0.000951145, 

230.456, 62, 0, 0.0009832, 

230.456, 63, 0, 0.00100958, 

230.456, 64, 0, 0.00102811, 

230.456, 65, 0, 0.00103798, 

230.456, 66, 0, 0.00103994, 

230.456, 67, 0, 0.00103606, 

230.456, 68, 0, 0.00102931, 

230.456, 69, 0, 0.00102288, 

230.456, 70, 0, 0.00101964, 

230.456, 71, 0, 0.00102162, 

230.456, 72, 0, 0.00102969, 

230.456, 73, 0, 0.00104341, 

230.456, 74, 0, 0.00106101, 

230.456, 75, 0, 0.0010796, 

230.456, 76, 0, 0.00109555, 

230.456, 77, 0, 0.0011051, 

230.456, 78, 0, 0.00110505, 

230.456, 79, 0, 0.0010935, 

230.456, 80, 0, 0.00107029, 

230.456, 81, 0, 0.00103704, 

230.456, 82, 0, 0.00099689, 

230.456, 83, 0, 0.000953774, 

230.456, 84, 0, 0.000911738, 

230.456, 85, 0, 0.000874288, 

230.456, 86, 0, 0.000843975, 

230.456, 87, 0, 0.00082221, 

230.456, 88, 0, 0.000809262, 

230.456, 89, 0, 0.000804371, 

230.456, 90, 0, 0.000805941, 

230.456, 91, 0, 0.00081181, 

230.456, 92, 0, 0.000819617, 

230.456, 93, 0, 0.000827248, 

230.456, 94, 0, 0.000833339, 

230.456, 95, 0, 0.000837735, 

230.456, 96, 0, 0.000841832, 

230.456, 97, 0, 0.000848762, 

230.456, 98, 0, 0.000863486, 

230.456, 99, 0, 0.000892965, 

230.456, 100, 0, 0.000946633, 

230.456, 101, 0, 0.00103747, 

230.456, 102, 0, 0.00118391, 

230.456, 103, 0, 0.00141296, 

230.456, 104, 0, 0.00176468, 

230.456, 105, 0, 0.00229832, 

230.456, 106, 0, 0.0030997, 

230.456, 107, 0, 0.00428886, 

230.456, 108, 0, 0.00602532, 

230.456, 109, 0, 0.0085067, 

230.456, 110, 0, 0.0119547, 

230.456, 111, 0, 0.0165823, 

230.456, 112, 0, 0.022538, 

230.456, 113, 0, 0.0298308, 

230.456, 114, 0, 0.0382441, 

230.456, 115, 0, 0.0472599, 

230.456, 116, 0, 0.0560158, 

230.456, 117, 0, 0.063317, 

230.456, 118, 0, 0.0677242, 

230.456, 119, 0, 0.0677242, 

235.886, 0, 0, 0.178334, 

235.886, 1, 0, 0.178334, 

235.886, 2, 0, 0.177185, 

235.886, 3, 0, 0.174993, 

235.886, 4, 0, 0.171765, 

235.886, 5, 0, 0.167457, 

235.886, 6, 0, 0.162004, 

235.886, 7, 0, 0.15536, 

235.886, 8, 0, 0.147522, 

235.886, 9, 0, 0.138555, 

235.886, 10, 0, 0.128606, 

235.886, 11, 0, 0.117901, 

235.886, 12, 0, 0.106739, 

235.886, 13, 0, 0.0954574, 

235.886, 14, 0, 0.0844047, 

235.886, 15, 0, 0.0738991, 

235.886, 16, 0, 0.0641993, 

235.886, 17, 0, 0.0554843, 

235.886, 18, 0, 0.0478472, 

235.886, 19, 0, 0.0413014, 

235.886, 20, 0, 0.035796, 

235.886, 21, 0, 0.0312348, 

235.886, 22, 0, 0.0274949, 

235.886, 23, 0, 0.0244425, 

235.886, 24, 0, 0.0219446, 

235.886, 25, 0, 0.0198762, 

235.886, 26, 0, 0.0181256, 

235.886, 27, 0, 0.0165973, 

235.886, 28, 0, 0.0152152, 

235.886, 29, 0, 0.0139238, 

235.886, 30, 0, 0.0126891, 

235.886, 31, 0, 0.0114979, 

235.886, 32, 0, 0.0103539, 

235.886, 33, 0, 0.00927271, 

235.886, 34, 0, 0.00827545, 

235.886, 35, 0, 0.00738265, 

235.886, 36, 0, 0.00660985, 

235.886, 37, 0, 0.00596535, 

235.886, 38, 0, 0.00544999, 

235.886, 39, 0, 0.00505826, 

235.886, 40, 0, 0.00478003, 

235.886, 41, 0, 0.00460196, 

235.886, 42, 0, 0.0045086, 

235.886, 43, 0, 0.00448291, 

235.886, 44, 0, 0.0045067, 

235.886, 45, 0, 0.00456119, 

235.886, 46, 0, 0.00462807, 

235.886, 47, 0, 0.00469103, 

235.886, 48, 0, 0.00473762, 

235.886, 49, 0, 0.00476078, 

235.886, 50, 0, 0.00475962, 

235.886, 51, 0, 0.00473909, 

235.886, 52, 0, 0.00470865, 

235.886, 53, 0, 0.00468015, 

235.886, 54, 0, 0.00466569, 

235.886, 55, 0, 0.00467557, 

235.886, 56, 0, 0.00471689, 

235.886, 57, 0, 0.00479253, 

235.886, 58, 0, 0.00490078, 

235.886, 59, 0, 0.0050353, 

235.886, 60, 0, 0.00518569, 

235.886, 61, 0, 0.0053388, 

235.886, 62, 0, 0.00548054, 

235.886, 63, 0, 0.00559827, 

235.886, 64, 0, 0.00568315, 

235.886, 65, 0, 0.00573179, 

235.886, 66, 0, 0.00574689, 

235.886, 67, 0, 0.00573651, 

235.886, 68, 0, 0.00571223, 

235.886, 69, 0, 0.00568678, 

235.886, 70, 0, 0.0056716, 

235.886, 71, 0, 0.00567482, 

235.886, 72, 0, 0.00569989, 

235.886, 73, 0, 0.00574493, 

235.886, 74, 0, 0.00580285, 

235.886, 75, 0, 0.00586227, 

235.886, 76, 0, 0.00590921, 

235.886, 77, 0, 0.00592955, 

235.886, 78, 0, 0.00591174, 

235.886, 79, 0, 0.00584932, 

235.886, 80, 0, 0.00574243, 

235.886, 81, 0, 0.00559798, 

235.886, 82, 0, 0.00542838, 

235.886, 83, 0, 0.00524912, 

235.886, 84, 0, 0.00507616, 

235.886, 85, 0, 0.00492341, 

235.886, 86, 0, 0.00480106, 

235.886, 87, 0, 0.00471467, 

235.886, 88, 0, 0.00466497, 

235.886, 89, 0, 0.00464819, 

235.886, 90, 0, 0.00465686, 

235.886, 91, 0, 0.00468103, 

235.886, 92, 0, 0.00470999, 

235.886, 93, 0, 0.00473427, 

235.886, 94, 0, 0.00474785, 

235.886, 95, 0, 0.00474996, 

235.886, 96, 0, 0.0047463, 

235.886, 97, 0, 0.00474934, 

235.886, 98, 0, 0.00477801, 

235.886, 99, 0, 0.00485713, 

235.886, 100, 0, 0.00501737, 

235.886, 101, 0, 0.00529624, 

235.886, 102, 0, 0.00574044, 

235.886, 103, 0, 0.00640969, 

235.886, 104, 0, 0.00738161, 

235.886, 105, 0, 0.00875707, 

235.886, 106, 0, 0.0106646, 

235.886, 107, 0, 0.0132618, 

235.886, 108, 0, 0.0167304, 

235.886, 109, 0, 0.0212623, 

235.886, 110, 0, 0.0270332, 

235.886, 111, 0, 0.0341623, 

235.886, 112, 0, 0.0426617, 

235.886, 113, 0, 0.0523805, 

235.886, 114, 0, 0.0629518, 

235.886, 115, 0, 0.0737522, 

235.886, 116, 0, 0.083878, 

235.886, 117, 0, 0.0921428, 

235.886, 118, 0, 0.097099, 

235.886, 119, 0, 0.097099, 

241.316, 0, 0, 0.182199, 

241.316, 1, 0, 0.182199, 

241.316, 2, 0, 0.181672, 

241.316, 3, 0, 0.180672, 

241.316, 4, 0, 0.179192, 

241.316, 5, 0, 0.177189, 

241.316, 6, 0, 0.1746, 

241.316, 7, 0, 0.171362, 

241.316, 8, 0, 0.167417, 

241.316, 9, 0, 0.162732, 

241.316, 10, 0, 0.157306, 

241.316, 11, 0, 0.151176, 

241.316, 12, 0, 0.144426, 

241.316, 13, 0, 0.13718, 

241.316, 14, 0, 0.129597, 

241.316, 15, 0, 0.121858, 

241.316, 16, 0, 0.11415, 

241.316, 17, 0, 0.106649, 

241.316, 18, 0, 0.0995057, 

241.316, 19, 0, 0.0928351, 

241.316, 20, 0, 0.0867084, 

241.316, 21, 0, 0.0811524, 

241.316, 22, 0, 0.0761518, 

241.316, 23, 0, 0.0716552, 

241.316, 24, 0, 0.0675835, 

241.316, 25, 0, 0.0638396, 

241.316, 26, 0, 0.0603202, 

241.316, 27, 0, 0.0569278, 

241.316, 28, 0, 0.0535827, 

241.316, 29, 0, 0.0502328, 

241.316, 30, 0, 0.0468604, 

241.316, 31, 0, 0.043483, 

241.316, 32, 0, 0.0401488, 

241.316, 33, 0, 0.036927, 

241.316, 34, 0, 0.033895, 

241.316, 35, 0, 0.0311259, 

241.316, 36, 0, 0.028679, 

241.316, 37, 0, 0.0265937, 

241.316, 38, 0, 0.0248883, 

241.316, 39, 0, 0.0235618, 

241.316, 40, 0, 0.0225964, 

241.316, 41, 0, 0.0219614, 

241.316, 42, 0, 0.021616, 

241.316, 43, 0, 0.0215112, 

241.316, 44, 0, 0.0215921, 

241.316, 45, 0, 0.0218002, 

241.316, 46, 0, 0.0220772, 

241.316, 47, 0, 0.0223694, 

241.316, 48, 0, 0.0226336, 

241.316, 49, 0, 0.0228412, 

241.316, 50, 0, 0.0229812, 

241.316, 51, 0, 0.0230604, 

241.316, 52, 0, 0.0231002, 

241.316, 53, 0, 0.0231312, 

241.316, 54, 0, 0.0231869, 

241.316, 55, 0, 0.0232972, 

241.316, 56, 0, 0.0234833, 

241.316, 57, 0, 0.0237539, 

241.316, 58, 0, 0.0241039, 

241.316, 59, 0, 0.0245138, 

241.316, 60, 0, 0.0249532, 

241.316, 61, 0, 0.0253842, 

241.316, 62, 0, 0.0257678, 

241.316, 63, 0, 0.0260705, 

241.316, 64, 0, 0.0262705, 

241.316, 65, 0, 0.0263613, 

241.316, 66, 0, 0.0263531, 

241.316, 67, 0, 0.0262706, 

241.316, 68, 0, 0.0261474, 

241.316, 69, 0, 0.0260198, 

241.316, 70, 0, 0.0259202, 

241.316, 71, 0, 0.0258714, 

241.316, 72, 0, 0.0258827, 

241.316, 73, 0, 0.0259484, 

241.316, 74, 0, 0.0260486, 

241.316, 75, 0, 0.0261517, 

241.316, 76, 0, 0.0262204, 

241.316, 77, 0, 0.0262175, 

241.316, 78, 0, 0.0261131, 

241.316, 79, 0, 0.0258912, 

241.316, 80, 0, 0.0255531, 

241.316, 81, 0, 0.0251175, 

241.316, 82, 0, 0.0246179, 

241.316, 83, 0, 0.0240964, 

241.316, 84, 0, 0.0235972, 

241.316, 85, 0, 0.0231594, 

241.316, 86, 0, 0.0228122, 

241.316, 87, 0, 0.0225717, 

241.316, 88, 0, 0.0224389, 

241.316, 89, 0, 0.0224012, 

241.316, 90, 0, 0.022434, 

241.316, 91, 0, 0.0225051, 

241.316, 92, 0, 0.0225803, 

241.316, 93, 0, 0.0226298, 

241.316, 94, 0, 0.0226348, 

241.316, 95, 0, 0.022593, 

241.316, 96, 0, 0.0225214, 

241.316, 97, 0, 0.0224569, 

241.316, 98, 0, 0.022454, 

241.316, 99, 0, 0.0225809, 

241.316, 100, 0, 0.0229161, 

241.316, 101, 0, 0.0235458, 

241.316, 102, 0, 0.024563, 

241.316, 103, 0, 0.0260675, 

241.316, 104, 0, 0.0281675, 

241.316, 105, 0, 0.030978, 

241.316, 106, 0, 0.0346185, 

241.316, 107, 0, 0.0392048, 

241.316, 108, 0, 0.0448363, 

241.316, 109, 0, 0.0515777, 

241.316, 110, 0, 0.0594375, 

241.316, 111, 0, 0.0683444, 

241.316, 112, 0, 0.0781283, 

241.316, 113, 0, 0.0885054, 

241.316, 114, 0, 0.0990699, 

241.316, 115, 0, 0.109288, 

241.316, 116, 0, 0.118482, 

241.316, 117, 0, 0.125803, 

241.316, 118, 0, 0.130167, 

241.316, 119, 0, 0.130167, 

246.747, 0, 0, 0.183927, 

246.747, 1, 0, 0.183927, 

246.747, 2, 0, 0.183751, 

246.747, 3, 0, 0.183421, 

246.747, 4, 0, 0.182932, 

246.747, 5, 0, 0.182265, 

246.747, 6, 0, 0.181394, 

246.747, 7, 0, 0.180286, 

246.747, 8, 0, 0.17891, 

246.747, 9, 0, 0.17724, 

246.747, 10, 0, 0.175255, 

246.747, 11, 0, 0.172946, 

246.747, 12, 0, 0.170318, 

246.747, 13, 0, 0.167391, 

246.747, 14, 0, 0.1642, 

246.747, 15, 0, 0.160795, 

246.747, 16, 0, 0.157235, 

246.747, 17, 0, 0.153584, 

246.747, 18, 0, 0.149907, 

246.747, 19, 0, 0.146258, 

246.747, 20, 0, 0.14268, 

246.747, 21, 0, 0.139194, 

246.747, 22, 0, 0.135801, 

246.747, 23, 0, 0.132479, 

246.747, 24, 0, 0.129186, 

246.747, 25, 0, 0.125864, 

246.747, 26, 0, 0.122448, 

246.747, 27, 0, 0.118877, 

246.747, 28, 0, 0.115105, 

246.747, 29, 0, 0.111109, 

246.747, 30, 0, 0.106899, 

246.747, 31, 0, 0.102519, 

246.747, 32, 0, 0.0980477, 

246.747, 33, 0, 0.0935888, 

246.747, 34, 0, 0.0892608, 

246.747, 35, 0, 0.0851847, 

246.747, 36, 0, 0.0814713, 

246.747, 37, 0, 0.0782125, 

246.747, 38, 0, 0.0754741, 

246.747, 39, 0, 0.0732931, 

246.747, 40, 0, 0.0716772, 

246.747, 41, 0, 0.0706063, 

246.747, 42, 0, 0.0700355, 

246.747, 43, 0, 0.0698979, 

246.747, 44, 0, 0.0701102, 

246.747, 45, 0, 0.0705783, 

246.747, 46, 0, 0.0712049, 

246.747, 47, 0, 0.071898, 

246.747, 48, 0, 0.0725799, 

246.747, 49, 0, 0.0731942, 

246.747, 50, 0, 0.073711, 

246.747, 51, 0, 0.0741267, 

246.747, 52, 0, 0.0744613, 

246.747, 53, 0, 0.0747508, 

246.747, 54, 0, 0.0750383, 

246.747, 55, 0, 0.075364, 

246.747, 56, 0, 0.0757571, 

246.747, 57, 0, 0.0762297, 

246.747, 58, 0, 0.0767739, 

246.747, 59, 0, 0.0773628, 

246.747, 60, 0, 0.0779543, 

246.747, 61, 0, 0.0784983, 

246.747, 62, 0, 0.0789452, 

246.747, 63, 0, 0.079255, 

246.747, 64, 0, 0.0794046, 

246.747, 65, 0, 0.0793923, 

246.747, 66, 0, 0.0792386, 

246.747, 67, 0, 0.0789818, 

246.747, 68, 0, 0.0786722, 

246.747, 69, 0, 0.0783621, 

246.747, 70, 0, 0.0780975, 

246.747, 71, 0, 0.0779103, 

246.747, 72, 0, 0.0778129, 

246.747, 73, 0, 0.0777961, 

246.747, 74, 0, 0.0778306, 

246.747, 75, 0, 0.077872, 

246.747, 76, 0, 0.0778677, 

246.747, 77, 0, 0.0777666, 

246.747, 78, 0, 0.0775284, 

246.747, 79, 0, 0.0771314, 

246.747, 80, 0, 0.0765775, 

246.747, 81, 0, 0.0758924, 

246.747, 82, 0, 0.0751221, 

246.747, 83, 0, 0.0743258, 

246.747, 84, 0, 0.073566, 

246.747, 85, 0, 0.0728996, 

246.747, 86, 0, 0.0723692, 

246.747, 87, 0, 0.0719973, 

246.747, 88, 0, 0.0717833, 

246.747, 89, 0, 0.0717045, 

246.747, 90, 0, 0.0717194, 

246.747, 91, 0, 0.071775, 

246.747, 92, 0, 0.0718161, 

246.747, 93, 0, 0.0717956, 

246.747, 94, 0, 0.071685, 

246.747, 95, 0, 0.0714823, 

246.747, 96, 0, 0.0712159, 

246.747, 97, 0, 0.0709449, 

246.747, 98, 0, 0.0707545, 

246.747, 99, 0, 0.070749, 

246.747, 100, 0, 0.0710426, 

246.747, 101, 0, 0.0717513, 

246.747, 102, 0, 0.0729853, 

246.747, 103, 0, 0.0748432, 

246.747, 104, 0, 0.0774067, 

246.747, 105, 0, 0.0807363, 

246.747, 106, 0, 0.0848658, 

246.747, 107, 0, 0.0897973, 

246.747, 108, 0, 0.0954959, 

246.747, 109, 0, 0.101885, 

246.747, 110, 0, 0.108845, 

246.747, 111, 0, 0.116212, 

246.747, 112, 0, 0.123788, 

246.747, 113, 0, 0.131342, 

246.747, 114, 0, 0.138618, 

246.747, 115, 0, 0.145335, 

246.747, 116, 0, 0.151174, 

246.747, 117, 0, 0.155731, 

246.747, 118, 0, 0.158444, 

246.747, 119, 0, 0.158444, 

252.177, 0, 0, 0.184404, 

252.177, 1, 0, 0.184404, 

252.177, 2, 0, 0.184363, 

252.177, 3, 0, 0.184287, 

252.177, 4, 0, 0.184174, 

252.177, 5, 0, 0.18402, 

252.177, 6, 0, 0.183818, 

252.177, 7, 0, 0.183559, 

252.177, 8, 0, 0.183235, 

252.177, 9, 0, 0.182837, 

252.177, 10, 0, 0.182358, 

252.177, 11, 0, 0.181794, 

252.177, 12, 0, 0.181141, 

252.177, 13, 0, 0.1804, 

252.177, 14, 0, 0.179575, 

252.177, 15, 0, 0.178674, 

252.177, 16, 0, 0.177705, 

252.177, 17, 0, 0.17668, 

252.177, 18, 0, 0.175609, 

252.177, 19, 0, 0.1745, 

252.177, 20, 0, 0.173358, 

252.177, 21, 0, 0.17218, 

252.177, 22, 0, 0.170957, 

252.177, 23, 0, 0.169673, 

252.177, 24, 0, 0.168306, 

252.177, 25, 0, 0.166826, 

252.177, 26, 0, 0.165205, 

252.177, 27, 0, 0.163416, 

252.177, 28, 0, 0.161439, 

252.177, 29, 0, 0.159265, 

252.177, 30, 0, 0.156904, 

252.177, 31, 0, 0.15438, 

252.177, 32, 0, 0.151738, 

252.177, 33, 0, 0.149039, 

252.177, 34, 0, 0.146356, 

252.177, 35, 0, 0.14377, 

252.177, 36, 0, 0.141361, 

252.177, 37, 0, 0.139202, 

252.177, 38, 0, 0.137355, 

252.177, 39, 0, 0.135866, 

252.177, 40, 0, 0.134757, 

252.177, 41, 0, 0.134032, 

252.177, 42, 0, 0.133671, 

252.177, 43, 0, 0.133634, 

252.177, 44, 0, 0.133869, 

252.177, 45, 0, 0.134309, 

252.177, 46, 0, 0.134886, 

252.177, 47, 0, 0.135532, 

252.177, 48, 0, 0.136189, 

252.177, 49, 0, 0.136811, 

252.177, 50, 0, 0.137371, 

252.177, 51, 0, 0.137858, 

252.177, 52, 0, 0.138276, 

252.177, 53, 0, 0.138641, 

252.177, 54, 0, 0.138975, 

252.177, 55, 0, 0.139299, 

252.177, 56, 0, 0.139628, 

252.177, 57, 0, 0.139972, 

252.177, 58, 0, 0.140325, 

252.177, 59, 0, 0.140675, 

252.177, 60, 0, 0.140999, 

252.177, 61, 0, 0.141272, 

252.177, 62, 0, 0.141469, 

252.177, 63, 0, 0.141572, 

252.177, 64, 0, 0.141572, 

252.177, 65, 0, 0.141472, 

252.177, 66, 0, 0.141287, 

252.177, 67, 0, 0.141044, 

252.177, 68, 0, 0.140772, 

252.177, 69, 0, 0.140504, 

252.177, 70, 0, 0.140268, 

252.177, 71, 0, 0.140081, 

252.177, 72, 0, 0.139952, 

252.177, 73, 0, 0.139872, 

252.177, 74, 0, 0.139825, 

252.177, 75, 0, 0.139782, 

252.177, 76, 0, 0.139712, 

252.177, 77, 0, 0.139584, 

252.177, 78, 0, 0.139375, 

252.177, 79, 0, 0.139071, 

252.177, 80, 0, 0.138674, 

252.177, 81, 0, 0.1382, 

252.177, 82, 0, 0.137675, 

252.177, 83, 0, 0.137136, 

252.177, 84, 0, 0.136621, 

252.177, 85, 0, 0.136163, 

252.177, 86, 0, 0.135788, 

252.177, 87, 0, 0.135509, 

252.177, 88, 0, 0.135322, 

252.177, 89, 0, 0.13521, 

252.177, 90, 0, 0.135144, 

252.177, 91, 0, 0.135087, 

252.177, 92, 0, 0.135002, 

252.177, 93, 0, 0.134859, 

252.177, 94, 0, 0.13464, 

252.177, 95, 0, 0.134348, 

252.177, 96, 0, 0.134004, 

252.177, 97, 0, 0.133651, 

252.177, 98, 0, 0.13335, 

252.177, 99, 0, 0.133174, 

252.177, 100, 0, 0.133199, 

252.177, 101, 0, 0.133504, 

252.177, 102, 0, 0.134154, 

252.177, 103, 0, 0.135201, 

252.177, 104, 0, 0.136679, 

252.177, 105, 0, 0.138598, 

252.177, 106, 0, 0.140944, 

252.177, 107, 0, 0.14368, 

252.177, 108, 0, 0.146749, 

252.177, 109, 0, 0.150072, 

252.177, 110, 0, 0.15356, 

252.177, 111, 0, 0.157113, 

252.177, 112, 0, 0.16063, 

252.177, 113, 0, 0.164012, 

252.177, 114, 0, 0.167165, 

252.177, 115, 0, 0.169997, 

252.177, 116, 0, 0.172411, 

252.177, 117, 0, 0.17428, 

252.177, 118, 0, 0.175398, 

252.177, 119, 0, 0.175398, 

257.607, 0, 0, 0.184416, 

257.607, 1, 0, 0.184416, 

257.607, 2, 0, 0.184409, 

257.607, 3, 0, 0.184397, 

257.607, 4, 0, 0.18438, 

257.607, 5, 0, 0.184355, 

257.607, 6, 0, 0.184323, 

257.607, 7, 0, 0.184282, 

257.607, 8, 0, 0.18423, 

257.607, 9, 0, 0.184167, 

257.607, 10, 0, 0.18409, 

257.607, 11, 0, 0.183998, 

257.607, 12, 0, 0.183892, 

257.607, 13, 0, 0.183769, 

257.607, 14, 0, 0.183631, 

257.607, 15, 0, 0.183478, 

257.607, 16, 0, 0.18331, 

257.607, 17, 0, 0.183128, 

257.607, 18, 0, 0.182932, 

257.607, 19, 0, 0.182722, 

257.607, 20, 0, 0.182495, 

257.607, 21, 0, 0.182249, 

257.607, 22, 0, 0.181979, 

257.607, 23, 0, 0.18168, 

257.607, 24, 0, 0.181344, 

257.607, 25, 0, 0.180963, 

257.607, 26, 0, 0.180529, 

257.607, 27, 0, 0.180034, 

257.607, 28, 0, 0.179473, 

257.607, 29, 0, 0.178845, 

257.607, 30, 0, 0.178152, 

257.607, 31, 0, 0.177402, 

257.607, 32, 0, 0.176608, 

257.607, 33, 0, 0.175787, 

257.607, 34, 0, 0.174963, 

257.607, 35, 0, 0.174161, 

257.607, 36, 0, 0.173407, 

257.607, 37, 0, 0.172726, 

257.607, 38, 0, 0.172141, 

257.607, 39, 0, 0.171668, 

257.607, 40, 0, 0.171319, 

257.607, 41, 0, 0.171098, 

257.607, 42, 0, 0.170998, 

257.607, 43, 0, 0.171011, 

257.607, 44, 0, 0.171118, 

257.607, 45, 0, 0.171299, 

257.607, 46, 0, 0.171531, 

257.607, 47, 0, 0.171791, 

257.607, 48, 0, 0.172059, 

257.607, 49, 0, 0.172319, 

257.607, 50, 0, 0.172559, 

257.607, 51, 0, 0.172775, 

257.607, 52, 0, 0.172964, 

257.607, 53, 0, 0.17313, 

257.607, 54, 0, 0.173278, 

257.607, 55, 0, 0.173412, 

257.607, 56, 0, 0.173537, 

257.607, 57, 0, 0.173656, 

257.607, 58, 0, 0.173767, 

257.607, 59, 0, 0.173868, 

257.607, 60, 0, 0.173955, 

257.607, 61, 0, 0.174021, 

257.607, 62, 0, 0.17406, 

257.607, 63, 0, 0.17407, 

257.607, 64, 0, 0.174048, 

257.607, 65, 0, 0.173997, 

257.607, 66, 0, 0.173923, 

257.607, 67, 0, 0.173831, 

257.607, 68, 0, 0.173733, 

257.607, 69, 0, 0.173636, 

257.607, 70, 0, 0.173549, 

257.607, 71, 0, 0.173477, 

257.607, 72, 0, 0.173421, 

257.607, 73, 0, 0.173379, 

257.607, 74, 0, 0.173345, 

257.607, 75, 0, 0.173313, 

257.607, 76, 0, 0.173272, 

257.607, 77, 0, 0.173214, 

257.607, 78, 0, 0.173133, 

257.607, 79, 0, 0.173024, 

257.607, 80, 0, 0.172889, 

257.607, 81, 0, 0.172731, 

257.607, 82, 0, 0.172559, 

257.607, 83, 0, 0.172382, 

257.607, 84, 0, 0.172212, 

257.607, 85, 0, 0.172057, 

257.607, 86, 0, 0.171925, 

257.607, 87, 0, 0.171817, 

257.607, 88, 0, 0.171733, 

257.607, 89, 0, 0.171666, 

257.607, 90, 0, 0.171606, 

257.607, 91, 0, 0.171541, 

257.607, 92, 0, 0.171461, 

257.607, 93, 0, 0.171357, 

257.607, 94, 0, 0.171225, 

257.607, 95, 0, 0.171066, 

257.607, 96, 0, 0.170888, 

257.607, 97, 0, 0.170708, 

257.607, 98, 0, 0.170545, 

257.607, 99, 0, 0.170425, 

257.607, 100, 0, 0.170374, 

257.607, 101, 0, 0.170417, 

257.607, 102, 0, 0.170574, 

257.607, 103, 0, 0.170863, 

257.607, 104, 0, 0.17129, 

257.607, 105, 0, 0.171856, 

257.607, 106, 0, 0.172552, 

257.607, 107, 0, 0.173362, 

257.607, 108, 0, 0.174264, 

257.607, 109, 0, 0.175229, 

257.607, 110, 0, 0.176229, 

257.607, 111, 0, 0.177233, 

257.607, 112, 0, 0.178212, 

257.607, 113, 0, 0.17914, 

257.607, 114, 0, 0.179994, 

257.607, 115, 0, 0.180753, 

257.607, 116, 0, 0.181396, 

257.607, 117, 0, 0.181894, 

257.607, 118, 0, 0.182195, 

257.607, 119, 0, 0.182195, 

263.038, 0, 0, 0.184336, 

263.038, 1, 0, 0.184336, 

263.038, 2, 0, 0.184335, 

263.038, 3, 0, 0.184334, 

263.038, 4, 0, 0.184332, 

263.038, 5, 0, 0.184329, 

263.038, 6, 0, 0.184326, 

263.038, 7, 0, 0.184321, 

263.038, 8, 0, 0.184316, 

263.038, 9, 0, 0.184309, 

263.038, 10, 0, 0.1843, 

263.038, 11, 0, 0.18429, 

263.038, 12, 0, 0.184278, 

263.038, 13, 0, 0.184265, 

263.038, 14, 0, 0.184249, 

263.038, 15, 0, 0.184231, 

263.038, 16, 0, 0.184212, 

263.038, 17, 0, 0.18419, 

263.038, 18, 0, 0.184165, 

263.038, 19, 0, 0.184138, 

263.038, 20, 0, 0.184107, 

263.038, 21, 0, 0.184073, 

263.038, 22, 0, 0.184033, 

263.038, 23, 0, 0.183986, 

263.038, 24, 0, 0.183933, 

263.038, 25, 0, 0.18387, 

263.038, 26, 0, 0.183796, 

263.038, 27, 0, 0.183711, 

263.038, 28, 0, 0.183613, 

263.038, 29, 0, 0.183503, 

263.038, 30, 0, 0.183381, 

263.038, 31, 0, 0.183248, 

263.038, 32, 0, 0.183107, 

263.038, 33, 0, 0.182961, 

263.038, 34, 0, 0.182814, 

263.038, 35, 0, 0.18267, 

263.038, 36, 0, 0.182535, 

263.038, 37, 0, 0.182413, 

263.038, 38, 0, 0.182309, 

263.038, 39, 0, 0.182225, 

263.038, 40, 0, 0.182164, 

263.038, 41, 0, 0.182126, 

263.038, 42, 0, 0.182112, 

263.038, 43, 0, 0.182119, 

263.038, 44, 0, 0.182144, 

263.038, 45, 0, 0.182183, 

263.038, 46, 0, 0.182232, 

263.038, 47, 0, 0.182288, 

263.038, 48, 0, 0.182345, 

263.038, 49, 0, 0.182402, 

263.038, 50, 0, 0.182455, 

263.038, 51, 0, 0.182503, 

263.038, 52, 0, 0.182546, 

263.038, 53, 0, 0.182584, 

263.038, 54, 0, 0.182618, 

263.038, 55, 0, 0.182647, 

263.038, 56, 0, 0.182673, 

263.038, 57, 0, 0.182696, 

263.038, 58, 0, 0.182717, 

263.038, 59, 0, 0.182735, 

263.038, 60, 0, 0.182749, 

263.038, 61, 0, 0.182758, 

263.038, 62, 0, 0.182763, 

263.038, 63, 0, 0.182762, 

263.038, 64, 0, 0.182756, 

263.038, 65, 0, 0.182745, 

263.038, 66, 0, 0.182731, 

263.038, 67, 0, 0.182713, 

263.038, 68, 0, 0.182694, 

263.038, 69, 0, 0.182676, 

263.038, 70, 0, 0.182659, 

263.038, 71, 0, 0.182645, 

263.038, 72, 0, 0.182633, 

263.038, 73, 0, 0.182623, 

263.038, 74, 0, 0.182614, 

263.038, 75, 0, 0.182605, 

263.038, 76, 0, 0.182595, 

263.038, 77, 0, 0.182582, 

263.038, 78, 0, 0.182565, 

263.038, 79, 0, 0.182543, 

263.038, 80, 0, 0.182517, 

263.038, 81, 0, 0.182487, 

263.038, 82, 0, 0.182455, 

263.038, 83, 0, 0.182421, 

263.038, 84, 0, 0.182389, 

263.038, 85, 0, 0.182358, 

263.038, 86, 0, 0.182331, 

263.038, 87, 0, 0.182307, 

263.038, 88, 0, 0.182286, 

263.038, 89, 0, 0.182267, 

263.038, 90, 0, 0.182248, 

263.038, 91, 0, 0.182226, 

263.038, 92, 0, 0.1822, 

263.038, 93, 0, 0.182169, 

263.038, 94, 0, 0.182133, 

263.038, 95, 0, 0.182091, 

263.038, 96, 0, 0.182045, 

263.038, 97, 0, 0.181999, 

263.038, 98, 0, 0.181958, 

263.038, 99, 0, 0.181924, 

263.038, 100, 0, 0.181904, 

263.038, 101, 0, 0.181903, 

263.038, 102, 0, 0.181923, 

263.038, 103, 0, 0.181969, 

263.038, 104, 0, 0.182041, 

263.038, 105, 0, 0.182139, 

263.038, 106, 0, 0.182261, 

263.038, 107, 0, 0.182405, 

263.038, 108, 0, 0.182565, 

263.038, 109, 0, 0.182736, 

263.038, 110, 0, 0.182913, 

263.038, 111, 0, 0.18309, 

263.038, 112, 0, 0.183263, 

263.038, 113, 0, 0.183425, 

263.038, 114, 0, 0.183575, 

263.038, 115, 0, 0.183707, 

263.038, 116, 0, 0.183819, 

263.038, 117, 0, 0.183906, 

263.038, 118, 0, 0.18396, 

263.038, 119, 0, 0.18396, 

268.468, 0, 0, 0.184265, 

268.468, 1, 0, 0.184265, 

268.468, 2, 0, 0.184264, 

268.468, 3, 0, 0.184264, 

268.468, 4, 0, 0.184264, 

268.468, 5, 0, 0.184264, 

268.468, 6, 0, 0.184264, 

268.468, 7, 0, 0.184263, 

268.468, 8, 0, 0.184263, 

268.468, 9, 0, 0.184262, 

268.468, 10, 0, 0.184262, 

268.468, 11, 0, 0.184261, 

268.468, 12, 0, 0.18426, 

268.468, 13, 0, 0.184259, 

268.468, 14, 0, 0.184258, 

268.468, 15, 0, 0.184256, 

268.468, 16, 0, 0.184255, 

268.468, 17, 0, 0.184253, 

268.468, 18, 0, 0.184251, 

268.468, 19, 0, 0.184248, 

268.468, 20, 0, 0.184245, 

268.468, 21, 0, 0.184242, 

268.468, 22, 0, 0.184238, 

268.468, 23, 0, 0.184233, 

268.468, 24, 0, 0.184227, 

268.468, 25, 0, 0.18422, 

268.468, 26, 0, 0.184211, 

268.468, 27, 0, 0.184202, 

268.468, 28, 0, 0.184191, 

268.468, 29, 0, 0.184178, 

268.468, 30, 0, 0.184164, 

268.468, 31, 0, 0.184149, 

268.468, 32, 0, 0.184133, 

268.468, 33, 0, 0.184116, 

268.468, 34, 0, 0.184099, 

268.468, 35, 0, 0.184083, 

268.468, 36, 0, 0.184067, 

268.468, 37, 0, 0.184054, 

268.468, 38, 0, 0.184042, 

268.468, 39, 0, 0.184032, 

268.468, 40, 0, 0.184026, 

268.468, 41, 0, 0.184022, 

268.468, 42, 0, 0.18402, 

268.468, 43, 0, 0.184022, 

268.468, 44, 0, 0.184025, 

268.468, 45, 0, 0.18403, 

268.468, 46, 0, 0.184036, 

268.468, 47, 0, 0.184044, 

268.468, 48, 0, 0.184051, 

268.468, 49, 0, 0.184058, 

268.468, 50, 0, 0.184065, 

268.468, 51, 0, 0.184072, 

268.468, 52, 0, 0.184078, 

268.468, 53, 0, 0.184083, 

268.468, 54, 0, 0.184087, 

268.468, 55, 0, 0.184091, 

268.468, 56, 0, 0.184094, 

268.468, 57, 0, 0.184097, 

268.468, 58, 0, 0.1841, 

268.468, 59, 0, 0.184102, 

268.468, 60, 0, 0.184103, 

268.468, 61, 0, 0.184104, 

268.468, 62, 0, 0.184105, 

268.468, 63, 0, 0.184105, 

268.468, 64, 0, 0.184104, 

268.468, 65, 0, 0.184103, 

268.468, 66, 0, 0.184101, 

268.468, 67, 0, 0.184099, 

268.468, 68, 0, 0.184097, 

268.468, 69, 0, 0.184095, 

268.468, 70, 0, 0.184093, 

268.468, 71, 0, 0.184091, 

268.468, 72, 0, 0.184089, 

268.468, 73, 0, 0.184088, 

268.468, 74, 0, 0.184087, 

268.468, 75, 0, 0.184086, 

268.468, 76, 0, 0.184084, 

268.468, 77, 0, 0.184082, 

268.468, 78, 0, 0.18408, 

268.468, 79, 0, 0.184077, 

268.468, 80, 0, 0.184074, 

268.468, 81, 0, 0.184071, 

268.468, 82, 0, 0.184067, 

268.468, 83, 0, 0.184063, 

268.468, 84, 0, 0.184059, 

268.468, 85, 0, 0.184055, 

268.468, 86, 0, 0.184051, 

268.468, 87, 0, 0.184048, 

268.468, 88, 0, 0.184045, 

268.468, 89, 0, 0.184042, 

268.468, 90, 0, 0.184039, 

268.468, 91, 0, 0.184035, 

268.468, 92, 0, 0.184031, 

268.468, 93, 0, 0.184026, 

268.468, 94, 0, 0.18402, 

268.468, 95, 0, 0.184014, 

268.468, 96, 0, 0.184007, 

268.468, 97, 0, 0.184001, 

268.468, 98, 0, 0.183994, 

268.468, 99, 0, 0.183989, 

268.468, 100, 0, 0.183986, 

268.468, 101, 0, 0.183985, 

268.468, 102, 0, 0.183987, 

268.468, 103, 0, 0.183991, 

268.468, 104, 0, 0.183999, 

268.468, 105, 0, 0.18401, 

268.468, 106, 0, 0.184024, 

268.468, 107, 0, 0.184041, 

268.468, 108, 0, 0.184059, 

268.468, 109, 0, 0.184079, 

268.468, 110, 0, 0.1841, 

268.468, 111, 0, 0.18412, 

268.468, 112, 0, 0.18414, 

268.468, 113, 0, 0.184159, 

268.468, 114, 0, 0.184176, 

268.468, 115, 0, 0.184192, 

268.468, 116, 0, 0.184205, 

268.468, 117, 0, 0.184215, 

268.468, 118, 0, 0.184221, 

268.468, 119, 0, 0.184221, 

273.899, 0, 0, 0.184214, 

273.899, 1, 0, 0.184214, 

273.899, 2, 0, 0.184214, 

273.899, 3, 0, 0.184214, 

273.899, 4, 0, 0.184214, 

273.899, 5, 0, 0.184214, 

273.899, 6, 0, 0.184214, 

273.899, 7, 0, 0.184214, 

273.899, 8, 0, 0.184214, 

273.899, 9, 0, 0.184214, 

273.899, 10, 0, 0.184213, 

273.899, 11, 0, 0.184213, 

273.899, 12, 0, 0.184213, 

273.899, 13, 0, 0.184213, 

273.899, 14, 0, 0.184213, 

273.899, 15, 0, 0.184213, 

273.899, 16, 0, 0.184213, 

273.899, 17, 0, 0.184213, 

273.899, 18, 0, 0.184213, 

273.899, 19, 0, 0.184213, 

273.899, 20, 0, 0.184212, 

273.899, 21, 0, 0.184212, 

273.899, 22, 0, 0.184212, 

273.899, 23, 0, 0.184211, 

273.899, 24, 0, 0.184211, 

273.899, 25, 0, 0.18421, 

273.899, 26, 0, 0.18421, 

273.899, 27, 0, 0.184209, 

273.899, 28, 0, 0.184208, 

273.899, 29, 0, 0.184207, 

273.899, 30, 0, 0.184206, 

273.899, 31, 0, 0.184205, 

273.899, 32, 0, 0.184204, 

273.899, 33, 0, 0.184202, 

273.899, 34, 0, 0.184201, 

273.899, 35, 0, 0.1842, 

273.899, 36, 0, 0.184199, 

273.899, 37, 0, 0.184198, 

273.899, 38, 0, 0.184197, 

273.899, 39, 0, 0.184196, 

273.899, 40, 0, 0.184195, 

273.899, 41, 0, 0.184195, 

273.899, 42, 0, 0.184195, 

273.899, 43, 0, 0.184195, 

273.899, 44, 0, 0.184195, 

273.899, 45, 0, 0.184196, 

273.899, 46, 0, 0.184196, 

273.899, 47, 0, 0.184197, 

273.899, 48, 0, 0.184198, 

273.899, 49, 0, 0.184198, 

273.899, 50, 0, 0.184199, 

273.899, 51, 0, 0.184199, 

273.899, 52, 0, 0.1842, 

273.899, 53, 0, 0.1842, 

273.899, 54, 0, 0.184201, 

273.899, 55, 0, 0.184201, 

273.899, 56, 0, 0.184201, 

273.899, 57, 0, 0.184202, 

273.899, 58, 0, 0.184202, 

273.899, 59, 0, 0.184202, 

273.899, 60, 0, 0.184202, 

273.899, 61, 0, 0.184202, 

273.899, 62, 0, 0.184202, 

273.899, 63, 0, 0.184202, 

273.899, 64, 0, 0.184202, 

273.899, 65, 0, 0.184202, 

273.899, 66, 0, 0.184202, 

273.899, 67, 0, 0.184202, 

273.899, 68, 0, 0.184202, 

273.899, 69, 0, 0.184202, 

273.899, 70, 0, 0.184201, 

273.899, 71, 0, 0.184201, 

273.899, 72, 0, 0.184201, 

273.899, 73, 0, 0.184201, 

273.899, 74, 0, 0.184201, 

273.899, 75, 0, 0.184201, 

273.899, 76, 0, 0.184201, 

273.899, 77, 0, 0.1842, 

273.899, 78, 0, 0.1842, 

273.899, 79, 0, 0.1842, 

273.899, 80, 0, 0.1842, 

273.899, 81, 0, 0.184199, 

273.899, 82, 0, 0.184199, 

273.899, 83, 0, 0.184199, 

273.899, 84, 0, 0.184199, 

273.899, 85, 0, 0.184198, 

273.899, 86, 0, 0.184198, 

273.899, 87, 0, 0.184198, 

273.899, 88, 0, 0.184197, 

273.899, 89, 0, 0.184197, 

273.899, 90, 0, 0.184197, 

273.899, 91, 0, 0.184196, 

273.899, 92, 0, 0.184196, 

273.899, 93, 0, 0.184195, 

273.899, 94, 0, 0.184195, 

273.899, 95, 0, 0.184194, 

273.899, 96, 0, 0.184194, 

273.899, 97, 0, 0.184193, 

273.899, 98, 0, 0.184193, 

273.899, 99, 0, 0.184192, 

273.899, 100, 0, 0.184192, 

273.899, 101, 0, 0.184192, 

273.899, 102, 0, 0.184192, 

273.899, 103, 0, 0.184192, 

273.899, 104, 0, 0.184193, 

273.899, 105, 0, 0.184194, 

273.899, 106, 0, 0.184195, 

273.899, 107, 0, 0.184196, 

273.899, 108, 0, 0.184197, 

273.899, 109, 0, 0.184199, 

273.899, 110, 0, 0.184201, 

273.899, 111, 0, 0.184202, 

273.899, 112, 0, 0.184204, 

273.899, 113, 0, 0.184205, 

273.899, 114, 0, 0.184207, 

273.899, 115, 0, 0.184208, 

273.899, 116, 0, 0.184209, 

273.899, 117, 0, 0.18421, 

273.899, 118, 0, 0.18421, 

273.899, 119, 0, 0.18421, 

279.329, 0, 0, 0.184179, 

279.329, 1, 0, 0.184179, 

279.329, 2, 0, 0.184179, 

279.329, 3, 0, 0.184179, 

279.329, 4, 0, 0.184179, 

279.329, 5, 0, 0.184179, 

279.329, 6, 0, 0.184179, 

279.329, 7, 0, 0.184179, 

279.329, 8, 0, 0.184179, 

279.329, 9, 0, 0.184179, 

279.329, 10, 0, 0.184179, 

279.329, 11, 0, 0.184179, 

279.329, 12, 0, 0.184179, 

279.329, 13, 0, 0.184179, 

279.329, 14, 0, 0.184179, 

279.329, 15, 0, 0.184179, 

279.329, 16, 0, 0.184179, 

279.329, 17, 0, 0.184179, 

279.329, 18, 0, 0.184179, 

279.329, 19, 0, 0.184179, 

279.329, 20, 0, 0.184179, 

279.329, 21, 0, 0.184179, 

279.329, 22, 0, 0.184179, 

279.329, 23, 0, 0.184179, 

279.329, 24, 0, 0.184179, 

279.329, 25, 0, 0.184179, 

279.329, 26, 0, 0.184178, 

279.329, 27, 0, 0.184178, 

279.329, 28, 0, 0.184178, 

279.329, 29, 0, 0.184178, 

279.329, 30, 0, 0.184178, 

279.329, 31, 0, 0.184178, 

279.329, 32, 0, 0.184178, 

279.329, 33, 0, 0.184178, 

279.329, 34, 0, 0.184178, 

279.329, 35, 0, 0.184178, 

279.329, 36, 0, 0.184178, 

279.329, 37, 0, 0.184178, 

279.329, 38, 0, 0.184178, 

279.329, 39, 0, 0.184178, 

279.329, 40, 0, 0.184178, 

279.329, 41, 0, 0.184178, 

279.329, 42, 0, 0.184178, 

279.329, 43, 0, 0.184178, 

279.329, 44, 0, 0.184178, 

279.329, 45, 0, 0.184178, 

279.329, 46, 0, 0.184178, 

279.329, 47, 0, 0.184178, 

279.329, 48, 0, 0.184178, 

279.329, 49, 0, 0.184178, 

279.329, 50, 0, 0.184178, 

279.329, 51, 0, 0.184178, 

279.329, 52, 0, 0.184178, 

279.329, 53, 0, 0.184178, 

279.329, 54, 0, 0.184178, 

279.329, 55, 0, 0.184178, 

279.329, 56, 0, 0.184178, 

279.329, 57, 0, 0.184178, 

279.329, 58, 0, 0.184178, 

279.329, 59, 0, 0.184178, 

279.329, 60, 0, 0.184178, 

279.329, 61, 0, 0.184178, 

279.329, 62, 0, 0.184178, 

279.329, 63, 0, 0.184178, 

279.329, 64, 0, 0.184178, 

279.329, 65, 0, 0.184178, 

279.329, 66, 0, 0.184178, 

279.329, 67, 0, 0.184178, 

279.329, 68, 0, 0.184178, 

279.329, 69, 0, 0.184178, 

279.329, 70, 0, 0.184178, 

279.329, 71, 0, 0.184178, 

279.329, 72, 0, 0.184178, 

279.329, 73, 0, 0.184178, 

279.329, 74, 0, 0.184178, 

279.329, 75, 0, 0.184178, 

279.329, 76, 0, 0.184178, 

279.329, 77, 0, 0.184178, 

279.329, 78, 0, 0.184178, 

279.329, 79, 0, 0.184178, 

279.329, 80, 0, 0.184178, 

279.329, 81, 0, 0.184178, 

279.329, 82, 0, 0.184178, 

279.329, 83, 0, 0.184178, 

279.329, 84, 0, 0.184178, 

279.329, 85, 0, 0.184178, 

279.329, 86, 0, 0.184178, 

279.329, 87, 0, 0.184178, 

279.329, 88, 0, 0.184178, 

279.329, 89, 0, 0.184178, 

279.329, 90, 0, 0.184178, 

279.329, 91, 0, 0.184178, 

279.329, 92, 0, 0.184178, 

279.329, 93, 0, 0.184178, 

279.329, 94, 0, 0.184178, 

279.329, 95, 0, 0.184178, 

279.329, 96, 0, 0.184178, 

279.329, 97, 0, 0.184178, 

279.329, 98, 0, 0.184178, 

279.329, 99, 0, 0.184178, 

279.329, 100, 0, 0.184177, 

279.329, 101, 0, 0.184177, 

279.329, 102, 0, 0.184177, 

279.329, 103, 0, 0.184178, 

279.329, 104, 0, 0.184178, 

279.329, 105, 0, 0.184178, 

279.329, 106, 0, 0.184178, 

279.329, 107, 0, 0.184178, 

279.329, 108, 0, 0.184178, 

279.329, 109, 0, 0.184178, 

279.329, 110, 0, 0.184178, 

279.329, 111, 0, 0.184178, 

279.329, 112, 0, 0.184178, 

279.329, 113, 0, 0.184178, 

279.329, 114, 0, 0.184178, 

279.329, 115, 0, 0.184178, 

279.329, 116, 0, 0.184178, 

279.329, 117, 0, 0.184178, 

279.329, 118, 0, 0.184179, 

279.329, 119, 0, 0.184179, 

284.759, 0, 0, 0.184155, 

284.759, 1, 0, 0.184155, 

284.759, 2, 0, 0.184155, 

284.759, 3, 0, 0.184155, 

284.759, 4, 0, 0.184155, 

284.759, 5, 0, 0.184155, 

284.759, 6, 0, 0.184155, 

284.759, 7, 0, 0.184155, 

284.759, 8, 0, 0.184155, 

284.759, 9, 0, 0.184155, 

284.759, 10, 0, 0.184155, 

284.759, 11, 0, 0.184155, 

284.759, 12, 0, 0.184155, 

284.759, 13, 0, 0.184155, 

284.759, 14, 0, 0.184155, 

284.759, 15, 0, 0.184155, 

284.759, 16, 0, 0.184155, 

284.759, 17, 0, 0.184155, 

284.759, 18, 0, 0.184155, 

284.759, 19, 0, 0.184155, 

284.759, 20, 0, 0.184155, 

284.759, 21, 0, 0.184155, 

284.759, 22, 0, 0.184155, 

284.759, 23, 0, 0.184155, 

284.759, 24, 0, 0.184155, 

284.759, 25, 0, 0.184155, 

284.759, 26, 0, 0.184155, 

284.759, 27, 0, 0.184155, 

284.759, 28, 0, 0.184155, 

284.759, 29, 0, 0.184155, 

284.759, 30, 0, 0.184155, 

284.759, 31, 0, 0.184155, 

284.759, 32, 0, 0.184155, 

284.759, 33, 0, 0.184155, 

284.759, 34, 0, 0.184155, 

284.759, 35, 0, 0.184155, 

284.759, 36, 0, 0.184155, 

284.759, 37, 0, 0.184155, 

284.759, 38, 0, 0.184155, 

284.759, 39, 0, 0.184155, 

284.759, 40, 0, 0.184155, 

284.759, 41, 0, 0.184155, 

284.759, 42, 0, 0.184155, 

284.759, 43, 0, 0.184155, 

284.759, 44, 0, 0.184155, 

284.759, 45, 0, 0.184155, 

284.759, 46, 0, 0.184155, 

284.759, 47, 0, 0.184155, 

284.759, 48, 0, 0.184155, 

284.759, 49, 0, 0.184155, 

284.759, 50, 0, 0.184155, 

284.759, 51, 0, 0.184155, 

284.759, 52, 0, 0.184155, 

284.759, 53, 0, 0.184155, 

284.759, 54, 0, 0.184155, 

284.759, 55, 0, 0.184155, 

284.759, 56, 0, 0.184155, 

284.759, 57, 0, 0.184155, 

284.759, 58, 0, 0.184155, 

284.759, 59, 0, 0.184155, 

284.759, 60, 0, 0.184155, 

284.759, 61, 0, 0.184155, 

284.759, 62, 0, 0.184155, 

284.759, 63, 0, 0.184155, 

284.759, 64, 0, 0.184155, 

284.759, 65, 0, 0.184155, 

284.759, 66, 0, 0.184155, 

284.759, 67, 0, 0.184155, 

284.759, 68, 0, 0.184155, 

284.759, 69, 0, 0.184155, 

284.759, 70, 0, 0.184155, 

284.759, 71, 0, 0.184155, 

284.759, 72, 0, 0.184155, 

284.759, 73, 0, 0.184155, 

284.759, 74, 0, 0.184155, 

284.759, 75, 0, 0.184155, 

284.759, 76, 0, 0.184155, 

284.759, 77, 0, 0.184155, 

284.759, 78, 0, 0.184155, 

284.759, 79, 0, 0.184155, 

284.759, 80, 0, 0.184155, 

284.759, 81, 0, 0.184155, 

284.759, 82, 0, 0.184155, 

284.759, 83, 0, 0.184155, 

284.759, 84, 0, 0.184155, 

284.759, 85, 0, 0.184155, 

284.759, 86, 0, 0.184155, 

284.759, 87, 0, 0.184155, 

284.759, 88, 0, 0.184155, 

284.759, 89, 0, 0.184155, 

284.759, 90, 0, 0.184155, 

284.759, 91, 0, 0.184155, 

284.759, 92, 0, 0.184155, 

284.759, 93, 0, 0.184155, 

284.759, 94, 0, 0.184155, 

284.759, 95, 0, 0.184155, 

284.759, 96, 0, 0.184155, 

284.759, 97, 0, 0.184155, 

284.759, 98, 0, 0.184155, 

284.759, 99, 0, 0.184155, 

284.759, 100, 0, 0.184155, 

284.759, 101, 0, 0.184155, 

284.759, 102, 0, 0.184155, 

284.759, 103, 0, 0.184155, 

284.759, 104, 0, 0.184155, 

284.759, 105, 0, 0.184155, 

284.759, 106, 0, 0.184155, 

284.759, 107, 0, 0.184155, 

284.759, 108, 0, 0.184155, 

284.759, 109, 0, 0.184155, 

284.759, 110, 0, 0.184155, 

284.759, 111, 0, 0.184155, 

284.759, 112, 0, 0.184155, 

284.759, 113, 0, 0.184155, 

284.759, 114, 0, 0.184155, 

284.759, 115, 0, 0.184155, 

284.759, 116, 0, 0.184155, 

284.759, 117, 0, 0.184155, 

284.759, 118, 0, 0.184155, 

284.759, 119, 0, 0.184155, 

290.19, 0, 0, 0.184139, 

290.19, 1, 0, 0.184139, 

290.19, 2, 0, 0.184139, 

290.19, 3, 0, 0.184139, 

290.19, 4, 0, 0.184139, 

290.19, 5, 0, 0.184139, 

290.19, 6, 0, 0.184139, 

290.19, 7, 0, 0.184139, 

290.19, 8, 0, 0.184139, 

290.19, 9, 0, 0.184139, 

290.19, 10, 0, 0.184139, 

290.19, 11, 0, 0.184139, 

290.19, 12, 0, 0.184139, 

290.19, 13, 0, 0.184139, 

290.19, 14, 0, 0.184139, 

290.19, 15, 0, 0.184139, 

290.19, 16, 0, 0.184139, 

290.19, 17, 0, 0.184139, 

290.19, 18, 0, 0.184139, 

290.19, 19, 0, 0.184139, 

290.19, 20, 0, 0.184139, 

290.19, 21, 0, 0.184139, 

290.19, 22, 0, 0.184139, 

290.19, 23, 0, 0.184139, 

290.19, 24, 0, 0.184139, 

290.19, 25, 0, 0.184139, 

290.19, 26, 0, 0.184139, 

290.19, 27, 0, 0.184139, 

290.19, 28, 0, 0.184139, 

290.19, 29, 0, 0.184139, 

290.19, 30, 0, 0.184139, 

290.19, 31, 0, 0.184139, 

290.19, 32, 0, 0.184139, 

290.19, 33, 0, 0.184139, 

290.19, 34, 0, 0.184139, 

290.19, 35, 0, 0.184139, 

290.19, 36, 0, 0.184139, 

290.19, 37, 0, 0.184139, 

290.19, 38, 0, 0.184139, 

290.19, 39, 0, 0.184139, 

290.19, 40, 0, 0.184139, 

290.19, 41, 0, 0.184139, 

290.19, 42, 0, 0.184139, 

290.19, 43, 0, 0.184139, 

290.19, 44, 0, 0.184139, 

290.19, 45, 0, 0.184139, 

290.19, 46, 0, 0.184139, 

290.19, 47, 0, 0.184139, 

290.19, 48, 0, 0.184139, 

290.19, 49, 0, 0.184139, 

290.19, 50, 0, 0.184139, 

290.19, 51, 0, 0.184139, 

290.19, 52, 0, 0.184139, 

290.19, 53, 0, 0.184139, 

290.19, 54, 0, 0.184139, 

290.19, 55, 0, 0.184139, 

290.19, 56, 0, 0.184139, 

290.19, 57, 0, 0.184139, 

290.19, 58, 0, 0.184139, 

290.19, 59, 0, 0.184139, 

290.19, 60, 0, 0.184139, 

290.19, 61, 0, 0.184139, 

290.19, 62, 0, 0.184139, 

290.19, 63, 0, 0.184139, 

290.19, 64, 0, 0.184139, 

290.19, 65, 0, 0.184139, 

290.19, 66, 0, 0.184139, 

290.19, 67, 0, 0.184139, 

290.19, 68, 0, 0.184139, 

290.19, 69, 0, 0.184139, 

290.19, 70, 0, 0.184139, 

290.19, 71, 0, 0.184139, 

290.19, 72, 0, 0.184139, 

290.19, 73, 0, 0.184139, 

290.19, 74, 0, 0.184139, 

290.19, 75, 0, 0.184139, 

290.19, 76, 0, 0.184139, 

290.19, 77, 0, 0.184139, 

290.19, 78, 0, 0.184139, 

290.19, 79, 0, 0.184139, 

290.19, 80, 0, 0.184139, 

290.19, 81, 0, 0.184139, 

290.19, 82, 0, 0.184139, 

290.19, 83, 0, 0.184139, 

290.19, 84, 0, 0.184139, 

290.19, 85, 0, 0.184139, 

290.19, 86, 0, 0.184139, 

290.19, 87, 0, 0.184139, 

290.19, 88, 0, 0.184139, 

290.19, 89, 0, 0.184139, 

290.19, 90, 0, 0.184139, 

290.19, 91, 0, 0.184139, 

290.19, 92, 0, 0.184139, 

290.19, 93, 0, 0.184139, 

290.19, 94, 0, 0.184139, 

290.19, 95, 0, 0.184139, 

290.19, 96, 0, 0.184139, 

290.19, 97, 0, 0.184139, 

290.19, 98, 0, 0.184139, 

290.19, 99, 0, 0.184139, 

290.19, 100, 0, 0.184139, 

290.19, 101, 0, 0.184139, 

290.19, 102, 0, 0.184139, 

290.19, 103, 0, 0.184139, 

290.19, 104, 0, 0.184139, 

290.19, 105, 0, 0.184139, 

290.19, 106, 0, 0.184139, 

290.19, 107, 0, 0.184139, 

290.19, 108, 0, 0.184139, 

290.19, 109, 0, 0.184139, 

290.19, 110, 0, 0.184139, 

290.19, 111, 0, 0.184139, 

290.19, 112, 0, 0.184139, 

290.19, 113, 0, 0.184139, 

290.19, 114, 0, 0.184139, 

290.19, 115, 0, 0.184139, 

290.19, 116, 0, 0.184139, 

290.19, 117, 0, 0.184139, 

290.19, 118, 0, 0.184139, 

290.19, 119, 0, 0.184139, 

295.62, 0, 0, 0.184129, 

295.62, 1, 0, 0.184129, 

295.62, 2, 0, 0.184129, 

295.62, 3, 0, 0.184129, 

295.62, 4, 0, 0.184129, 

295.62, 5, 0, 0.184129, 

295.62, 6, 0, 0.184129, 

295.62, 7, 0, 0.184129, 

295.62, 8, 0, 0.184129, 

295.62, 9, 0, 0.184129, 

295.62, 10, 0, 0.184129, 

295.62, 11, 0, 0.184129, 

295.62, 12, 0, 0.184129, 

295.62, 13, 0, 0.184129, 

295.62, 14, 0, 0.184129, 

295.62, 15, 0, 0.184129, 

295.62, 16, 0, 0.184129, 

295.62, 17, 0, 0.184129, 

295.62, 18, 0, 0.184129, 

295.62, 19, 0, 0.184129, 

295.62, 20, 0, 0.184129, 

295.62, 21, 0, 0.184129, 

295.62, 22, 0, 0.184129, 

295.62, 23, 0, 0.184129, 

295.62, 24, 0, 0.184129, 

295.62, 25, 0, 0.184129, 

295.62, 26, 0, 0.184129, 

295.62, 27, 0, 0.184129, 

295.62, 28, 0, 0.184129, 

295.62, 29, 0, 0.184129, 

295.62, 30, 0, 0.184129, 

295.62, 31, 0, 0.184129, 

295.62, 32, 0, 0.184129, 

295.62, 33, 0, 0.184129, 

295.62, 34, 0, 0.184129, 

295.62, 35, 0, 0.184129, 

295.62, 36, 0, 0.184129, 

295.62, 37, 0, 0.184129, 

295.62, 38, 0, 0.184129, 

295.62, 39, 0, 0.184129, 

295.62, 40, 0, 0.184129, 

295.62, 41, 0, 0.184129, 

295.62, 42, 0, 0.184129, 

295.62, 43, 0, 0.184129, 

295.62, 44, 0, 0.184129, 

295.62, 45, 0, 0.184129, 

295.62, 46, 0, 0.184129, 

295.62, 47, 0, 0.184129, 

295.62, 48, 0, 0.184129, 

295.62, 49, 0, 0.184129, 

295.62, 50, 0, 0.184129, 

295.62, 51, 0, 0.184129, 

295.62, 52, 0, 0.184129, 

295.62, 53, 0, 0.184129, 

295.62, 54, 0, 0.184129, 

295.62, 55, 0, 0.184129, 

295.62, 56, 0, 0.184129, 

295.62, 57, 0, 0.184129, 

295.62, 58, 0, 0.184129, 

295.62, 59, 0, 0.184129, 

295.62, 60, 0, 0.184129, 

295.62, 61, 0, 0.184129, 

295.62, 62, 0, 0.184129, 

295.62, 63, 0, 0.184129, 

295.62, 64, 0, 0.184129, 

295.62, 65, 0, 0.184129, 

295.62, 66, 0, 0.184129, 

295.62, 67, 0, 0.184129, 

295.62, 68, 0, 0.184129, 

295.62, 69, 0, 0.184129, 

295.62, 70, 0, 0.184129, 

295.62, 71, 0, 0.184129, 

295.62, 72, 0, 0.184129, 

295.62, 73, 0, 0.184129, 

295.62, 74, 0, 0.184129, 

295.62, 75, 0, 0.184129, 

295.62, 76, 0, 0.184129, 

295.62, 77, 0, 0.184129, 

295.62, 78, 0, 0.184129, 

295.62, 79, 0, 0.184129, 

295.62, 80, 0, 0.184129, 

295.62, 81, 0, 0.184129, 

295.62, 82, 0, 0.184129, 

295.62, 83, 0, 0.184129, 

295.62, 84, 0, 0.184129, 

295.62, 85, 0, 0.184129, 

295.62, 86, 0, 0.184129, 

295.62, 87, 0, 0.184129, 

295.62, 88, 0, 0.184129, 

295.62, 89, 0, 0.184129, 

295.62, 90, 0, 0.184129, 

295.62, 91, 0, 0.184129, 

295.62, 92, 0, 0.184129, 

295.62, 93, 0, 0.184129, 

295.62, 94, 0, 0.184129, 

295.62, 95, 0, 0.184129, 

295.62, 96, 0, 0.184129, 

295.62, 97, 0, 0.184129, 

295.62, 98, 0, 0.184129, 

295.62, 99, 0, 0.184129, 

295.62, 100, 0, 0.184129, 

295.62, 101, 0, 0.184129, 

295.62, 102, 0, 0.184129, 

295.62, 103, 0, 0.184129, 

295.62, 104, 0, 0.184129, 

295.62, 105, 0, 0.184129, 

295.62, 106, 0, 0.184129, 

295.62, 107, 0, 0.184129, 

295.62, 108, 0, 0.184129, 

295.62, 109, 0, 0.184129, 

295.62, 110, 0, 0.184129, 

295.62, 111, 0, 0.184129, 

295.62, 112, 0, 0.184129, 

295.62, 113, 0, 0.184129, 

295.62, 114, 0, 0.184129, 

295.62, 115, 0, 0.184129, 

295.62, 116, 0, 0.184129, 

295.62, 117, 0, 0.184129, 

295.62, 118, 0, 0.184129, 

295.62, 119, 0, 0.184129, 

301.05, 0, 0, 0.184122, 

301.05, 1, 0, 0.184122, 

301.05, 2, 0, 0.184122, 

301.05, 3, 0, 0.184122, 

301.05, 4, 0, 0.184122, 

301.05, 5, 0, 0.184122, 

301.05, 6, 0, 0.184122, 

301.05, 7, 0, 0.184122, 

301.05, 8, 0, 0.184122, 

301.05, 9, 0, 0.184122, 

301.05, 10, 0, 0.184122, 

301.05, 11, 0, 0.184122, 

301.05, 12, 0, 0.184122, 

301.05, 13, 0, 0.184122, 

301.05, 14, 0, 0.184122, 

301.05, 15, 0, 0.184122, 

301.05, 16, 0, 0.184122, 

301.05, 17, 0, 0.184122, 

301.05, 18, 0, 0.184122, 

301.05, 19, 0, 0.184122, 

301.05, 20, 0, 0.184122, 

301.05, 21, 0, 0.184122, 

301.05, 22, 0, 0.184122, 

301.05, 23, 0, 0.184122, 

301.05, 24, 0, 0.184122, 

301.05, 25, 0, 0.184122, 

301.05, 26, 0, 0.184122, 

301.05, 27, 0, 0.184122, 

301.05, 28, 0, 0.184122, 

301.05, 29, 0, 0.184122, 

301.05, 30, 0, 0.184122, 

301.05, 31, 0, 0.184122, 

301.05, 32, 0, 0.184122, 

301.05, 33, 0, 0.184122, 

301.05, 34, 0, 0.184122, 

301.05, 35, 0, 0.184122, 

301.05, 36, 0, 0.184122, 

301.05, 37, 0, 0.184122, 

301.05, 38, 0, 0.184122, 

301.05, 39, 0, 0.184122, 

301.05, 40, 0, 0.184122, 

301.05, 41, 0, 0.184122, 

301.05, 42, 0, 0.184122, 

301.05, 43, 0, 0.184122, 

301.05, 44, 0, 0.184122, 

301.05, 45, 0, 0.184122, 

301.05, 46, 0, 0.184122, 

301.05, 47, 0, 0.184122, 

301.05, 48, 0, 0.184122, 

301.05, 49, 0, 0.184122, 

301.05, 50, 0, 0.184122, 

301.05, 51, 0, 0.184122, 

301.05, 52, 0, 0.184122, 

301.05, 53, 0, 0.184122, 

301.05, 54, 0, 0.184122, 

301.05, 55, 0, 0.184122, 

301.05, 56, 0, 0.184122, 

301.05, 57, 0, 0.184122, 

301.05, 58, 0, 0.184122, 

301.05, 59, 0, 0.184122, 

301.05, 60, 0, 0.184122, 

301.05, 61, 0, 0.184122, 

301.05, 62, 0, 0.184122, 

301.05, 63, 0, 0.184122, 

301.05, 64, 0, 0.184122, 

301.05, 65, 0, 0.184122, 

301.05, 66, 0, 0.184122, 

301.05, 67, 0, 0.184122, 

301.05, 68, 0, 0.184122, 

301.05, 69, 0, 0.184122, 

301.05, 70, 0, 0.184122, 

301.05, 71, 0, 0.184122, 

301.05, 72, 0, 0.184122, 

301.05, 73, 0, 0.184122, 

301.05, 74, 0, 0.184122, 

301.05, 75, 0, 0.184122, 

301.05, 76, 0, 0.184122, 

301.05, 77, 0, 0.184122, 

301.05, 78, 0, 0.184122, 

301.05, 79, 0, 0.184122, 

301.05, 80, 0, 0.184122, 

301.05, 81, 0, 0.184122, 

301.05, 82, 0, 0.184122, 

301.05, 83, 0, 0.184122, 

301.05, 84, 0, 0.184122, 

301.05, 85, 0, 0.184122, 

301.05, 86, 0, 0.184122, 

301.05, 87, 0, 0.184122, 

301.05, 88, 0, 0.184122, 

301.05, 89, 0, 0.184122, 

301.05, 90, 0, 0.184122, 

301.05, 91, 0, 0.184122, 

301.05, 92, 0, 0.184122, 

301.05, 93, 0, 0.184122, 

301.05, 94, 0, 0.184122, 

301.05, 95, 0, 0.184122, 

301.05, 96, 0, 0.184122, 

301.05, 97, 0, 0.184122, 

301.05, 98, 0, 0.184122, 

301.05, 99, 0, 0.184122, 

301.05, 100, 0, 0.184122, 

301.05, 101, 0, 0.184122, 

301.05, 102, 0, 0.184122, 

301.05, 103, 0, 0.184122, 

301.05, 104, 0, 0.184122, 

301.05, 105, 0, 0.184122, 

301.05, 106, 0, 0.184122, 

301.05, 107, 0, 0.184122, 

301.05, 108, 0, 0.184122, 

301.05, 109, 0, 0.184122, 

301.05, 110, 0, 0.184122, 

301.05, 111, 0, 0.184122, 

301.05, 112, 0, 0.184122, 

301.05, 113, 0, 0.184122, 

301.05, 114, 0, 0.184122, 

301.05, 115, 0, 0.184122, 

301.05, 116, 0, 0.184122, 

301.05, 117, 0, 0.184122, 

301.05, 118, 0, 0.184122, 

301.05, 119, 0, 0.184122, 

306.481, 0, 0, 0.184117, 

306.481, 1, 0, 0.184117, 

306.481, 2, 0, 0.184117, 

306.481, 3, 0, 0.184117, 

306.481, 4, 0, 0.184117, 

306.481, 5, 0, 0.184117, 

306.481, 6, 0, 0.184117, 

306.481, 7, 0, 0.184117, 

306.481, 8, 0, 0.184117, 

306.481, 9, 0, 0.184117, 

306.481, 10, 0, 0.184117, 

306.481, 11, 0, 0.184117, 

306.481, 12, 0, 0.184117, 

306.481, 13, 0, 0.184117, 

306.481, 14, 0, 0.184117, 

306.481, 15, 0, 0.184117, 

306.481, 16, 0, 0.184117, 

306.481, 17, 0, 0.184117, 

306.481, 18, 0, 0.184117, 

306.481, 19, 0, 0.184117, 

306.481, 20, 0, 0.184117, 

306.481, 21, 0, 0.184117, 

306.481, 22, 0, 0.184117, 

306.481, 23, 0, 0.184117, 

306.481, 24, 0, 0.184117, 

306.481, 25, 0, 0.184117, 

306.481, 26, 0, 0.184117, 

306.481, 27, 0, 0.184117, 

306.481, 28, 0, 0.184117, 

306.481, 29, 0, 0.184117, 

306.481, 30, 0, 0.184117, 

306.481, 31, 0, 0.184117, 

306.481, 32, 0, 0.184117, 

306.481, 33, 0, 0.184117, 

306.481, 34, 0, 0.184117, 

306.481, 35, 0, 0.184117, 

306.481, 36, 0, 0.184117, 

306.481, 37, 0, 0.184117, 

306.481, 38, 0, 0.184117, 

306.481, 39, 0, 0.184117, 

306.481, 40, 0, 0.184117, 

306.481, 41, 0, 0.184117, 

306.481, 42, 0, 0.184117, 

306.481, 43, 0, 0.184117, 

306.481, 44, 0, 0.184117, 

306.481, 45, 0, 0.184117, 

306.481, 46, 0, 0.184117, 

306.481, 47, 0, 0.184117, 

306.481, 48, 0, 0.184117, 

306.481, 49, 0, 0.184117, 

306.481, 50, 0, 0.184117, 

306.481, 51, 0, 0.184117, 

306.481, 52, 0, 0.184117, 

306.481, 53, 0, 0.184117, 

306.481, 54, 0, 0.184117, 

306.481, 55, 0, 0.184117, 

306.481, 56, 0, 0.184117, 

306.481, 57, 0, 0.184117, 

306.481, 58, 0, 0.184117, 

306.481, 59, 0, 0.184117, 

306.481, 60, 0, 0.184117, 

306.481, 61, 0, 0.184117, 

306.481, 62, 0, 0.184117, 

306.481, 63, 0, 0.184117, 

306.481, 64, 0, 0.184117, 

306.481, 65, 0, 0.184117, 

306.481, 66, 0, 0.184117, 

306.481, 67, 0, 0.184117, 

306.481, 68, 0, 0.184117, 

306.481, 69, 0, 0.184117, 

306.481, 70, 0, 0.184117, 

306.481, 71, 0, 0.184117, 

306.481, 72, 0, 0.184117, 

306.481, 73, 0, 0.184117, 

306.481, 74, 0, 0.184117, 

306.481, 75, 0, 0.184117, 

306.481, 76, 0, 0.184117, 

306.481, 77, 0, 0.184117, 

306.481, 78, 0, 0.184117, 

306.481, 79, 0, 0.184117, 

306.481, 80, 0, 0.184117, 

306.481, 81, 0, 0.184117, 

306.481, 82, 0, 0.184117, 

306.481, 83, 0, 0.184117, 

306.481, 84, 0, 0.184117, 

306.481, 85, 0, 0.184117, 

306.481, 86, 0, 0.184117, 

306.481, 87, 0, 0.184117, 

306.481, 88, 0, 0.184117, 

306.481, 89, 0, 0.184117, 

306.481, 90, 0, 0.184117, 

306.481, 91, 0, 0.184117, 

306.481, 92, 0, 0.184117, 

306.481, 93, 0, 0.184117, 

306.481, 94, 0, 0.184117, 

306.481, 95, 0, 0.184117, 

306.481, 96, 0, 0.184117, 

306.481, 97, 0, 0.184117, 

306.481, 98, 0, 0.184117, 

306.481, 99, 0, 0.184117, 

306.481, 100, 0, 0.184117, 

306.481, 101, 0, 0.184117, 

306.481, 102, 0, 0.184117, 

306.481, 103, 0, 0.184117, 

306.481, 104, 0, 0.184117, 

306.481, 105, 0, 0.184117, 

306.481, 106, 0, 0.184117, 

306.481, 107, 0, 0.184117, 

306.481, 108, 0, 0.184117, 

306.481, 109, 0, 0.184117, 

306.481, 110, 0, 0.184117, 

306.481, 111, 0, 0.184117, 

306.481, 112, 0, 0.184117, 

306.481, 113, 0, 0.184117, 

306.481, 114, 0, 0.184117, 

306.481, 115, 0, 0.184117, 

306.481, 116, 0, 0.184117, 

306.481, 117, 0, 0.184117, 

306.481, 118, 0, 0.184117, 

306.481, 119, 0, 0.184117, 

311.911, 0, 0, 0.184114, 

311.911, 1, 0, 0.184114, 

311.911, 2, 0, 0.184114, 

311.911, 3, 0, 0.184114, 

311.911, 4, 0, 0.184114, 

311.911, 5, 0, 0.184114, 

311.911, 6, 0, 0.184114, 

311.911, 7, 0, 0.184114, 

311.911, 8, 0, 0.184114, 

311.911, 9, 0, 0.184114, 

311.911, 10, 0, 0.184114, 

311.911, 11, 0, 0.184114, 

311.911, 12, 0, 0.184114, 

311.911, 13, 0, 0.184114, 

311.911, 14, 0, 0.184114, 

311.911, 15, 0, 0.184114, 

311.911, 16, 0, 0.184114, 

311.911, 17, 0, 0.184114, 

311.911, 18, 0, 0.184114, 

311.911, 19, 0, 0.184114, 

311.911, 20, 0, 0.184114, 

311.911, 21, 0, 0.184114, 

311.911, 22, 0, 0.184114, 

311.911, 23, 0, 0.184114, 

311.911, 24, 0, 0.184114, 

311.911, 25, 0, 0.184114, 

311.911, 26, 0, 0.184114, 

311.911, 27, 0, 0.184114, 

311.911, 28, 0, 0.184114, 

311.911, 29, 0, 0.184114, 

311.911, 30, 0, 0.184114, 

311.911, 31, 0, 0.184114, 

311.911, 32, 0, 0.184114, 

311.911, 33, 0, 0.184114, 

311.911, 34, 0, 0.184114, 

311.911, 35, 0, 0.184114, 

311.911, 36, 0, 0.184114, 

311.911, 37, 0, 0.184114, 

311.911, 38, 0, 0.184114, 

311.911, 39, 0, 0.184114, 

311.911, 40, 0, 0.184114, 

311.911, 41, 0, 0.184114, 

311.911, 42, 0, 0.184114, 

311.911, 43, 0, 0.184114, 

311.911, 44, 0, 0.184114, 

311.911, 45, 0, 0.184114, 

311.911, 46, 0, 0.184114, 

311.911, 47, 0, 0.184114, 

311.911, 48, 0, 0.184114, 

311.911, 49, 0, 0.184114, 

311.911, 50, 0, 0.184114, 

311.911, 51, 0, 0.184114, 

311.911, 52, 0, 0.184114, 

311.911, 53, 0, 0.184114, 

311.911, 54, 0, 0.184114, 

311.911, 55, 0, 0.184114, 

311.911, 56, 0, 0.184114, 

311.911, 57, 0, 0.184114, 

311.911, 58, 0, 0.184114, 

311.911, 59, 0, 0.184114, 

311.911, 60, 0, 0.184114, 

311.911, 61, 0, 0.184114, 

311.911, 62, 0, 0.184114, 

311.911, 63, 0, 0.184114, 

311.911, 64, 0, 0.184114, 

311.911, 65, 0, 0.184114, 

311.911, 66, 0, 0.184114, 

311.911, 67, 0, 0.184114, 

311.911, 68, 0, 0.184114, 

311.911, 69, 0, 0.184114, 

311.911, 70, 0, 0.184114, 

311.911, 71, 0, 0.184114, 

311.911, 72, 0, 0.184114, 

311.911, 73, 0, 0.184114, 

311.911, 74, 0, 0.184114, 

311.911, 75, 0, 0.184114, 

311.911, 76, 0, 0.184114, 

311.911, 77, 0, 0.184114, 

311.911, 78, 0, 0.184114, 

311.911, 79, 0, 0.184114, 

311.911, 80, 0, 0.184114, 

311.911, 81, 0, 0.184114, 

311.911, 82, 0, 0.184114, 

311.911, 83, 0, 0.184114, 

311.911, 84, 0, 0.184114, 

311.911, 85, 0, 0.184114, 

311.911, 86, 0, 0.184114, 

311.911, 87, 0, 0.184114, 

311.911, 88, 0, 0.184114, 

311.911, 89, 0, 0.184114, 

311.911, 90, 0, 0.184114, 

311.911, 91, 0, 0.184114, 

311.911, 92, 0, 0.184114, 

311.911, 93, 0, 0.184114, 

311.911, 94, 0, 0.184114, 

311.911, 95, 0, 0.184114, 

311.911, 96, 0, 0.184114, 

311.911, 97, 0, 0.184114, 

311.911, 98, 0, 0.184114, 

311.911, 99, 0, 0.184114, 

311.911, 100, 0, 0.184114, 

311.911, 101, 0, 0.184114, 

311.911, 102, 0, 0.184114, 

311.911, 103, 0, 0.184114, 

311.911, 104, 0, 0.184114, 

311.911, 105, 0, 0.184114, 

311.911, 106, 0, 0.184114, 

311.911, 107, 0, 0.184114, 

311.911, 108, 0, 0.184114, 

311.911, 109, 0, 0.184114, 

311.911, 110, 0, 0.184114, 

311.911, 111, 0, 0.184114, 

311.911, 112, 0, 0.184114, 

311.911, 113, 0, 0.184114, 

311.911, 114, 0, 0.184114, 

311.911, 115, 0, 0.184114, 

311.911, 116, 0, 0.184114, 

311.911, 117, 0, 0.184114, 

311.911, 118, 0, 0.184114, 

311.911, 119, 0, 0.184114, 

317.342, 0, 0, 0.184113, 

317.342, 1, 0, 0.184113, 

317.342, 2, 0, 0.184113, 

317.342, 3, 0, 0.184113, 

317.342, 4, 0, 0.184113, 

317.342, 5, 0, 0.184113, 

317.342, 6, 0, 0.184113, 

317.342, 7, 0, 0.184113, 

317.342, 8, 0, 0.184113, 

317.342, 9, 0, 0.184113, 

317.342, 10, 0, 0.184113, 

317.342, 11, 0, 0.184113, 

317.342, 12, 0, 0.184113, 

317.342, 13, 0, 0.184113, 

317.342, 14, 0, 0.184113, 

317.342, 15, 0, 0.184113, 

317.342, 16, 0, 0.184113, 

317.342, 17, 0, 0.184113, 

317.342, 18, 0, 0.184113, 

317.342, 19, 0, 0.184113, 

317.342, 20, 0, 0.184113, 

317.342, 21, 0, 0.184113, 

317.342, 22, 0, 0.184113, 

317.342, 23, 0, 0.184113, 

317.342, 24, 0, 0.184113, 

317.342, 25, 0, 0.184113, 

317.342, 26, 0, 0.184113, 

317.342, 27, 0, 0.184113, 

317.342, 28, 0, 0.184113, 

317.342, 29, 0, 0.184113, 

317.342, 30, 0, 0.184113, 

317.342, 31, 0, 0.184113, 

317.342, 32, 0, 0.184113, 

317.342, 33, 0, 0.184113, 

317.342, 34, 0, 0.184113, 

317.342, 35, 0, 0.184113, 

317.342, 36, 0, 0.184113, 

317.342, 37, 0, 0.184113, 

317.342, 38, 0, 0.184113, 

317.342, 39, 0, 0.184113, 

317.342, 40, 0, 0.184113, 

317.342, 41, 0, 0.184113, 

317.342, 42, 0, 0.184113, 

317.342, 43, 0, 0.184113, 

317.342, 44, 0, 0.184113, 

317.342, 45, 0, 0.184113, 

317.342, 46, 0, 0.184113, 

317.342, 47, 0, 0.184113, 

317.342, 48, 0, 0.184113, 

317.342, 49, 0, 0.184113, 

317.342, 50, 0, 0.184113, 

317.342, 51, 0, 0.184113, 

317.342, 52, 0, 0.184113, 

317.342, 53, 0, 0.184113, 

317.342, 54, 0, 0.184113, 

317.342, 55, 0, 0.184113, 

317.342, 56, 0, 0.184113, 

317.342, 57, 0, 0.184113, 

317.342, 58, 0, 0.184113, 

317.342, 59, 0, 0.184113, 

317.342, 60, 0, 0.184113, 

317.342, 61, 0, 0.184113, 

317.342, 62, 0, 0.184113, 

317.342, 63, 0, 0.184113, 

317.342, 64, 0, 0.184113, 

317.342, 65, 0, 0.184113, 

317.342, 66, 0, 0.184113, 

317.342, 67, 0, 0.184113, 

317.342, 68, 0, 0.184113, 

317.342, 69, 0, 0.184113, 

317.342, 70, 0, 0.184113, 

317.342, 71, 0, 0.184113, 

317.342, 72, 0, 0.184113, 

317.342, 73, 0, 0.184113, 

317.342, 74, 0, 0.184113, 

317.342, 75, 0, 0.184113, 

317.342, 76, 0, 0.184113, 

317.342, 77, 0, 0.184113, 

317.342, 78, 0, 0.184113, 

317.342, 79, 0, 0.184113, 

317.342, 80, 0, 0.184113, 

317.342, 81, 0, 0.184113, 

317.342, 82, 0, 0.184113, 

317.342, 83, 0, 0.184113, 

317.342, 84, 0, 0.184113, 

317.342, 85, 0, 0.184113, 

317.342, 86, 0, 0.184113, 

317.342, 87, 0, 0.184113, 

317.342, 88, 0, 0.184113, 

317.342, 89, 0, 0.184113, 

317.342, 90, 0, 0.184113, 

317.342, 91, 0, 0.184113, 

317.342, 92, 0, 0.184113, 

317.342, 93, 0, 0.184113, 

317.342, 94, 0, 0.184113, 

317.342, 95, 0, 0.184113, 

317.342, 96, 0, 0.184113, 

317.342, 97, 0, 0.184113, 

317.342, 98, 0, 0.184113, 

317.342, 99, 0, 0.184113, 

317.342, 100, 0, 0.184113, 

317.342, 101, 0, 0.184113, 

317.342, 102, 0, 0.184113, 

317.342, 103, 0, 0.184113, 

317.342, 104, 0, 0.184113, 

317.342, 105, 0, 0.184113, 

317.342, 106, 0, 0.184113, 

317.342, 107, 0, 0.184113, 

317.342, 108, 0, 0.184113, 

317.342, 109, 0, 0.184113, 

317.342, 110, 0, 0.184113, 

317.342, 111, 0, 0.184113, 

317.342, 112, 0, 0.184113, 

317.342, 113, 0, 0.184113, 

317.342, 114, 0, 0.184113, 

317.342, 115, 0, 0.184113, 

317.342, 116, 0, 0.184113, 

317.342, 117, 0, 0.184113, 

317.342, 118, 0, 0.184113, 

317.342, 119, 0, 0.184113, 

322.772, 0, 0, 0.184111, 

322.772, 1, 0, 0.184111, 

322.772, 2, 0, 0.184111, 

322.772, 3, 0, 0.184111, 

322.772, 4, 0, 0.184111, 

322.772, 5, 0, 0.184111, 

322.772, 6, 0, 0.184111, 

322.772, 7, 0, 0.184111, 

322.772, 8, 0, 0.184111, 

322.772, 9, 0, 0.184111, 

322.772, 10, 0, 0.184111, 

322.772, 11, 0, 0.184111, 

322.772, 12, 0, 0.184111, 

322.772, 13, 0, 0.184111, 

322.772, 14, 0, 0.184111, 

322.772, 15, 0, 0.184111, 

322.772, 16, 0, 0.184111, 

322.772, 17, 0, 0.184111, 

322.772, 18, 0, 0.184111, 

322.772, 19, 0, 0.184111, 

322.772, 20, 0, 0.184111, 

322.772, 21, 0, 0.184111, 

322.772, 22, 0, 0.184111, 

322.772, 23, 0, 0.184111, 

322.772, 24, 0, 0.184111, 

322.772, 25, 0, 0.184111, 

322.772, 26, 0, 0.184111, 

322.772, 27, 0, 0.184111, 

322.772, 28, 0, 0.184111, 

322.772, 29, 0, 0.184111, 

322.772, 30, 0, 0.184111, 

322.772, 31, 0, 0.184111, 

322.772, 32, 0, 0.184111, 

322.772, 33, 0, 0.184111, 

322.772, 34, 0, 0.184111, 

322.772, 35, 0, 0.184111, 

322.772, 36, 0, 0.184111, 

322.772, 37, 0, 0.184111, 

322.772, 38, 0, 0.184111, 

322.772, 39, 0, 0.184111, 

322.772, 40, 0, 0.184111, 

322.772, 41, 0, 0.184111, 

322.772, 42, 0, 0.184111, 

322.772, 43, 0, 0.184111, 

322.772, 44, 0, 0.184111, 

322.772, 45, 0, 0.184111, 

322.772, 46, 0, 0.184111, 

322.772, 47, 0, 0.184111, 

322.772, 48, 0, 0.184111, 

322.772, 49, 0, 0.184111, 

322.772, 50, 0, 0.184111, 

322.772, 51, 0, 0.184111, 

322.772, 52, 0, 0.184111, 

322.772, 53, 0, 0.184111, 

322.772, 54, 0, 0.184111, 

322.772, 55, 0, 0.184111, 

322.772, 56, 0, 0.184111, 

322.772, 57, 0, 0.184111, 

322.772, 58, 0, 0.184111, 

322.772, 59, 0, 0.184111, 

322.772, 60, 0, 0.184111, 

322.772, 61, 0, 0.184111, 

322.772, 62, 0, 0.184111, 

322.772, 63, 0, 0.184111, 

322.772, 64, 0, 0.184111, 

322.772, 65, 0, 0.184111, 

322.772, 66, 0, 0.184111, 

322.772, 67, 0, 0.184111, 

322.772, 68, 0, 0.184111, 

322.772, 69, 0, 0.184111, 

322.772, 70, 0, 0.184111, 

322.772, 71, 0, 0.184111, 

322.772, 72, 0, 0.184111, 

322.772, 73, 0, 0.184111, 

322.772, 74, 0, 0.184111, 

322.772, 75, 0, 0.184111, 

322.772, 76, 0, 0.184111, 

322.772, 77, 0, 0.184111, 

322.772, 78, 0, 0.184111, 

322.772, 79, 0, 0.184111, 

322.772, 80, 0, 0.184111, 

322.772, 81, 0, 0.184111, 

322.772, 82, 0, 0.184111, 

322.772, 83, 0, 0.184111, 

322.772, 84, 0, 0.184111, 

322.772, 85, 0, 0.184111, 

322.772, 86, 0, 0.184111, 

322.772, 87, 0, 0.184111, 

322.772, 88, 0, 0.184111, 

322.772, 89, 0, 0.184111, 

322.772, 90, 0, 0.184111, 

322.772, 91, 0, 0.184111, 

322.772, 92, 0, 0.184111, 

322.772, 93, 0, 0.184111, 

322.772, 94, 0, 0.184111, 

322.772, 95, 0, 0.184111, 

322.772, 96, 0, 0.184111, 

322.772, 97, 0, 0.184111, 

322.772, 98, 0, 0.184111, 

322.772, 99, 0, 0.184111, 

322.772, 100, 0, 0.184111, 

322.772, 101, 0, 0.184111, 

322.772, 102, 0, 0.184111, 

322.772, 103, 0, 0.184111, 

322.772, 104, 0, 0.184111, 

322.772, 105, 0, 0.184111, 

322.772, 106, 0, 0.184111, 

322.772, 107, 0, 0.184111, 

322.772, 108, 0, 0.184111, 

322.772, 109, 0, 0.184111, 

322.772, 110, 0, 0.184111, 

322.772, 111, 0, 0.184111, 

322.772, 112, 0, 0.184111, 

322.772, 113, 0, 0.184111, 

322.772, 114, 0, 0.184111, 

322.772, 115, 0, 0.184111, 

322.772, 116, 0, 0.184111, 

322.772, 117, 0, 0.184111, 

322.772, 118, 0, 0.184111, 

322.772, 119, 0, 0.184111, 

328.202, 0, 0, 0.184111, 

328.202, 1, 0, 0.184111, 

328.202, 2, 0, 0.184111, 

328.202, 3, 0, 0.184111, 

328.202, 4, 0, 0.184111, 

328.202, 5, 0, 0.184111, 

328.202, 6, 0, 0.184111, 

328.202, 7, 0, 0.184111, 

328.202, 8, 0, 0.184111, 

328.202, 9, 0, 0.184111, 

328.202, 10, 0, 0.184111, 

328.202, 11, 0, 0.184111, 

328.202, 12, 0, 0.184111, 

328.202, 13, 0, 0.184111, 

328.202, 14, 0, 0.184111, 

328.202, 15, 0, 0.184111, 

328.202, 16, 0, 0.184111, 

328.202, 17, 0, 0.184111, 

328.202, 18, 0, 0.184111, 

328.202, 19, 0, 0.184111, 

328.202, 20, 0, 0.184111, 

328.202, 21, 0, 0.184111, 

328.202, 22, 0, 0.184111, 

328.202, 23, 0, 0.184111, 

328.202, 24, 0, 0.184111, 

328.202, 25, 0, 0.184111, 

328.202, 26, 0, 0.184111, 

328.202, 27, 0, 0.184111, 

328.202, 28, 0, 0.184111, 

328.202, 29, 0, 0.184111, 

328.202, 30, 0, 0.184111, 

328.202, 31, 0, 0.184111, 

328.202, 32, 0, 0.184111, 

328.202, 33, 0, 0.184111, 

328.202, 34, 0, 0.184111, 

328.202, 35, 0, 0.184111, 

328.202, 36, 0, 0.184111, 

328.202, 37, 0, 0.184111, 

328.202, 38, 0, 0.184111, 

328.202, 39, 0, 0.184111, 

328.202, 40, 0, 0.184111, 

328.202, 41, 0, 0.184111, 

328.202, 42, 0, 0.184111, 

328.202, 43, 0, 0.184111, 

328.202, 44, 0, 0.184111, 

328.202, 45, 0, 0.184111, 

328.202, 46, 0, 0.184111, 

328.202, 47, 0, 0.184111, 

328.202, 48, 0, 0.184111, 

328.202, 49, 0, 0.184111, 

328.202, 50, 0, 0.184111, 

328.202, 51, 0, 0.184111, 

328.202, 52, 0, 0.184111, 

328.202, 53, 0, 0.184111, 

328.202, 54, 0, 0.184111, 

328.202, 55, 0, 0.184111, 

328.202, 56, 0, 0.184111, 

328.202, 57, 0, 0.184111, 

328.202, 58, 0, 0.184111, 

328.202, 59, 0, 0.184111, 

328.202, 60, 0, 0.184111, 

328.202, 61, 0, 0.184111, 

328.202, 62, 0, 0.184111, 

328.202, 63, 0, 0.184111, 

328.202, 64, 0, 0.184111, 

328.202, 65, 0, 0.184111, 

328.202, 66, 0, 0.184111, 

328.202, 67, 0, 0.184111, 

328.202, 68, 0, 0.184111, 

328.202, 69, 0, 0.184111, 

328.202, 70, 0, 0.184111, 

328.202, 71, 0, 0.184111, 

328.202, 72, 0, 0.184111, 

328.202, 73, 0, 0.184111, 

328.202, 74, 0, 0.184111, 

328.202, 75, 0, 0.184111, 

328.202, 76, 0, 0.184111, 

328.202, 77, 0, 0.184111, 

328.202, 78, 0, 0.184111, 

328.202, 79, 0, 0.184111, 

328.202, 80, 0, 0.184111, 

328.202, 81, 0, 0.184111, 

328.202, 82, 0, 0.184111, 

328.202, 83, 0, 0.184111, 

328.202, 84, 0, 0.184111, 

328.202, 85, 0, 0.184111, 

328.202, 86, 0, 0.184111, 

328.202, 87, 0, 0.184111, 

328.202, 88, 0, 0.184111, 

328.202, 89, 0, 0.184111, 

328.202, 90, 0, 0.184111, 

328.202, 91, 0, 0.184111, 

328.202, 92, 0, 0.184111, 

328.202, 93, 0, 0.184111, 

328.202, 94, 0, 0.184111, 

328.202, 95, 0, 0.184111, 

328.202, 96, 0, 0.184111, 

328.202, 97, 0, 0.184111, 

328.202, 98, 0, 0.184111, 

328.202, 99, 0, 0.184111, 

328.202, 100, 0, 0.184111, 

328.202, 101, 0, 0.184111, 

328.202, 102, 0, 0.184111, 

328.202, 103, 0, 0.184111, 

328.202, 104, 0, 0.184111, 

328.202, 105, 0, 0.184111, 

328.202, 106, 0, 0.184111, 

328.202, 107, 0, 0.184111, 

328.202, 108, 0, 0.184111, 

328.202, 109, 0, 0.184111, 

328.202, 110, 0, 0.184111, 

328.202, 111, 0, 0.184111, 

328.202, 112, 0, 0.184111, 

328.202, 113, 0, 0.184111, 

328.202, 114, 0, 0.184111, 

328.202, 115, 0, 0.184111, 

328.202, 116, 0, 0.184111, 

328.202, 117, 0, 0.184111, 

328.202, 118, 0, 0.184111, 

328.202, 119, 0, 0.184111, 

333.633, 0, 0, 0.18411, 

333.633, 1, 0, 0.18411, 

333.633, 2, 0, 0.18411, 

333.633, 3, 0, 0.18411, 

333.633, 4, 0, 0.18411, 

333.633, 5, 0, 0.18411, 

333.633, 6, 0, 0.18411, 

333.633, 7, 0, 0.18411, 

333.633, 8, 0, 0.18411, 

333.633, 9, 0, 0.18411, 

333.633, 10, 0, 0.18411, 

333.633, 11, 0, 0.18411, 

333.633, 12, 0, 0.18411, 

333.633, 13, 0, 0.18411, 

333.633, 14, 0, 0.18411, 

333.633, 15, 0, 0.18411, 

333.633, 16, 0, 0.18411, 

333.633, 17, 0, 0.18411, 

333.633, 18, 0, 0.18411, 

333.633, 19, 0, 0.18411, 

333.633, 20, 0, 0.18411, 

333.633, 21, 0, 0.18411, 

333.633, 22, 0, 0.18411, 

333.633, 23, 0, 0.18411, 

333.633, 24, 0, 0.18411, 

333.633, 25, 0, 0.18411, 

333.633, 26, 0, 0.18411, 

333.633, 27, 0, 0.18411, 

333.633, 28, 0, 0.18411, 

333.633, 29, 0, 0.18411, 

333.633, 30, 0, 0.18411, 

333.633, 31, 0, 0.18411, 

333.633, 32, 0, 0.18411, 

333.633, 33, 0, 0.18411, 

333.633, 34, 0, 0.18411, 

333.633, 35, 0, 0.18411, 

333.633, 36, 0, 0.18411, 

333.633, 37, 0, 0.18411, 

333.633, 38, 0, 0.18411, 

333.633, 39, 0, 0.18411, 

333.633, 40, 0, 0.18411, 

333.633, 41, 0, 0.18411, 

333.633, 42, 0, 0.18411, 

333.633, 43, 0, 0.18411, 

333.633, 44, 0, 0.18411, 

333.633, 45, 0, 0.18411, 

333.633, 46, 0, 0.18411, 

333.633, 47, 0, 0.18411, 

333.633, 48, 0, 0.18411, 

333.633, 49, 0, 0.18411, 

333.633, 50, 0, 0.18411, 

333.633, 51, 0, 0.18411, 

333.633, 52, 0, 0.18411, 

333.633, 53, 0, 0.18411, 

333.633, 54, 0, 0.18411, 

333.633, 55, 0, 0.18411, 

333.633, 56, 0, 0.18411, 

333.633, 57, 0, 0.18411, 

333.633, 58, 0, 0.18411, 

333.633, 59, 0, 0.18411, 

333.633, 60, 0, 0.18411, 

333.633, 61, 0, 0.18411, 

333.633, 62, 0, 0.18411, 

333.633, 63, 0, 0.18411, 

333.633, 64, 0, 0.18411, 

333.633, 65, 0, 0.18411, 

333.633, 66, 0, 0.18411, 

333.633, 67, 0, 0.18411, 

333.633, 68, 0, 0.18411, 

333.633, 69, 0, 0.18411, 

333.633, 70, 0, 0.18411, 

333.633, 71, 0, 0.18411, 

333.633, 72, 0, 0.18411, 

333.633, 73, 0, 0.18411, 

333.633, 74, 0, 0.18411, 

333.633, 75, 0, 0.18411, 

333.633, 76, 0, 0.18411, 

333.633, 77, 0, 0.18411, 

333.633, 78, 0, 0.18411, 

333.633, 79, 0, 0.18411, 

333.633, 80, 0, 0.18411, 

333.633, 81, 0, 0.18411, 

333.633, 82, 0, 0.18411, 

333.633, 83, 0, 0.18411, 

333.633, 84, 0, 0.18411, 

333.633, 85, 0, 0.18411, 

333.633, 86, 0, 0.18411, 

333.633, 87, 0, 0.18411, 

333.633, 88, 0, 0.18411, 

333.633, 89, 0, 0.18411, 

333.633, 90, 0, 0.18411, 

333.633, 91, 0, 0.18411, 

333.633, 92, 0, 0.18411, 

333.633, 93, 0, 0.18411, 

333.633, 94, 0, 0.18411, 

333.633, 95, 0, 0.18411, 

333.633, 96, 0, 0.18411, 

333.633, 97, 0, 0.18411, 

333.633, 98, 0, 0.18411, 

333.633, 99, 0, 0.18411, 

333.633, 100, 0, 0.18411, 

333.633, 101, 0, 0.18411, 

333.633, 102, 0, 0.18411, 

333.633, 103, 0, 0.18411, 

333.633, 104, 0, 0.18411, 

333.633, 105, 0, 0.18411, 

333.633, 106, 0, 0.18411, 

333.633, 107, 0, 0.18411, 

333.633, 108, 0, 0.18411, 

333.633, 109, 0, 0.18411, 

333.633, 110, 0, 0.18411, 

333.633, 111, 0, 0.18411, 

333.633, 112, 0, 0.18411, 

333.633, 113, 0, 0.18411, 

333.633, 114, 0, 0.18411, 

333.633, 115, 0, 0.18411, 

333.633, 116, 0, 0.18411, 

333.633, 117, 0, 0.18411, 

333.633, 118, 0, 0.18411, 

333.633, 119, 0, 0.18411, 

339.063, 0, 0, 0.18411, 

339.063, 1, 0, 0.18411, 

339.063, 2, 0, 0.18411, 

339.063, 3, 0, 0.18411, 

339.063, 4, 0, 0.18411, 

339.063, 5, 0, 0.18411, 

339.063, 6, 0, 0.18411, 

339.063, 7, 0, 0.18411, 

339.063, 8, 0, 0.18411, 

339.063, 9, 0, 0.18411, 

339.063, 10, 0, 0.18411, 

339.063, 11, 0, 0.18411, 

339.063, 12, 0, 0.18411, 

339.063, 13, 0, 0.18411, 

339.063, 14, 0, 0.18411, 

339.063, 15, 0, 0.18411, 

339.063, 16, 0, 0.18411, 

339.063, 17, 0, 0.18411, 

339.063, 18, 0, 0.18411, 

339.063, 19, 0, 0.18411, 

339.063, 20, 0, 0.18411, 

339.063, 21, 0, 0.18411, 

339.063, 22, 0, 0.18411, 

339.063, 23, 0, 0.18411, 

339.063, 24, 0, 0.18411, 

339.063, 25, 0, 0.18411, 

339.063, 26, 0, 0.18411, 

339.063, 27, 0, 0.18411, 

339.063, 28, 0, 0.18411, 

339.063, 29, 0, 0.18411, 

339.063, 30, 0, 0.18411, 

339.063, 31, 0, 0.18411, 

339.063, 32, 0, 0.18411, 

339.063, 33, 0, 0.18411, 

339.063, 34, 0, 0.18411, 

339.063, 35, 0, 0.18411, 

339.063, 36, 0, 0.18411, 

339.063, 37, 0, 0.18411, 

339.063, 38, 0, 0.18411, 

339.063, 39, 0, 0.18411, 

339.063, 40, 0, 0.18411, 

339.063, 41, 0, 0.18411, 

339.063, 42, 0, 0.18411, 

339.063, 43, 0, 0.18411, 

339.063, 44, 0, 0.18411, 

339.063, 45, 0, 0.18411, 

339.063, 46, 0, 0.18411, 

339.063, 47, 0, 0.18411, 

339.063, 48, 0, 0.18411, 

339.063, 49, 0, 0.18411, 

339.063, 50, 0, 0.18411, 

339.063, 51, 0, 0.18411, 

339.063, 52, 0, 0.18411, 

339.063, 53, 0, 0.18411, 

339.063, 54, 0, 0.18411, 

339.063, 55, 0, 0.18411, 

339.063, 56, 0, 0.18411, 

339.063, 57, 0, 0.18411, 

339.063, 58, 0, 0.18411, 

339.063, 59, 0, 0.18411, 

339.063, 60, 0, 0.18411, 

339.063, 61, 0, 0.18411, 

339.063, 62, 0, 0.18411, 

339.063, 63, 0, 0.18411, 

339.063, 64, 0, 0.18411, 

339.063, 65, 0, 0.18411, 

339.063, 66, 0, 0.18411, 

339.063, 67, 0, 0.18411, 

339.063, 68, 0, 0.18411, 

339.063, 69, 0, 0.18411, 

339.063, 70, 0, 0.18411, 

339.063, 71, 0, 0.18411, 

339.063, 72, 0, 0.18411, 

339.063, 73, 0, 0.18411, 

339.063, 74, 0, 0.18411, 

339.063, 75, 0, 0.18411, 

339.063, 76, 0, 0.18411, 

339.063, 77, 0, 0.18411, 

339.063, 78, 0, 0.18411, 

339.063, 79, 0, 0.18411, 

339.063, 80, 0, 0.18411, 

339.063, 81, 0, 0.18411, 

339.063, 82, 0, 0.18411, 

339.063, 83, 0, 0.18411, 

339.063, 84, 0, 0.18411, 

339.063, 85, 0, 0.18411, 

339.063, 86, 0, 0.18411, 

339.063, 87, 0, 0.18411, 

339.063, 88, 0, 0.18411, 

339.063, 89, 0, 0.18411, 

339.063, 90, 0, 0.18411, 

339.063, 91, 0, 0.18411, 

339.063, 92, 0, 0.18411, 

339.063, 93, 0, 0.18411, 

339.063, 94, 0, 0.18411, 

339.063, 95, 0, 0.18411, 

339.063, 96, 0, 0.18411, 

339.063, 97, 0, 0.18411, 

339.063, 98, 0, 0.18411, 

339.063, 99, 0, 0.18411, 

339.063, 100, 0, 0.18411, 

339.063, 101, 0, 0.18411, 

339.063, 102, 0, 0.18411, 

339.063, 103, 0, 0.18411, 

339.063, 104, 0, 0.18411, 

339.063, 105, 0, 0.18411, 

339.063, 106, 0, 0.18411, 

339.063, 107, 0, 0.18411, 

339.063, 108, 0, 0.18411, 

339.063, 109, 0, 0.18411, 

339.063, 110, 0, 0.18411, 

339.063, 111, 0, 0.18411, 

339.063, 112, 0, 0.18411, 

339.063, 113, 0, 0.18411, 

339.063, 114, 0, 0.18411, 

339.063, 115, 0, 0.18411, 

339.063, 116, 0, 0.18411, 

339.063, 117, 0, 0.18411, 

339.063, 118, 0, 0.18411, 

339.063, 119, 0, 0.18411, 

344.493, 0, 0, 0.18411, 

344.493, 1, 0, 0.18411, 

344.493, 2, 0, 0.18411, 

344.493, 3, 0, 0.18411, 

344.493, 4, 0, 0.18411, 

344.493, 5, 0, 0.18411, 

344.493, 6, 0, 0.18411, 

344.493, 7, 0, 0.18411, 

344.493, 8, 0, 0.18411, 

344.493, 9, 0, 0.18411, 

344.493, 10, 0, 0.18411, 

344.493, 11, 0, 0.18411, 

344.493, 12, 0, 0.18411, 

344.493, 13, 0, 0.18411, 

344.493, 14, 0, 0.18411, 

344.493, 15, 0, 0.18411, 

344.493, 16, 0, 0.18411, 

344.493, 17, 0, 0.18411, 

344.493, 18, 0, 0.18411, 

344.493, 19, 0, 0.18411, 

344.493, 20, 0, 0.18411, 

344.493, 21, 0, 0.18411, 

344.493, 22, 0, 0.18411, 

344.493, 23, 0, 0.18411, 

344.493, 24, 0, 0.18411, 

344.493, 25, 0, 0.18411, 

344.493, 26, 0, 0.18411, 

344.493, 27, 0, 0.18411, 

344.493, 28, 0, 0.18411, 

344.493, 29, 0, 0.18411, 

344.493, 30, 0, 0.18411, 

344.493, 31, 0, 0.18411, 

344.493, 32, 0, 0.18411, 

344.493, 33, 0, 0.18411, 

344.493, 34, 0, 0.18411, 

344.493, 35, 0, 0.18411, 

344.493, 36, 0, 0.18411, 

344.493, 37, 0, 0.18411, 

344.493, 38, 0, 0.18411, 

344.493, 39, 0, 0.18411, 

344.493, 40, 0, 0.18411, 

344.493, 41, 0, 0.18411, 

344.493, 42, 0, 0.18411, 

344.493, 43, 0, 0.18411, 

344.493, 44, 0, 0.18411, 

344.493, 45, 0, 0.18411, 

344.493, 46, 0, 0.18411, 

344.493, 47, 0, 0.18411, 

344.493, 48, 0, 0.18411, 

344.493, 49, 0, 0.18411, 

344.493, 50, 0, 0.18411, 

344.493, 51, 0, 0.18411, 

344.493, 52, 0, 0.18411, 

344.493, 53, 0, 0.18411, 

344.493, 54, 0, 0.18411, 

344.493, 55, 0, 0.18411, 

344.493, 56, 0, 0.18411, 

344.493, 57, 0, 0.18411, 

344.493, 58, 0, 0.18411, 

344.493, 59, 0, 0.18411, 

344.493, 60, 0, 0.18411, 

344.493, 61, 0, 0.18411, 

344.493, 62, 0, 0.18411, 

344.493, 63, 0, 0.18411, 

344.493, 64, 0, 0.18411, 

344.493, 65, 0, 0.18411, 

344.493, 66, 0, 0.18411, 

344.493, 67, 0, 0.18411, 

344.493, 68, 0, 0.18411, 

344.493, 69, 0, 0.18411, 

344.493, 70, 0, 0.18411, 

344.493, 71, 0, 0.18411, 

344.493, 72, 0, 0.18411, 

344.493, 73, 0, 0.18411, 

344.493, 74, 0, 0.18411, 

344.493, 75, 0, 0.18411, 

344.493, 76, 0, 0.18411, 

344.493, 77, 0, 0.18411, 

344.493, 78, 0, 0.18411, 

344.493, 79, 0, 0.18411, 

344.493, 80, 0, 0.18411, 

344.493, 81, 0, 0.18411, 

344.493, 82, 0, 0.18411, 

344.493, 83, 0, 0.18411, 

344.493, 84, 0, 0.18411, 

344.493, 85, 0, 0.18411, 

344.493, 86, 0, 0.18411, 

344.493, 87, 0, 0.18411, 

344.493, 88, 0, 0.18411, 

344.493, 89, 0, 0.18411, 

344.493, 90, 0, 0.18411, 

344.493, 91, 0, 0.18411, 

344.493, 92, 0, 0.18411, 

344.493, 93, 0, 0.18411, 

344.493, 94, 0, 0.18411, 

344.493, 95, 0, 0.18411, 

344.493, 96, 0, 0.18411, 

344.493, 97, 0, 0.18411, 

344.493, 98, 0, 0.18411, 

344.493, 99, 0, 0.18411, 

344.493, 100, 0, 0.18411, 

344.493, 101, 0, 0.18411, 

344.493, 102, 0, 0.18411, 

344.493, 103, 0, 0.18411, 

344.493, 104, 0, 0.18411, 

344.493, 105, 0, 0.18411, 

344.493, 106, 0, 0.18411, 

344.493, 107, 0, 0.18411, 

344.493, 108, 0, 0.18411, 

344.493, 109, 0, 0.18411, 

344.493, 110, 0, 0.18411, 

344.493, 111, 0, 0.18411, 

344.493, 112, 0, 0.18411, 

344.493, 113, 0, 0.18411, 

344.493, 114, 0, 0.18411, 

344.493, 115, 0, 0.18411, 

344.493, 116, 0, 0.18411, 

344.493, 117, 0, 0.18411, 

344.493, 118, 0, 0.18411, 

344.493, 119, 0, 0.18411, 

349.924, 0, 0, 0.18411, 

349.924, 1, 0, 0.18411, 

349.924, 2, 0, 0.18411, 

349.924, 3, 0, 0.18411, 

349.924, 4, 0, 0.18411, 

349.924, 5, 0, 0.18411, 

349.924, 6, 0, 0.18411, 

349.924, 7, 0, 0.18411, 

349.924, 8, 0, 0.18411, 

349.924, 9, 0, 0.18411, 

349.924, 10, 0, 0.18411, 

349.924, 11, 0, 0.18411, 

349.924, 12, 0, 0.18411, 

349.924, 13, 0, 0.18411, 

349.924, 14, 0, 0.18411, 

349.924, 15, 0, 0.18411, 

349.924, 16, 0, 0.18411, 

349.924, 17, 0, 0.18411, 

349.924, 18, 0, 0.18411, 

349.924, 19, 0, 0.18411, 

349.924, 20, 0, 0.18411, 

349.924, 21, 0, 0.18411, 

349.924, 22, 0, 0.18411, 

349.924, 23, 0, 0.18411, 

349.924, 24, 0, 0.18411, 

349.924, 25, 0, 0.18411, 

349.924, 26, 0, 0.18411, 

349.924, 27, 0, 0.18411, 

349.924, 28, 0, 0.18411, 

349.924, 29, 0, 0.18411, 

349.924, 30, 0, 0.18411, 

349.924, 31, 0, 0.18411, 

349.924, 32, 0, 0.18411, 

349.924, 33, 0, 0.18411, 

349.924, 34, 0, 0.18411, 

349.924, 35, 0, 0.18411, 

349.924, 36, 0, 0.18411, 

349.924, 37, 0, 0.18411, 

349.924, 38, 0, 0.18411, 

349.924, 39, 0, 0.18411, 

349.924, 40, 0, 0.18411, 

349.924, 41, 0, 0.18411, 

349.924, 42, 0, 0.18411, 

349.924, 43, 0, 0.18411, 

349.924, 44, 0, 0.18411, 

349.924, 45, 0, 0.18411, 

349.924, 46, 0, 0.18411, 

349.924, 47, 0, 0.18411, 

349.924, 48, 0, 0.18411, 

349.924, 49, 0, 0.18411, 

349.924, 50, 0, 0.18411, 

349.924, 51, 0, 0.18411, 

349.924, 52, 0, 0.18411, 

349.924, 53, 0, 0.18411, 

349.924, 54, 0, 0.18411, 

349.924, 55, 0, 0.18411, 

349.924, 56, 0, 0.18411, 

349.924, 57, 0, 0.18411, 

349.924, 58, 0, 0.18411, 

349.924, 59, 0, 0.18411, 

349.924, 60, 0, 0.18411, 

349.924, 61, 0, 0.18411, 

349.924, 62, 0, 0.18411, 

349.924, 63, 0, 0.18411, 

349.924, 64, 0, 0.18411, 

349.924, 65, 0, 0.18411, 

349.924, 66, 0, 0.18411, 

349.924, 67, 0, 0.18411, 

349.924, 68, 0, 0.18411, 

349.924, 69, 0, 0.18411, 

349.924, 70, 0, 0.18411, 

349.924, 71, 0, 0.18411, 

349.924, 72, 0, 0.18411, 

349.924, 73, 0, 0.18411, 

349.924, 74, 0, 0.18411, 

349.924, 75, 0, 0.18411, 

349.924, 76, 0, 0.18411, 

349.924, 77, 0, 0.18411, 

349.924, 78, 0, 0.18411, 

349.924, 79, 0, 0.18411, 

349.924, 80, 0, 0.18411, 

349.924, 81, 0, 0.18411, 

349.924, 82, 0, 0.18411, 

349.924, 83, 0, 0.18411, 

349.924, 84, 0, 0.18411, 

349.924, 85, 0, 0.18411, 

349.924, 86, 0, 0.18411, 

349.924, 87, 0, 0.18411, 

349.924, 88, 0, 0.18411, 

349.924, 89, 0, 0.18411, 

349.924, 90, 0, 0.18411, 

349.924, 91, 0, 0.18411, 

349.924, 92, 0, 0.18411, 

349.924, 93, 0, 0.18411, 

349.924, 94, 0, 0.18411, 

349.924, 95, 0, 0.18411, 

349.924, 96, 0, 0.18411, 

349.924, 97, 0, 0.18411, 

349.924, 98, 0, 0.18411, 

349.924, 99, 0, 0.18411, 

349.924, 100, 0, 0.18411, 

349.924, 101, 0, 0.18411, 

349.924, 102, 0, 0.18411, 

349.924, 103, 0, 0.18411, 

349.924, 104, 0, 0.18411, 

349.924, 105, 0, 0.18411, 

349.924, 106, 0, 0.18411, 

349.924, 107, 0, 0.18411, 

349.924, 108, 0, 0.18411, 

349.924, 109, 0, 0.18411, 

349.924, 110, 0, 0.18411, 

349.924, 111, 0, 0.18411, 

349.924, 112, 0, 0.18411, 

349.924, 113, 0, 0.18411, 

349.924, 114, 0, 0.18411, 

349.924, 115, 0, 0.18411, 

349.924, 116, 0, 0.18411, 

349.924, 117, 0, 0.18411, 

349.924, 118, 0, 0.18411, 

349.924, 119, 0, 0.18411, 

355.354, 0, 0, 0.18411, 

355.354, 1, 0, 0.18411, 

355.354, 2, 0, 0.18411, 

355.354, 3, 0, 0.18411, 

355.354, 4, 0, 0.18411, 

355.354, 5, 0, 0.18411, 

355.354, 6, 0, 0.18411, 

355.354, 7, 0, 0.18411, 

355.354, 8, 0, 0.18411, 

355.354, 9, 0, 0.18411, 

355.354, 10, 0, 0.18411, 

355.354, 11, 0, 0.18411, 

355.354, 12, 0, 0.18411, 

355.354, 13, 0, 0.18411, 

355.354, 14, 0, 0.18411, 

355.354, 15, 0, 0.18411, 

355.354, 16, 0, 0.18411, 

355.354, 17, 0, 0.18411, 

355.354, 18, 0, 0.18411, 

355.354, 19, 0, 0.18411, 

355.354, 20, 0, 0.18411, 

355.354, 21, 0, 0.18411, 

355.354, 22, 0, 0.18411, 

355.354, 23, 0, 0.18411, 

355.354, 24, 0, 0.18411, 

355.354, 25, 0, 0.18411, 

355.354, 26, 0, 0.18411, 

355.354, 27, 0, 0.18411, 

355.354, 28, 0, 0.18411, 

355.354, 29, 0, 0.18411, 

355.354, 30, 0, 0.18411, 

355.354, 31, 0, 0.18411, 

355.354, 32, 0, 0.18411, 

355.354, 33, 0, 0.18411, 

355.354, 34, 0, 0.18411, 

355.354, 35, 0, 0.18411, 

355.354, 36, 0, 0.18411, 

355.354, 37, 0, 0.18411, 

355.354, 38, 0, 0.18411, 

355.354, 39, 0, 0.18411, 

355.354, 40, 0, 0.18411, 

355.354, 41, 0, 0.18411, 

355.354, 42, 0, 0.18411, 

355.354, 43, 0, 0.18411, 

355.354, 44, 0, 0.18411, 

355.354, 45, 0, 0.18411, 

355.354, 46, 0, 0.18411, 

355.354, 47, 0, 0.18411, 

355.354, 48, 0, 0.18411, 

355.354, 49, 0, 0.18411, 

355.354, 50, 0, 0.18411, 

355.354, 51, 0, 0.18411, 

355.354, 52, 0, 0.18411, 

355.354, 53, 0, 0.18411, 

355.354, 54, 0, 0.18411, 

355.354, 55, 0, 0.18411, 

355.354, 56, 0, 0.18411, 

355.354, 57, 0, 0.18411, 

355.354, 58, 0, 0.18411, 

355.354, 59, 0, 0.18411, 

355.354, 60, 0, 0.18411, 

355.354, 61, 0, 0.18411, 

355.354, 62, 0, 0.18411, 

355.354, 63, 0, 0.18411, 

355.354, 64, 0, 0.18411, 

355.354, 65, 0, 0.18411, 

355.354, 66, 0, 0.18411, 

355.354, 67, 0, 0.18411, 

355.354, 68, 0, 0.18411, 

355.354, 69, 0, 0.18411, 

355.354, 70, 0, 0.18411, 

355.354, 71, 0, 0.18411, 

355.354, 72, 0, 0.18411, 

355.354, 73, 0, 0.18411, 

355.354, 74, 0, 0.18411, 

355.354, 75, 0, 0.18411, 

355.354, 76, 0, 0.18411, 

355.354, 77, 0, 0.18411, 

355.354, 78, 0, 0.18411, 

355.354, 79, 0, 0.18411, 

355.354, 80, 0, 0.18411, 

355.354, 81, 0, 0.18411, 

355.354, 82, 0, 0.18411, 

355.354, 83, 0, 0.18411, 

355.354, 84, 0, 0.18411, 

355.354, 85, 0, 0.18411, 

355.354, 86, 0, 0.18411, 

355.354, 87, 0, 0.18411, 

355.354, 88, 0, 0.18411, 

355.354, 89, 0, 0.18411, 

355.354, 90, 0, 0.18411, 

355.354, 91, 0, 0.18411, 

355.354, 92, 0, 0.18411, 

355.354, 93, 0, 0.18411, 

355.354, 94, 0, 0.18411, 

355.354, 95, 0, 0.18411, 

355.354, 96, 0, 0.18411, 

355.354, 97, 0, 0.18411, 

355.354, 98, 0, 0.18411, 

355.354, 99, 0, 0.18411, 

355.354, 100, 0, 0.18411, 

355.354, 101, 0, 0.18411, 

355.354, 102, 0, 0.18411, 

355.354, 103, 0, 0.18411, 

355.354, 104, 0, 0.18411, 

355.354, 105, 0, 0.18411, 

355.354, 106, 0, 0.18411, 

355.354, 107, 0, 0.18411, 

355.354, 108, 0, 0.18411, 

355.354, 109, 0, 0.18411, 

355.354, 110, 0, 0.18411, 

355.354, 111, 0, 0.18411, 

355.354, 112, 0, 0.18411, 

355.354, 113, 0, 0.18411, 

355.354, 114, 0, 0.18411, 

355.354, 115, 0, 0.18411, 

355.354, 116, 0, 0.18411, 

355.354, 117, 0, 0.18411, 

355.354, 118, 0, 0.18411, 

355.354, 119, 0, 0.18411, 

360.785, 0, 0, 0.18411, 

360.785, 1, 0, 0.18411, 

360.785, 2, 0, 0.18411, 

360.785, 3, 0, 0.18411, 

360.785, 4, 0, 0.18411, 

360.785, 5, 0, 0.18411, 

360.785, 6, 0, 0.18411, 

360.785, 7, 0, 0.18411, 

360.785, 8, 0, 0.18411, 

360.785, 9, 0, 0.18411, 

360.785, 10, 0, 0.18411, 

360.785, 11, 0, 0.18411, 

360.785, 12, 0, 0.18411, 

360.785, 13, 0, 0.18411, 

360.785, 14, 0, 0.18411, 

360.785, 15, 0, 0.18411, 

360.785, 16, 0, 0.18411, 

360.785, 17, 0, 0.18411, 

360.785, 18, 0, 0.18411, 

360.785, 19, 0, 0.18411, 

360.785, 20, 0, 0.18411, 

360.785, 21, 0, 0.18411, 

360.785, 22, 0, 0.18411, 

360.785, 23, 0, 0.18411, 

360.785, 24, 0, 0.18411, 

360.785, 25, 0, 0.18411, 

360.785, 26, 0, 0.18411, 

360.785, 27, 0, 0.18411, 

360.785, 28, 0, 0.18411, 

360.785, 29, 0, 0.18411, 

360.785, 30, 0, 0.18411, 

360.785, 31, 0, 0.18411, 

360.785, 32, 0, 0.18411, 

360.785, 33, 0, 0.18411, 

360.785, 34, 0, 0.18411, 

360.785, 35, 0, 0.18411, 

360.785, 36, 0, 0.18411, 

360.785, 37, 0, 0.18411, 

360.785, 38, 0, 0.18411, 

360.785, 39, 0, 0.18411, 

360.785, 40, 0, 0.18411, 

360.785, 41, 0, 0.18411, 

360.785, 42, 0, 0.18411, 

360.785, 43, 0, 0.18411, 

360.785, 44, 0, 0.18411, 

360.785, 45, 0, 0.18411, 

360.785, 46, 0, 0.18411, 

360.785, 47, 0, 0.18411, 

360.785, 48, 0, 0.18411, 

360.785, 49, 0, 0.18411, 

360.785, 50, 0, 0.18411, 

360.785, 51, 0, 0.18411, 

360.785, 52, 0, 0.18411, 

360.785, 53, 0, 0.18411, 

360.785, 54, 0, 0.18411, 

360.785, 55, 0, 0.18411, 

360.785, 56, 0, 0.18411, 

360.785, 57, 0, 0.18411, 

360.785, 58, 0, 0.18411, 

360.785, 59, 0, 0.18411, 

360.785, 60, 0, 0.18411, 

360.785, 61, 0, 0.18411, 

360.785, 62, 0, 0.18411, 

360.785, 63, 0, 0.18411, 

360.785, 64, 0, 0.18411, 

360.785, 65, 0, 0.18411, 

360.785, 66, 0, 0.18411, 

360.785, 67, 0, 0.18411, 

360.785, 68, 0, 0.18411, 

360.785, 69, 0, 0.18411, 

360.785, 70, 0, 0.18411, 

360.785, 71, 0, 0.18411, 

360.785, 72, 0, 0.18411, 

360.785, 73, 0, 0.18411, 

360.785, 74, 0, 0.18411, 

360.785, 75, 0, 0.18411, 

360.785, 76, 0, 0.18411, 

360.785, 77, 0, 0.18411, 

360.785, 78, 0, 0.18411, 

360.785, 79, 0, 0.18411, 

360.785, 80, 0, 0.18411, 

360.785, 81, 0, 0.18411, 

360.785, 82, 0, 0.18411, 

360.785, 83, 0, 0.18411, 

360.785, 84, 0, 0.18411, 

360.785, 85, 0, 0.18411, 

360.785, 86, 0, 0.18411, 

360.785, 87, 0, 0.18411, 

360.785, 88, 0, 0.18411, 

360.785, 89, 0, 0.18411, 

360.785, 90, 0, 0.18411, 

360.785, 91, 0, 0.18411, 

360.785, 92, 0, 0.18411, 

360.785, 93, 0, 0.18411, 

360.785, 94, 0, 0.18411, 

360.785, 95, 0, 0.18411, 

360.785, 96, 0, 0.18411, 

360.785, 97, 0, 0.18411, 

360.785, 98, 0, 0.18411, 

360.785, 99, 0, 0.18411, 

360.785, 100, 0, 0.18411, 

360.785, 101, 0, 0.18411, 

360.785, 102, 0, 0.18411, 

360.785, 103, 0, 0.18411, 

360.785, 104, 0, 0.18411, 

360.785, 105, 0, 0.18411, 

360.785, 106, 0, 0.18411, 

360.785, 107, 0, 0.18411, 

360.785, 108, 0, 0.18411, 

360.785, 109, 0, 0.18411, 

360.785, 110, 0, 0.18411, 

360.785, 111, 0, 0.18411, 

360.785, 112, 0, 0.18411, 

360.785, 113, 0, 0.18411, 

360.785, 114, 0, 0.18411, 

360.785, 115, 0, 0.18411, 

360.785, 116, 0, 0.18411, 

360.785, 117, 0, 0.18411, 

360.785, 118, 0, 0.18411, 

360.785, 119, 0, 0.18411, 

366.215, 0, 0, 0.18411, 

366.215, 1, 0, 0.18411, 

366.215, 2, 0, 0.18411, 

366.215, 3, 0, 0.18411, 

366.215, 4, 0, 0.18411, 

366.215, 5, 0, 0.18411, 

366.215, 6, 0, 0.18411, 

366.215, 7, 0, 0.18411, 

366.215, 8, 0, 0.18411, 

366.215, 9, 0, 0.18411, 

366.215, 10, 0, 0.18411, 

366.215, 11, 0, 0.18411, 

366.215, 12, 0, 0.18411, 

366.215, 13, 0, 0.18411, 

366.215, 14, 0, 0.18411, 

366.215, 15, 0, 0.18411, 

366.215, 16, 0, 0.18411, 

366.215, 17, 0, 0.18411, 

366.215, 18, 0, 0.18411, 

366.215, 19, 0, 0.18411, 

366.215, 20, 0, 0.18411, 

366.215, 21, 0, 0.18411, 

366.215, 22, 0, 0.18411, 

366.215, 23, 0, 0.18411, 

366.215, 24, 0, 0.18411, 

366.215, 25, 0, 0.18411, 

366.215, 26, 0, 0.18411, 

366.215, 27, 0, 0.18411, 

366.215, 28, 0, 0.18411, 

366.215, 29, 0, 0.18411, 

366.215, 30, 0, 0.18411, 

366.215, 31, 0, 0.18411, 

366.215, 32, 0, 0.18411, 

366.215, 33, 0, 0.18411, 

366.215, 34, 0, 0.18411, 

366.215, 35, 0, 0.18411, 

366.215, 36, 0, 0.18411, 

366.215, 37, 0, 0.18411, 

366.215, 38, 0, 0.18411, 

366.215, 39, 0, 0.18411, 

366.215, 40, 0, 0.18411, 

366.215, 41, 0, 0.18411, 

366.215, 42, 0, 0.18411, 

366.215, 43, 0, 0.18411, 

366.215, 44, 0, 0.18411, 

366.215, 45, 0, 0.18411, 

366.215, 46, 0, 0.18411, 

366.215, 47, 0, 0.18411, 

366.215, 48, 0, 0.18411, 

366.215, 49, 0, 0.18411, 

366.215, 50, 0, 0.18411, 

366.215, 51, 0, 0.18411, 

366.215, 52, 0, 0.18411, 

366.215, 53, 0, 0.18411, 

366.215, 54, 0, 0.18411, 

366.215, 55, 0, 0.18411, 

366.215, 56, 0, 0.18411, 

366.215, 57, 0, 0.18411, 

366.215, 58, 0, 0.18411, 

366.215, 59, 0, 0.18411, 

366.215, 60, 0, 0.18411, 

366.215, 61, 0, 0.18411, 

366.215, 62, 0, 0.18411, 

366.215, 63, 0, 0.18411, 

366.215, 64, 0, 0.18411, 

366.215, 65, 0, 0.18411, 

366.215, 66, 0, 0.18411, 

366.215, 67, 0, 0.18411, 

366.215, 68, 0, 0.18411, 

366.215, 69, 0, 0.18411, 

366.215, 70, 0, 0.18411, 

366.215, 71, 0, 0.18411, 

366.215, 72, 0, 0.18411, 

366.215, 73, 0, 0.18411, 

366.215, 74, 0, 0.18411, 

366.215, 75, 0, 0.18411, 

366.215, 76, 0, 0.18411, 

366.215, 77, 0, 0.18411, 

366.215, 78, 0, 0.18411, 

366.215, 79, 0, 0.18411, 

366.215, 80, 0, 0.18411, 

366.215, 81, 0, 0.18411, 

366.215, 82, 0, 0.18411, 

366.215, 83, 0, 0.18411, 

366.215, 84, 0, 0.18411, 

366.215, 85, 0, 0.18411, 

366.215, 86, 0, 0.18411, 

366.215, 87, 0, 0.18411, 

366.215, 88, 0, 0.18411, 

366.215, 89, 0, 0.18411, 

366.215, 90, 0, 0.18411, 

366.215, 91, 0, 0.18411, 

366.215, 92, 0, 0.18411, 

366.215, 93, 0, 0.18411, 

366.215, 94, 0, 0.18411, 

366.215, 95, 0, 0.18411, 

366.215, 96, 0, 0.18411, 

366.215, 97, 0, 0.18411, 

366.215, 98, 0, 0.18411, 

366.215, 99, 0, 0.18411, 

366.215, 100, 0, 0.18411, 

366.215, 101, 0, 0.18411, 

366.215, 102, 0, 0.18411, 

366.215, 103, 0, 0.18411, 

366.215, 104, 0, 0.18411, 

366.215, 105, 0, 0.18411, 

366.215, 106, 0, 0.18411, 

366.215, 107, 0, 0.18411, 

366.215, 108, 0, 0.18411, 

366.215, 109, 0, 0.18411, 

366.215, 110, 0, 0.18411, 

366.215, 111, 0, 0.18411, 

366.215, 112, 0, 0.18411, 

366.215, 113, 0, 0.18411, 

366.215, 114, 0, 0.18411, 

366.215, 115, 0, 0.18411, 

366.215, 116, 0, 0.18411, 

366.215, 117, 0, 0.18411, 

366.215, 118, 0, 0.18411, 

366.215, 119, 0, 0.18411, 

371.645, 0, 0, 0.184109, 

371.645, 1, 0, 0.184109, 

371.645, 2, 0, 0.184109, 

371.645, 3, 0, 0.184109, 

371.645, 4, 0, 0.184109, 

371.645, 5, 0, 0.184109, 

371.645, 6, 0, 0.184109, 

371.645, 7, 0, 0.184109, 

371.645, 8, 0, 0.184109, 

371.645, 9, 0, 0.184109, 

371.645, 10, 0, 0.184109, 

371.645, 11, 0, 0.184109, 

371.645, 12, 0, 0.184109, 

371.645, 13, 0, 0.184109, 

371.645, 14, 0, 0.184109, 

371.645, 15, 0, 0.184109, 

371.645, 16, 0, 0.184109, 

371.645, 17, 0, 0.184109, 

371.645, 18, 0, 0.184109, 

371.645, 19, 0, 0.184109, 

371.645, 20, 0, 0.184109, 

371.645, 21, 0, 0.184109, 

371.645, 22, 0, 0.184109, 

371.645, 23, 0, 0.184109, 

371.645, 24, 0, 0.184109, 

371.645, 25, 0, 0.184109, 

371.645, 26, 0, 0.184109, 

371.645, 27, 0, 0.184109, 

371.645, 28, 0, 0.184109, 

371.645, 29, 0, 0.184109, 

371.645, 30, 0, 0.184109, 

371.645, 31, 0, 0.184109, 

371.645, 32, 0, 0.184109, 

371.645, 33, 0, 0.184109, 

371.645, 34, 0, 0.184109, 

371.645, 35, 0, 0.184109, 

371.645, 36, 0, 0.184109, 

371.645, 37, 0, 0.184109, 

371.645, 38, 0, 0.184109, 

371.645, 39, 0, 0.184109, 

371.645, 40, 0, 0.184109, 

371.645, 41, 0, 0.184109, 

371.645, 42, 0, 0.184109, 

371.645, 43, 0, 0.184109, 

371.645, 44, 0, 0.184109, 

371.645, 45, 0, 0.184109, 

371.645, 46, 0, 0.184109, 

371.645, 47, 0, 0.184109, 

371.645, 48, 0, 0.184109, 

371.645, 49, 0, 0.184109, 

371.645, 50, 0, 0.184109, 

371.645, 51, 0, 0.184109, 

371.645, 52, 0, 0.184109, 

371.645, 53, 0, 0.184109, 

371.645, 54, 0, 0.184109, 

371.645, 55, 0, 0.184109, 

371.645, 56, 0, 0.184109, 

371.645, 57, 0, 0.184109, 

371.645, 58, 0, 0.184109, 

371.645, 59, 0, 0.184109, 

371.645, 60, 0, 0.184109, 

371.645, 61, 0, 0.184109, 

371.645, 62, 0, 0.184109, 

371.645, 63, 0, 0.184109, 

371.645, 64, 0, 0.184109, 

371.645, 65, 0, 0.184109, 

371.645, 66, 0, 0.184109, 

371.645, 67, 0, 0.184109, 

371.645, 68, 0, 0.184109, 

371.645, 69, 0, 0.184109, 

371.645, 70, 0, 0.184109, 

371.645, 71, 0, 0.184109, 

371.645, 72, 0, 0.184109, 

371.645, 73, 0, 0.184109, 

371.645, 74, 0, 0.184109, 

371.645, 75, 0, 0.184109, 

371.645, 76, 0, 0.184109, 

371.645, 77, 0, 0.184109, 

371.645, 78, 0, 0.184109, 

371.645, 79, 0, 0.184109, 

371.645, 80, 0, 0.184109, 

371.645, 81, 0, 0.184109, 

371.645, 82, 0, 0.184109, 

371.645, 83, 0, 0.184109, 

371.645, 84, 0, 0.184109, 

371.645, 85, 0, 0.184109, 

371.645, 86, 0, 0.184109, 

371.645, 87, 0, 0.184109, 

371.645, 88, 0, 0.184109, 

371.645, 89, 0, 0.184109, 

371.645, 90, 0, 0.184109, 

371.645, 91, 0, 0.184109, 

371.645, 92, 0, 0.184109, 

371.645, 93, 0, 0.184109, 

371.645, 94, 0, 0.184109, 

371.645, 95, 0, 0.184109, 

371.645, 96, 0, 0.184109, 

371.645, 97, 0, 0.184109, 

371.645, 98, 0, 0.184109, 

371.645, 99, 0, 0.184109, 

371.645, 100, 0, 0.184109, 

371.645, 101, 0, 0.184109, 

371.645, 102, 0, 0.184109, 

371.645, 103, 0, 0.184109, 

371.645, 104, 0, 0.184109, 

371.645, 105, 0, 0.184109, 

371.645, 106, 0, 0.184109, 

371.645, 107, 0, 0.184109, 

371.645, 108, 0, 0.184109, 

371.645, 109, 0, 0.184109, 

371.645, 110, 0, 0.184109, 

371.645, 111, 0, 0.184109, 

371.645, 112, 0, 0.184109, 

371.645, 113, 0, 0.184109, 

371.645, 114, 0, 0.184109, 

371.645, 115, 0, 0.184109, 

371.645, 116, 0, 0.184109, 

371.645, 117, 0, 0.184109, 

371.645, 118, 0, 0.184109, 

371.645, 119, 0, 0.184109, 

377.076, 0, 0, 0.184109, 

377.076, 1, 0, 0.184109, 

377.076, 2, 0, 0.184109, 

377.076, 3, 0, 0.184109, 

377.076, 4, 0, 0.184109, 

377.076, 5, 0, 0.184109, 

377.076, 6, 0, 0.184109, 

377.076, 7, 0, 0.184109, 

377.076, 8, 0, 0.184109, 

377.076, 9, 0, 0.184109, 

377.076, 10, 0, 0.184109, 

377.076, 11, 0, 0.184109, 

377.076, 12, 0, 0.184109, 

377.076, 13, 0, 0.184109, 

377.076, 14, 0, 0.184109, 

377.076, 15, 0, 0.184109, 

377.076, 16, 0, 0.184109, 

377.076, 17, 0, 0.184109, 

377.076, 18, 0, 0.184109, 

377.076, 19, 0, 0.184109, 

377.076, 20, 0, 0.184109, 

377.076, 21, 0, 0.184109, 

377.076, 22, 0, 0.184109, 

377.076, 23, 0, 0.184109, 

377.076, 24, 0, 0.184109, 

377.076, 25, 0, 0.184109, 

377.076, 26, 0, 0.184109, 

377.076, 27, 0, 0.184109, 

377.076, 28, 0, 0.184109, 

377.076, 29, 0, 0.184109, 

377.076, 30, 0, 0.184109, 

377.076, 31, 0, 0.184109, 

377.076, 32, 0, 0.184109, 

377.076, 33, 0, 0.184109, 

377.076, 34, 0, 0.184109, 

377.076, 35, 0, 0.184109, 

377.076, 36, 0, 0.184109, 

377.076, 37, 0, 0.184109, 

377.076, 38, 0, 0.184109, 

377.076, 39, 0, 0.184109, 

377.076, 40, 0, 0.184109, 

377.076, 41, 0, 0.184109, 

377.076, 42, 0, 0.184109, 

377.076, 43, 0, 0.184109, 

377.076, 44, 0, 0.184109, 

377.076, 45, 0, 0.184109, 

377.076, 46, 0, 0.184109, 

377.076, 47, 0, 0.184109, 

377.076, 48, 0, 0.184109, 

377.076, 49, 0, 0.184109, 

377.076, 50, 0, 0.184109, 

377.076, 51, 0, 0.184109, 

377.076, 52, 0, 0.184109, 

377.076, 53, 0, 0.184109, 

377.076, 54, 0, 0.184109, 

377.076, 55, 0, 0.184109, 

377.076, 56, 0, 0.184109, 

377.076, 57, 0, 0.184109, 

377.076, 58, 0, 0.184109, 

377.076, 59, 0, 0.184109, 

377.076, 60, 0, 0.184109, 

377.076, 61, 0, 0.184109, 

377.076, 62, 0, 0.184109, 

377.076, 63, 0, 0.184109, 

377.076, 64, 0, 0.184109, 

377.076, 65, 0, 0.184109, 

377.076, 66, 0, 0.184109, 

377.076, 67, 0, 0.184109, 

377.076, 68, 0, 0.184109, 

377.076, 69, 0, 0.184109, 

377.076, 70, 0, 0.184109, 

377.076, 71, 0, 0.184109, 

377.076, 72, 0, 0.184109, 

377.076, 73, 0, 0.184109, 

377.076, 74, 0, 0.184109, 

377.076, 75, 0, 0.184109, 

377.076, 76, 0, 0.184109, 

377.076, 77, 0, 0.184109, 

377.076, 78, 0, 0.184109, 

377.076, 79, 0, 0.184109, 

377.076, 80, 0, 0.184109, 

377.076, 81, 0, 0.184109, 

377.076, 82, 0, 0.184109, 

377.076, 83, 0, 0.184109, 

377.076, 84, 0, 0.184109, 

377.076, 85, 0, 0.184109, 

377.076, 86, 0, 0.184109, 

377.076, 87, 0, 0.184109, 

377.076, 88, 0, 0.184109, 

377.076, 89, 0, 0.184109, 

377.076, 90, 0, 0.184109, 

377.076, 91, 0, 0.184109, 

377.076, 92, 0, 0.184109, 

377.076, 93, 0, 0.184109, 

377.076, 94, 0, 0.184109, 

377.076, 95, 0, 0.184109, 

377.076, 96, 0, 0.184109, 

377.076, 97, 0, 0.184109, 

377.076, 98, 0, 0.184109, 

377.076, 99, 0, 0.184109, 

377.076, 100, 0, 0.184109, 

377.076, 101, 0, 0.184109, 

377.076, 102, 0, 0.184109, 

377.076, 103, 0, 0.184109, 

377.076, 104, 0, 0.184109, 

377.076, 105, 0, 0.184109, 

377.076, 106, 0, 0.184109, 

377.076, 107, 0, 0.184109, 

377.076, 108, 0, 0.184109, 

377.076, 109, 0, 0.184109, 

377.076, 110, 0, 0.184109, 

377.076, 111, 0, 0.184109, 

377.076, 112, 0, 0.184109, 

377.076, 113, 0, 0.184109, 

377.076, 114, 0, 0.184109, 

377.076, 115, 0, 0.184109, 

377.076, 116, 0, 0.184109, 

377.076, 117, 0, 0.184109, 

377.076, 118, 0, 0.184109, 

377.076, 119, 0, 0.184109, 

382.506, 0, 0, 0.184109, 

382.506, 1, 0, 0.184109, 

382.506, 2, 0, 0.184109, 

382.506, 3, 0, 0.184109, 

382.506, 4, 0, 0.184109, 

382.506, 5, 0, 0.184109, 

382.506, 6, 0, 0.184109, 

382.506, 7, 0, 0.184109, 

382.506, 8, 0, 0.184109, 

382.506, 9, 0, 0.184109, 

382.506, 10, 0, 0.184109, 

382.506, 11, 0, 0.184109, 

382.506, 12, 0, 0.184109, 

382.506, 13, 0, 0.184109, 

382.506, 14, 0, 0.184109, 

382.506, 15, 0, 0.184109, 

382.506, 16, 0, 0.184109, 

382.506, 17, 0, 0.184109, 

382.506, 18, 0, 0.184109, 

382.506, 19, 0, 0.184109, 

382.506, 20, 0, 0.184109, 

382.506, 21, 0, 0.184109, 

382.506, 22, 0, 0.184109, 

382.506, 23, 0, 0.184109, 

382.506, 24, 0, 0.184109, 

382.506, 25, 0, 0.184109, 

382.506, 26, 0, 0.184109, 

382.506, 27, 0, 0.184109, 

382.506, 28, 0, 0.184109, 

382.506, 29, 0, 0.184109, 

382.506, 30, 0, 0.184109, 

382.506, 31, 0, 0.184109, 

382.506, 32, 0, 0.184109, 

382.506, 33, 0, 0.184109, 

382.506, 34, 0, 0.184109, 

382.506, 35, 0, 0.184109, 

382.506, 36, 0, 0.184109, 

382.506, 37, 0, 0.184109, 

382.506, 38, 0, 0.184109, 

382.506, 39, 0, 0.184109, 

382.506, 40, 0, 0.184109, 

382.506, 41, 0, 0.184109, 

382.506, 42, 0, 0.184109, 

382.506, 43, 0, 0.184109, 

382.506, 44, 0, 0.184109, 

382.506, 45, 0, 0.184109, 

382.506, 46, 0, 0.184109, 

382.506, 47, 0, 0.184109, 

382.506, 48, 0, 0.184109, 

382.506, 49, 0, 0.184109, 

382.506, 50, 0, 0.184109, 

382.506, 51, 0, 0.184109, 

382.506, 52, 0, 0.184109, 

382.506, 53, 0, 0.184109, 

382.506, 54, 0, 0.184109, 

382.506, 55, 0, 0.184109, 

382.506, 56, 0, 0.184109, 

382.506, 57, 0, 0.184109, 

382.506, 58, 0, 0.184109, 

382.506, 59, 0, 0.184109, 

382.506, 60, 0, 0.184109, 

382.506, 61, 0, 0.184109, 

382.506, 62, 0, 0.184109, 

382.506, 63, 0, 0.184109, 

382.506, 64, 0, 0.184109, 

382.506, 65, 0, 0.184109, 

382.506, 66, 0, 0.184109, 

382.506, 67, 0, 0.184109, 

382.506, 68, 0, 0.184109, 

382.506, 69, 0, 0.184109, 

382.506, 70, 0, 0.184109, 

382.506, 71, 0, 0.184109, 

382.506, 72, 0, 0.184109, 

382.506, 73, 0, 0.184109, 

382.506, 74, 0, 0.184109, 

382.506, 75, 0, 0.184109, 

382.506, 76, 0, 0.184109, 

382.506, 77, 0, 0.184109, 

382.506, 78, 0, 0.184109, 

382.506, 79, 0, 0.184109, 

382.506, 80, 0, 0.184109, 

382.506, 81, 0, 0.184109, 

382.506, 82, 0, 0.184109, 

382.506, 83, 0, 0.184109, 

382.506, 84, 0, 0.184109, 

382.506, 85, 0, 0.184109, 

382.506, 86, 0, 0.184109, 

382.506, 87, 0, 0.184109, 

382.506, 88, 0, 0.184109, 

382.506, 89, 0, 0.184109, 

382.506, 90, 0, 0.184109, 

382.506, 91, 0, 0.184109, 

382.506, 92, 0, 0.184109, 

382.506, 93, 0, 0.184109, 

382.506, 94, 0, 0.184109, 

382.506, 95, 0, 0.184109, 

382.506, 96, 0, 0.184109, 

382.506, 97, 0, 0.184109, 

382.506, 98, 0, 0.184109, 

382.506, 99, 0, 0.184109, 

382.506, 100, 0, 0.184109, 

382.506, 101, 0, 0.184109, 

382.506, 102, 0, 0.184109, 

382.506, 103, 0, 0.184109, 

382.506, 104, 0, 0.184109, 

382.506, 105, 0, 0.184109, 

382.506, 106, 0, 0.184109, 

382.506, 107, 0, 0.184109, 

382.506, 108, 0, 0.184109, 

382.506, 109, 0, 0.184109, 

382.506, 110, 0, 0.184109, 

382.506, 111, 0, 0.184109, 

382.506, 112, 0, 0.184109, 

382.506, 113, 0, 0.184109, 

382.506, 114, 0, 0.184109, 

382.506, 115, 0, 0.184109, 

382.506, 116, 0, 0.184109, 

382.506, 117, 0, 0.184109, 

382.506, 118, 0, 0.184109, 

382.506, 119, 0, 0.184109, 

387.936, 0, 0, 0.184109, 

387.936, 1, 0, 0.184109, 

387.936, 2, 0, 0.184109, 

387.936, 3, 0, 0.184109, 

387.936, 4, 0, 0.184109, 

387.936, 5, 0, 0.184109, 

387.936, 6, 0, 0.184109, 

387.936, 7, 0, 0.184109, 

387.936, 8, 0, 0.184109, 

387.936, 9, 0, 0.184109, 

387.936, 10, 0, 0.184109, 

387.936, 11, 0, 0.184109, 

387.936, 12, 0, 0.184109, 

387.936, 13, 0, 0.184109, 

387.936, 14, 0, 0.184109, 

387.936, 15, 0, 0.184109, 

387.936, 16, 0, 0.184109, 

387.936, 17, 0, 0.184109, 

387.936, 18, 0, 0.184109, 

387.936, 19, 0, 0.184109, 

387.936, 20, 0, 0.184109, 

387.936, 21, 0, 0.184109, 

387.936, 22, 0, 0.184109, 

387.936, 23, 0, 0.184109, 

387.936, 24, 0, 0.184109, 

387.936, 25, 0, 0.184109, 

387.936, 26, 0, 0.184109, 

387.936, 27, 0, 0.184109, 

387.936, 28, 0, 0.184109, 

387.936, 29, 0, 0.184109, 

387.936, 30, 0, 0.184109, 

387.936, 31, 0, 0.184109, 

387.936, 32, 0, 0.184109, 

387.936, 33, 0, 0.184109, 

387.936, 34, 0, 0.184109, 

387.936, 35, 0, 0.184109, 

387.936, 36, 0, 0.184109, 

387.936, 37, 0, 0.184109, 

387.936, 38, 0, 0.184109, 

387.936, 39, 0, 0.184109, 

387.936, 40, 0, 0.184109, 

387.936, 41, 0, 0.184109, 

387.936, 42, 0, 0.184109, 

387.936, 43, 0, 0.184109, 

387.936, 44, 0, 0.184109, 

387.936, 45, 0, 0.184109, 

387.936, 46, 0, 0.184109, 

387.936, 47, 0, 0.184109, 

387.936, 48, 0, 0.184109, 

387.936, 49, 0, 0.184109, 

387.936, 50, 0, 0.184109, 

387.936, 51, 0, 0.184109, 

387.936, 52, 0, 0.184109, 

387.936, 53, 0, 0.184109, 

387.936, 54, 0, 0.184109, 

387.936, 55, 0, 0.184109, 

387.936, 56, 0, 0.184109, 

387.936, 57, 0, 0.184109, 

387.936, 58, 0, 0.184109, 

387.936, 59, 0, 0.184109, 

387.936, 60, 0, 0.184109, 

387.936, 61, 0, 0.184109, 

387.936, 62, 0, 0.184109, 

387.936, 63, 0, 0.184109, 

387.936, 64, 0, 0.184109, 

387.936, 65, 0, 0.184109, 

387.936, 66, 0, 0.184109, 

387.936, 67, 0, 0.184109, 

387.936, 68, 0, 0.184109, 

387.936, 69, 0, 0.184109, 

387.936, 70, 0, 0.184109, 

387.936, 71, 0, 0.184109, 

387.936, 72, 0, 0.184109, 

387.936, 73, 0, 0.184109, 

387.936, 74, 0, 0.184109, 

387.936, 75, 0, 0.184109, 

387.936, 76, 0, 0.184109, 

387.936, 77, 0, 0.184109, 

387.936, 78, 0, 0.184109, 

387.936, 79, 0, 0.184109, 

387.936, 80, 0, 0.184109, 

387.936, 81, 0, 0.184109, 

387.936, 82, 0, 0.184109, 

387.936, 83, 0, 0.184109, 

387.936, 84, 0, 0.184109, 

387.936, 85, 0, 0.184109, 

387.936, 86, 0, 0.184109, 

387.936, 87, 0, 0.184109, 

387.936, 88, 0, 0.184109, 

387.936, 89, 0, 0.184109, 

387.936, 90, 0, 0.184109, 

387.936, 91, 0, 0.184109, 

387.936, 92, 0, 0.184109, 

387.936, 93, 0, 0.184109, 

387.936, 94, 0, 0.184109, 

387.936, 95, 0, 0.184109, 

387.936, 96, 0, 0.184109, 

387.936, 97, 0, 0.184109, 

387.936, 98, 0, 0.184109, 

387.936, 99, 0, 0.184109, 

387.936, 100, 0, 0.184109, 

387.936, 101, 0, 0.184109, 

387.936, 102, 0, 0.184109, 

387.936, 103, 0, 0.184109, 

387.936, 104, 0, 0.184109, 

387.936, 105, 0, 0.184109, 

387.936, 106, 0, 0.184109, 

387.936, 107, 0, 0.184109, 

387.936, 108, 0, 0.184109, 

387.936, 109, 0, 0.184109, 

387.936, 110, 0, 0.184109, 

387.936, 111, 0, 0.184109, 

387.936, 112, 0, 0.184109, 

387.936, 113, 0, 0.184109, 

387.936, 114, 0, 0.184109, 

387.936, 115, 0, 0.184109, 

387.936, 116, 0, 0.184109, 

387.936, 117, 0, 0.184109, 

387.936, 118, 0, 0.184109, 

387.936, 119, 0, 0.184109, 

393.367, 0, 0, 0.184109, 

393.367, 1, 0, 0.184109, 

393.367, 2, 0, 0.184109, 

393.367, 3, 0, 0.184109, 

393.367, 4, 0, 0.184109, 

393.367, 5, 0, 0.184109, 

393.367, 6, 0, 0.184109, 

393.367, 7, 0, 0.184109, 

393.367, 8, 0, 0.184109, 

393.367, 9, 0, 0.184109, 

393.367, 10, 0, 0.184109, 

393.367, 11, 0, 0.184109, 

393.367, 12, 0, 0.184109, 

393.367, 13, 0, 0.184109, 

393.367, 14, 0, 0.184109, 

393.367, 15, 0, 0.184109, 

393.367, 16, 0, 0.184109, 

393.367, 17, 0, 0.184109, 

393.367, 18, 0, 0.184109, 

393.367, 19, 0, 0.184109, 

393.367, 20, 0, 0.184109, 

393.367, 21, 0, 0.184109, 

393.367, 22, 0, 0.184109, 

393.367, 23, 0, 0.184109, 

393.367, 24, 0, 0.184109, 

393.367, 25, 0, 0.184109, 

393.367, 26, 0, 0.184109, 

393.367, 27, 0, 0.184109, 

393.367, 28, 0, 0.184109, 

393.367, 29, 0, 0.184109, 

393.367, 30, 0, 0.184109, 

393.367, 31, 0, 0.184109, 

393.367, 32, 0, 0.184109, 

393.367, 33, 0, 0.184109, 

393.367, 34, 0, 0.184109, 

393.367, 35, 0, 0.184109, 

393.367, 36, 0, 0.184109, 

393.367, 37, 0, 0.184109, 

393.367, 38, 0, 0.184109, 

393.367, 39, 0, 0.184109, 

393.367, 40, 0, 0.184109, 

393.367, 41, 0, 0.184109, 

393.367, 42, 0, 0.184109, 

393.367, 43, 0, 0.184109, 

393.367, 44, 0, 0.184109, 

393.367, 45, 0, 0.184109, 

393.367, 46, 0, 0.184109, 

393.367, 47, 0, 0.184109, 

393.367, 48, 0, 0.184109, 

393.367, 49, 0, 0.184109, 

393.367, 50, 0, 0.184109, 

393.367, 51, 0, 0.184109, 

393.367, 52, 0, 0.184109, 

393.367, 53, 0, 0.184109, 

393.367, 54, 0, 0.184109, 

393.367, 55, 0, 0.184109, 

393.367, 56, 0, 0.184109, 

393.367, 57, 0, 0.184109, 

393.367, 58, 0, 0.184109, 

393.367, 59, 0, 0.184109, 

393.367, 60, 0, 0.184109, 

393.367, 61, 0, 0.184109, 

393.367, 62, 0, 0.184109, 

393.367, 63, 0, 0.184109, 

393.367, 64, 0, 0.184109, 

393.367, 65, 0, 0.184109, 

393.367, 66, 0, 0.184109, 

393.367, 67, 0, 0.184109, 

393.367, 68, 0, 0.184109, 

393.367, 69, 0, 0.184109, 

393.367, 70, 0, 0.184109, 

393.367, 71, 0, 0.184109, 

393.367, 72, 0, 0.184109, 

393.367, 73, 0, 0.184109, 

393.367, 74, 0, 0.184109, 

393.367, 75, 0, 0.184109, 

393.367, 76, 0, 0.184109, 

393.367, 77, 0, 0.184109, 

393.367, 78, 0, 0.184109, 

393.367, 79, 0, 0.184109, 

393.367, 80, 0, 0.184109, 

393.367, 81, 0, 0.184109, 

393.367, 82, 0, 0.184109, 

393.367, 83, 0, 0.184109, 

393.367, 84, 0, 0.184109, 

393.367, 85, 0, 0.184109, 

393.367, 86, 0, 0.184109, 

393.367, 87, 0, 0.184109, 

393.367, 88, 0, 0.184109, 

393.367, 89, 0, 0.184109, 

393.367, 90, 0, 0.184109, 

393.367, 91, 0, 0.184109, 

393.367, 92, 0, 0.184109, 

393.367, 93, 0, 0.184109, 

393.367, 94, 0, 0.184109, 

393.367, 95, 0, 0.184109, 

393.367, 96, 0, 0.184109, 

393.367, 97, 0, 0.184109, 

393.367, 98, 0, 0.184109, 

393.367, 99, 0, 0.184109, 

393.367, 100, 0, 0.184109, 

393.367, 101, 0, 0.184109, 

393.367, 102, 0, 0.184109, 

393.367, 103, 0, 0.184109, 

393.367, 104, 0, 0.184109, 

393.367, 105, 0, 0.184109, 

393.367, 106, 0, 0.184109, 

393.367, 107, 0, 0.184109, 

393.367, 108, 0, 0.184109, 

393.367, 109, 0, 0.184109, 

393.367, 110, 0, 0.184109, 

393.367, 111, 0, 0.184109, 

393.367, 112, 0, 0.184109, 

393.367, 113, 0, 0.184109, 

393.367, 114, 0, 0.184109, 

393.367, 115, 0, 0.184109, 

393.367, 116, 0, 0.184109, 

393.367, 117, 0, 0.184109, 

393.367, 118, 0, 0.184109, 

393.367, 119, 0, 0.184109, 

398.797, 0, 0, 0.184109, 

398.797, 1, 0, 0.184109, 

398.797, 2, 0, 0.184109, 

398.797, 3, 0, 0.184109, 

398.797, 4, 0, 0.184109, 

398.797, 5, 0, 0.184109, 

398.797, 6, 0, 0.184109, 

398.797, 7, 0, 0.184109, 

398.797, 8, 0, 0.184109, 

398.797, 9, 0, 0.184109, 

398.797, 10, 0, 0.184109, 

398.797, 11, 0, 0.184109, 

398.797, 12, 0, 0.184109, 

398.797, 13, 0, 0.184109, 

398.797, 14, 0, 0.184109, 

398.797, 15, 0, 0.184109, 

398.797, 16, 0, 0.184109, 

398.797, 17, 0, 0.184109, 

398.797, 18, 0, 0.184109, 

398.797, 19, 0, 0.184109, 

398.797, 20, 0, 0.184109, 

398.797, 21, 0, 0.184109, 

398.797, 22, 0, 0.184109, 

398.797, 23, 0, 0.184109, 

398.797, 24, 0, 0.184109, 

398.797, 25, 0, 0.184109, 

398.797, 26, 0, 0.184109, 

398.797, 27, 0, 0.184109, 

398.797, 28, 0, 0.184109, 

398.797, 29, 0, 0.184109, 

398.797, 30, 0, 0.184109, 

398.797, 31, 0, 0.184109, 

398.797, 32, 0, 0.184109, 

398.797, 33, 0, 0.184109, 

398.797, 34, 0, 0.184109, 

398.797, 35, 0, 0.184109, 

398.797, 36, 0, 0.184109, 

398.797, 37, 0, 0.184109, 

398.797, 38, 0, 0.184109, 

398.797, 39, 0, 0.184109, 

398.797, 40, 0, 0.184109, 

398.797, 41, 0, 0.184109, 

398.797, 42, 0, 0.184109, 

398.797, 43, 0, 0.184109, 

398.797, 44, 0, 0.184109, 

398.797, 45, 0, 0.184109, 

398.797, 46, 0, 0.184109, 

398.797, 47, 0, 0.184109, 

398.797, 48, 0, 0.184109, 

398.797, 49, 0, 0.184109, 

398.797, 50, 0, 0.184109, 

398.797, 51, 0, 0.184109, 

398.797, 52, 0, 0.184109, 

398.797, 53, 0, 0.184109, 

398.797, 54, 0, 0.184109, 

398.797, 55, 0, 0.184109, 

398.797, 56, 0, 0.184109, 

398.797, 57, 0, 0.184109, 

398.797, 58, 0, 0.184109, 

398.797, 59, 0, 0.184109, 

398.797, 60, 0, 0.184109, 

398.797, 61, 0, 0.184109, 

398.797, 62, 0, 0.184109, 

398.797, 63, 0, 0.184109, 

398.797, 64, 0, 0.184109, 

398.797, 65, 0, 0.184109, 

398.797, 66, 0, 0.184109, 

398.797, 67, 0, 0.184109, 

398.797, 68, 0, 0.184109, 

398.797, 69, 0, 0.184109, 

398.797, 70, 0, 0.184109, 

398.797, 71, 0, 0.184109, 

398.797, 72, 0, 0.184109, 

398.797, 73, 0, 0.184109, 

398.797, 74, 0, 0.184109, 

398.797, 75, 0, 0.184109, 

398.797, 76, 0, 0.184109, 

398.797, 77, 0, 0.184109, 

398.797, 78, 0, 0.184109, 

398.797, 79, 0, 0.184109, 

398.797, 80, 0, 0.184109, 

398.797, 81, 0, 0.184109, 

398.797, 82, 0, 0.184109, 

398.797, 83, 0, 0.184109, 

398.797, 84, 0, 0.184109, 

398.797, 85, 0, 0.184109, 

398.797, 86, 0, 0.184109, 

398.797, 87, 0, 0.184109, 

398.797, 88, 0, 0.184109, 

398.797, 89, 0, 0.184109, 

398.797, 90, 0, 0.184109, 

398.797, 91, 0, 0.184109, 

398.797, 92, 0, 0.184109, 

398.797, 93, 0, 0.184109, 

398.797, 94, 0, 0.184109, 

398.797, 95, 0, 0.184109, 

398.797, 96, 0, 0.184109, 

398.797, 97, 0, 0.184109, 

398.797, 98, 0, 0.184109, 

398.797, 99, 0, 0.184109, 

398.797, 100, 0, 0.184109, 

398.797, 101, 0, 0.184109, 

398.797, 102, 0, 0.184109, 

398.797, 103, 0, 0.184109, 

398.797, 104, 0, 0.184109, 

398.797, 105, 0, 0.184109, 

398.797, 106, 0, 0.184109, 

398.797, 107, 0, 0.184109, 

398.797, 108, 0, 0.184109, 

398.797, 109, 0, 0.184109, 

398.797, 110, 0, 0.184109, 

398.797, 111, 0, 0.184109, 

398.797, 112, 0, 0.184109, 

398.797, 113, 0, 0.184109, 

398.797, 114, 0, 0.184109, 

398.797, 115, 0, 0.184109, 

398.797, 116, 0, 0.184109, 

398.797, 117, 0, 0.184109, 

398.797, 118, 0, 0.184109, 

398.797, 119, 0, 0.184109, 

404.228, 0, 0, 0.184109, 

404.228, 1, 0, 0.184109, 

404.228, 2, 0, 0.184109, 

404.228, 3, 0, 0.184109, 

404.228, 4, 0, 0.184109, 

404.228, 5, 0, 0.184109, 

404.228, 6, 0, 0.184109, 

404.228, 7, 0, 0.184109, 

404.228, 8, 0, 0.184109, 

404.228, 9, 0, 0.184109, 

404.228, 10, 0, 0.184109, 

404.228, 11, 0, 0.184109, 

404.228, 12, 0, 0.184109, 

404.228, 13, 0, 0.184109, 

404.228, 14, 0, 0.184109, 

404.228, 15, 0, 0.184109, 

404.228, 16, 0, 0.184109, 

404.228, 17, 0, 0.184109, 

404.228, 18, 0, 0.184109, 

404.228, 19, 0, 0.184109, 

404.228, 20, 0, 0.184109, 

404.228, 21, 0, 0.184109, 

404.228, 22, 0, 0.184109, 

404.228, 23, 0, 0.184109, 

404.228, 24, 0, 0.184109, 

404.228, 25, 0, 0.184109, 

404.228, 26, 0, 0.184109, 

404.228, 27, 0, 0.184109, 

404.228, 28, 0, 0.184109, 

404.228, 29, 0, 0.184109, 

404.228, 30, 0, 0.184109, 

404.228, 31, 0, 0.184109, 

404.228, 32, 0, 0.184109, 

404.228, 33, 0, 0.184109, 

404.228, 34, 0, 0.184109, 

404.228, 35, 0, 0.184109, 

404.228, 36, 0, 0.184109, 

404.228, 37, 0, 0.184109, 

404.228, 38, 0, 0.184109, 

404.228, 39, 0, 0.184109, 

404.228, 40, 0, 0.184109, 

404.228, 41, 0, 0.184109, 

404.228, 42, 0, 0.184109, 

404.228, 43, 0, 0.184109, 

404.228, 44, 0, 0.184109, 

404.228, 45, 0, 0.184109, 

404.228, 46, 0, 0.184109, 

404.228, 47, 0, 0.184109, 

404.228, 48, 0, 0.184109, 

404.228, 49, 0, 0.184109, 

404.228, 50, 0, 0.184109, 

404.228, 51, 0, 0.184109, 

404.228, 52, 0, 0.184109, 

404.228, 53, 0, 0.184109, 

404.228, 54, 0, 0.184109, 

404.228, 55, 0, 0.184109, 

404.228, 56, 0, 0.184109, 

404.228, 57, 0, 0.184109, 

404.228, 58, 0, 0.184109, 

404.228, 59, 0, 0.184109, 

404.228, 60, 0, 0.184109, 

404.228, 61, 0, 0.184109, 

404.228, 62, 0, 0.184109, 

404.228, 63, 0, 0.184109, 

404.228, 64, 0, 0.184109, 

404.228, 65, 0, 0.184109, 

404.228, 66, 0, 0.184109, 

404.228, 67, 0, 0.184109, 

404.228, 68, 0, 0.184109, 

404.228, 69, 0, 0.184109, 

404.228, 70, 0, 0.184109, 

404.228, 71, 0, 0.184109, 

404.228, 72, 0, 0.184109, 

404.228, 73, 0, 0.184109, 

404.228, 74, 0, 0.184109, 

404.228, 75, 0, 0.184109, 

404.228, 76, 0, 0.184109, 

404.228, 77, 0, 0.184109, 

404.228, 78, 0, 0.184109, 

404.228, 79, 0, 0.184109, 

404.228, 80, 0, 0.184109, 

404.228, 81, 0, 0.184109, 

404.228, 82, 0, 0.184109, 

404.228, 83, 0, 0.184109, 

404.228, 84, 0, 0.184109, 

404.228, 85, 0, 0.184109, 

404.228, 86, 0, 0.184109, 

404.228, 87, 0, 0.184109, 

404.228, 88, 0, 0.184109, 

404.228, 89, 0, 0.184109, 

404.228, 90, 0, 0.184109, 

404.228, 91, 0, 0.184109, 

404.228, 92, 0, 0.184109, 

404.228, 93, 0, 0.184109, 

404.228, 94, 0, 0.184109, 

404.228, 95, 0, 0.184109, 

404.228, 96, 0, 0.184109, 

404.228, 97, 0, 0.184109, 

404.228, 98, 0, 0.184109, 

404.228, 99, 0, 0.184109, 

404.228, 100, 0, 0.184109, 

404.228, 101, 0, 0.184109, 

404.228, 102, 0, 0.184109, 

404.228, 103, 0, 0.184109, 

404.228, 104, 0, 0.184109, 

404.228, 105, 0, 0.184109, 

404.228, 106, 0, 0.184109, 

404.228, 107, 0, 0.184109, 

404.228, 108, 0, 0.184109, 

404.228, 109, 0, 0.184109, 

404.228, 110, 0, 0.184109, 

404.228, 111, 0, 0.184109, 

404.228, 112, 0, 0.184109, 

404.228, 113, 0, 0.184109, 

404.228, 114, 0, 0.184109, 

404.228, 115, 0, 0.184109, 

404.228, 116, 0, 0.184109, 

404.228, 117, 0, 0.184109, 

404.228, 118, 0, 0.184109, 

404.228, 119, 0, 0.184109, 

409.658, 0, 0, 0.184109, 

409.658, 1, 0, 0.184109, 

409.658, 2, 0, 0.184109, 

409.658, 3, 0, 0.184109, 

409.658, 4, 0, 0.184109, 

409.658, 5, 0, 0.184109, 

409.658, 6, 0, 0.184109, 

409.658, 7, 0, 0.184109, 

409.658, 8, 0, 0.184109, 

409.658, 9, 0, 0.184109, 

409.658, 10, 0, 0.184109, 

409.658, 11, 0, 0.184109, 

409.658, 12, 0, 0.184109, 

409.658, 13, 0, 0.184109, 

409.658, 14, 0, 0.184109, 

409.658, 15, 0, 0.184109, 

409.658, 16, 0, 0.184109, 

409.658, 17, 0, 0.184109, 

409.658, 18, 0, 0.184109, 

409.658, 19, 0, 0.184109, 

409.658, 20, 0, 0.184109, 

409.658, 21, 0, 0.184109, 

409.658, 22, 0, 0.184109, 

409.658, 23, 0, 0.184109, 

409.658, 24, 0, 0.184109, 

409.658, 25, 0, 0.184109, 

409.658, 26, 0, 0.184109, 

409.658, 27, 0, 0.184109, 

409.658, 28, 0, 0.184109, 

409.658, 29, 0, 0.184109, 

409.658, 30, 0, 0.184109, 

409.658, 31, 0, 0.184109, 

409.658, 32, 0, 0.184109, 

409.658, 33, 0, 0.184109, 

409.658, 34, 0, 0.184109, 

409.658, 35, 0, 0.184109, 

409.658, 36, 0, 0.184109, 

409.658, 37, 0, 0.184109, 

409.658, 38, 0, 0.184109, 

409.658, 39, 0, 0.184109, 

409.658, 40, 0, 0.184109, 

409.658, 41, 0, 0.184109, 

409.658, 42, 0, 0.184109, 

409.658, 43, 0, 0.184109, 

409.658, 44, 0, 0.184109, 

409.658, 45, 0, 0.184109, 

409.658, 46, 0, 0.184109, 

409.658, 47, 0, 0.184109, 

409.658, 48, 0, 0.184109, 

409.658, 49, 0, 0.184109, 

409.658, 50, 0, 0.184109, 

409.658, 51, 0, 0.184109, 

409.658, 52, 0, 0.184109, 

409.658, 53, 0, 0.184109, 

409.658, 54, 0, 0.184109, 

409.658, 55, 0, 0.184109, 

409.658, 56, 0, 0.184109, 

409.658, 57, 0, 0.184109, 

409.658, 58, 0, 0.184109, 

409.658, 59, 0, 0.184109, 

409.658, 60, 0, 0.184109, 

409.658, 61, 0, 0.184109, 

409.658, 62, 0, 0.184109, 

409.658, 63, 0, 0.184109, 

409.658, 64, 0, 0.184109, 

409.658, 65, 0, 0.184109, 

409.658, 66, 0, 0.184109, 

409.658, 67, 0, 0.184109, 

409.658, 68, 0, 0.184109, 

409.658, 69, 0, 0.184109, 

409.658, 70, 0, 0.184109, 

409.658, 71, 0, 0.184109, 

409.658, 72, 0, 0.184109, 

409.658, 73, 0, 0.184109, 

409.658, 74, 0, 0.184109, 

409.658, 75, 0, 0.184109, 

409.658, 76, 0, 0.184109, 

409.658, 77, 0, 0.184109, 

409.658, 78, 0, 0.184109, 

409.658, 79, 0, 0.184109, 

409.658, 80, 0, 0.184109, 

409.658, 81, 0, 0.184109, 

409.658, 82, 0, 0.184109, 

409.658, 83, 0, 0.184109, 

409.658, 84, 0, 0.184109, 

409.658, 85, 0, 0.184109, 

409.658, 86, 0, 0.184109, 

409.658, 87, 0, 0.184109, 

409.658, 88, 0, 0.184109, 

409.658, 89, 0, 0.184109, 

409.658, 90, 0, 0.184109, 

409.658, 91, 0, 0.184109, 

409.658, 92, 0, 0.184109, 

409.658, 93, 0, 0.184109, 

409.658, 94, 0, 0.184109, 

409.658, 95, 0, 0.184109, 

409.658, 96, 0, 0.184109, 

409.658, 97, 0, 0.184109, 

409.658, 98, 0, 0.184109, 

409.658, 99, 0, 0.184109, 

409.658, 100, 0, 0.184109, 

409.658, 101, 0, 0.184109, 

409.658, 102, 0, 0.184109, 

409.658, 103, 0, 0.184109, 

409.658, 104, 0, 0.184109, 

409.658, 105, 0, 0.184109, 

409.658, 106, 0, 0.184109, 

409.658, 107, 0, 0.184109, 

409.658, 108, 0, 0.184109, 

409.658, 109, 0, 0.184109, 

409.658, 110, 0, 0.184109, 

409.658, 111, 0, 0.184109, 

409.658, 112, 0, 0.184109, 

409.658, 113, 0, 0.184109, 

409.658, 114, 0, 0.184109, 

409.658, 115, 0, 0.184109, 

409.658, 116, 0, 0.184109, 

409.658, 117, 0, 0.184109, 

409.658, 118, 0, 0.184109, 

409.658, 119, 0, 0.184109, 

415.088, 0, 0, 0.184109, 

415.088, 1, 0, 0.184109, 

415.088, 2, 0, 0.184109, 

415.088, 3, 0, 0.184109, 

415.088, 4, 0, 0.184109, 

415.088, 5, 0, 0.184109, 

415.088, 6, 0, 0.184109, 

415.088, 7, 0, 0.184109, 

415.088, 8, 0, 0.184109, 

415.088, 9, 0, 0.184109, 

415.088, 10, 0, 0.184109, 

415.088, 11, 0, 0.184109, 

415.088, 12, 0, 0.184109, 

415.088, 13, 0, 0.184109, 

415.088, 14, 0, 0.184109, 

415.088, 15, 0, 0.184109, 

415.088, 16, 0, 0.184109, 

415.088, 17, 0, 0.184109, 

415.088, 18, 0, 0.184109, 

415.088, 19, 0, 0.184109, 

415.088, 20, 0, 0.184109, 

415.088, 21, 0, 0.184109, 

415.088, 22, 0, 0.184109, 

415.088, 23, 0, 0.184109, 

415.088, 24, 0, 0.184109, 

415.088, 25, 0, 0.184109, 

415.088, 26, 0, 0.184109, 

415.088, 27, 0, 0.184109, 

415.088, 28, 0, 0.184109, 

415.088, 29, 0, 0.184109, 

415.088, 30, 0, 0.184109, 

415.088, 31, 0, 0.184109, 

415.088, 32, 0, 0.184109, 

415.088, 33, 0, 0.184109, 

415.088, 34, 0, 0.184109, 

415.088, 35, 0, 0.184109, 

415.088, 36, 0, 0.184109, 

415.088, 37, 0, 0.184109, 

415.088, 38, 0, 0.184109, 

415.088, 39, 0, 0.184109, 

415.088, 40, 0, 0.184109, 

415.088, 41, 0, 0.184109, 

415.088, 42, 0, 0.184109, 

415.088, 43, 0, 0.184109, 

415.088, 44, 0, 0.184109, 

415.088, 45, 0, 0.184109, 

415.088, 46, 0, 0.184109, 

415.088, 47, 0, 0.184109, 

415.088, 48, 0, 0.184109, 

415.088, 49, 0, 0.184109, 

415.088, 50, 0, 0.184109, 

415.088, 51, 0, 0.184109, 

415.088, 52, 0, 0.184109, 

415.088, 53, 0, 0.184109, 

415.088, 54, 0, 0.184109, 

415.088, 55, 0, 0.184109, 

415.088, 56, 0, 0.184109, 

415.088, 57, 0, 0.184109, 

415.088, 58, 0, 0.184109, 

415.088, 59, 0, 0.184109, 

415.088, 60, 0, 0.184109, 

415.088, 61, 0, 0.184109, 

415.088, 62, 0, 0.184109, 

415.088, 63, 0, 0.184109, 

415.088, 64, 0, 0.184109, 

415.088, 65, 0, 0.184109, 

415.088, 66, 0, 0.184109, 

415.088, 67, 0, 0.184109, 

415.088, 68, 0, 0.184109, 

415.088, 69, 0, 0.184109, 

415.088, 70, 0, 0.184109, 

415.088, 71, 0, 0.184109, 

415.088, 72, 0, 0.184109, 

415.088, 73, 0, 0.184109, 

415.088, 74, 0, 0.184109, 

415.088, 75, 0, 0.184109, 

415.088, 76, 0, 0.184109, 

415.088, 77, 0, 0.184109, 

415.088, 78, 0, 0.184109, 

415.088, 79, 0, 0.184109, 

415.088, 80, 0, 0.184109, 

415.088, 81, 0, 0.184109, 

415.088, 82, 0, 0.184109, 

415.088, 83, 0, 0.184109, 

415.088, 84, 0, 0.184109, 

415.088, 85, 0, 0.184109, 

415.088, 86, 0, 0.184109, 

415.088, 87, 0, 0.184109, 

415.088, 88, 0, 0.184109, 

415.088, 89, 0, 0.184109, 

415.088, 90, 0, 0.184109, 

415.088, 91, 0, 0.184109, 

415.088, 92, 0, 0.184109, 

415.088, 93, 0, 0.184109, 

415.088, 94, 0, 0.184109, 

415.088, 95, 0, 0.184109, 

415.088, 96, 0, 0.184109, 

415.088, 97, 0, 0.184109, 

415.088, 98, 0, 0.184109, 

415.088, 99, 0, 0.184109, 

415.088, 100, 0, 0.184109, 

415.088, 101, 0, 0.184109, 

415.088, 102, 0, 0.184109, 

415.088, 103, 0, 0.184109, 

415.088, 104, 0, 0.184109, 

415.088, 105, 0, 0.184109, 

415.088, 106, 0, 0.184109, 

415.088, 107, 0, 0.184109, 

415.088, 108, 0, 0.184109, 

415.088, 109, 0, 0.184109, 

415.088, 110, 0, 0.184109, 

415.088, 111, 0, 0.184109, 

415.088, 112, 0, 0.184109, 

415.088, 113, 0, 0.184109, 

415.088, 114, 0, 0.184109, 

415.088, 115, 0, 0.184109, 

415.088, 116, 0, 0.184109, 

415.088, 117, 0, 0.184109, 

415.088, 118, 0, 0.184109, 

415.088, 119, 0, 0.184109, 

420.519, 0, 0, 0.184109, 

420.519, 1, 0, 0.184109, 

420.519, 2, 0, 0.184109, 

420.519, 3, 0, 0.184109, 

420.519, 4, 0, 0.184109, 

420.519, 5, 0, 0.184109, 

420.519, 6, 0, 0.184109, 

420.519, 7, 0, 0.184109, 

420.519, 8, 0, 0.184109, 

420.519, 9, 0, 0.184109, 

420.519, 10, 0, 0.184109, 

420.519, 11, 0, 0.184109, 

420.519, 12, 0, 0.184109, 

420.519, 13, 0, 0.184109, 

420.519, 14, 0, 0.184109, 

420.519, 15, 0, 0.184109, 

420.519, 16, 0, 0.184109, 

420.519, 17, 0, 0.184109, 

420.519, 18, 0, 0.184109, 

420.519, 19, 0, 0.184109, 

420.519, 20, 0, 0.184109, 

420.519, 21, 0, 0.184109, 

420.519, 22, 0, 0.184109, 

420.519, 23, 0, 0.184109, 

420.519, 24, 0, 0.184109, 

420.519, 25, 0, 0.184109, 

420.519, 26, 0, 0.184109, 

420.519, 27, 0, 0.184109, 

420.519, 28, 0, 0.184109, 

420.519, 29, 0, 0.184109, 

420.519, 30, 0, 0.184109, 

420.519, 31, 0, 0.184109, 

420.519, 32, 0, 0.184109, 

420.519, 33, 0, 0.184109, 

420.519, 34, 0, 0.184109, 

420.519, 35, 0, 0.184109, 

420.519, 36, 0, 0.184109, 

420.519, 37, 0, 0.184109, 

420.519, 38, 0, 0.184109, 

420.519, 39, 0, 0.184109, 

420.519, 40, 0, 0.184109, 

420.519, 41, 0, 0.184109, 

420.519, 42, 0, 0.184109, 

420.519, 43, 0, 0.184109, 

420.519, 44, 0, 0.184109, 

420.519, 45, 0, 0.184109, 

420.519, 46, 0, 0.184109, 

420.519, 47, 0, 0.184109, 

420.519, 48, 0, 0.184109, 

420.519, 49, 0, 0.184109, 

420.519, 50, 0, 0.184109, 

420.519, 51, 0, 0.184109, 

420.519, 52, 0, 0.184109, 

420.519, 53, 0, 0.184109, 

420.519, 54, 0, 0.184109, 

420.519, 55, 0, 0.184109, 

420.519, 56, 0, 0.184109, 

420.519, 57, 0, 0.184109, 

420.519, 58, 0, 0.184109, 

420.519, 59, 0, 0.184109, 

420.519, 60, 0, 0.184109, 

420.519, 61, 0, 0.184109, 

420.519, 62, 0, 0.184109, 

420.519, 63, 0, 0.184109, 

420.519, 64, 0, 0.184109, 

420.519, 65, 0, 0.184109, 

420.519, 66, 0, 0.184109, 

420.519, 67, 0, 0.184109, 

420.519, 68, 0, 0.184109, 

420.519, 69, 0, 0.184109, 

420.519, 70, 0, 0.184109, 

420.519, 71, 0, 0.184109, 

420.519, 72, 0, 0.184109, 

420.519, 73, 0, 0.184109, 

420.519, 74, 0, 0.184109, 

420.519, 75, 0, 0.184109, 

420.519, 76, 0, 0.184109, 

420.519, 77, 0, 0.184109, 

420.519, 78, 0, 0.184109, 

420.519, 79, 0, 0.184109, 

420.519, 80, 0, 0.184109, 

420.519, 81, 0, 0.184109, 

420.519, 82, 0, 0.184109, 

420.519, 83, 0, 0.184109, 

420.519, 84, 0, 0.184109, 

420.519, 85, 0, 0.184109, 

420.519, 86, 0, 0.184109, 

420.519, 87, 0, 0.184109, 

420.519, 88, 0, 0.184109, 

420.519, 89, 0, 0.184109, 

420.519, 90, 0, 0.184109, 

420.519, 91, 0, 0.184109, 

420.519, 92, 0, 0.184109, 

420.519, 93, 0, 0.184109, 

420.519, 94, 0, 0.184109, 

420.519, 95, 0, 0.184109, 

420.519, 96, 0, 0.184109, 

420.519, 97, 0, 0.184109, 

420.519, 98, 0, 0.184109, 

420.519, 99, 0, 0.184109, 

420.519, 100, 0, 0.184109, 

420.519, 101, 0, 0.184109, 

420.519, 102, 0, 0.184109, 

420.519, 103, 0, 0.184109, 

420.519, 104, 0, 0.184109, 

420.519, 105, 0, 0.184109, 

420.519, 106, 0, 0.184109, 

420.519, 107, 0, 0.184109, 

420.519, 108, 0, 0.184109, 

420.519, 109, 0, 0.184109, 

420.519, 110, 0, 0.184109, 

420.519, 111, 0, 0.184109, 

420.519, 112, 0, 0.184109, 

420.519, 113, 0, 0.184109, 

420.519, 114, 0, 0.184109, 

420.519, 115, 0, 0.184109, 

420.519, 116, 0, 0.184109, 

420.519, 117, 0, 0.184109, 

420.519, 118, 0, 0.184109, 

420.519, 119, 0, 0.184109, 

425.949, 0, 0, 0.184109, 

425.949, 1, 0, 0.184109, 

425.949, 2, 0, 0.184109, 

425.949, 3, 0, 0.184109, 

425.949, 4, 0, 0.184109, 

425.949, 5, 0, 0.184109, 

425.949, 6, 0, 0.184109, 

425.949, 7, 0, 0.184109, 

425.949, 8, 0, 0.184109, 

425.949, 9, 0, 0.184109, 

425.949, 10, 0, 0.184109, 

425.949, 11, 0, 0.184109, 

425.949, 12, 0, 0.184109, 

425.949, 13, 0, 0.184109, 

425.949, 14, 0, 0.184109, 

425.949, 15, 0, 0.184109, 

425.949, 16, 0, 0.184109, 

425.949, 17, 0, 0.184109, 

425.949, 18, 0, 0.184109, 

425.949, 19, 0, 0.184109, 

425.949, 20, 0, 0.184109, 

425.949, 21, 0, 0.184109, 

425.949, 22, 0, 0.184109, 

425.949, 23, 0, 0.184109, 

425.949, 24, 0, 0.184109, 

425.949, 25, 0, 0.184109, 

425.949, 26, 0, 0.184109, 

425.949, 27, 0, 0.184109, 

425.949, 28, 0, 0.184109, 

425.949, 29, 0, 0.184109, 

425.949, 30, 0, 0.184109, 

425.949, 31, 0, 0.184109, 

425.949, 32, 0, 0.184109, 

425.949, 33, 0, 0.184109, 

425.949, 34, 0, 0.184109, 

425.949, 35, 0, 0.184109, 

425.949, 36, 0, 0.184109, 

425.949, 37, 0, 0.184109, 

425.949, 38, 0, 0.184109, 

425.949, 39, 0, 0.184109, 

425.949, 40, 0, 0.184109, 

425.949, 41, 0, 0.184109, 

425.949, 42, 0, 0.184109, 

425.949, 43, 0, 0.184109, 

425.949, 44, 0, 0.184109, 

425.949, 45, 0, 0.184109, 

425.949, 46, 0, 0.184109, 

425.949, 47, 0, 0.184109, 

425.949, 48, 0, 0.184109, 

425.949, 49, 0, 0.184109, 

425.949, 50, 0, 0.184109, 

425.949, 51, 0, 0.184109, 

425.949, 52, 0, 0.184109, 

425.949, 53, 0, 0.184109, 

425.949, 54, 0, 0.184109, 

425.949, 55, 0, 0.184109, 

425.949, 56, 0, 0.184109, 

425.949, 57, 0, 0.184109, 

425.949, 58, 0, 0.184109, 

425.949, 59, 0, 0.184109, 

425.949, 60, 0, 0.184109, 

425.949, 61, 0, 0.184109, 

425.949, 62, 0, 0.184109, 

425.949, 63, 0, 0.184109, 

425.949, 64, 0, 0.184109, 

425.949, 65, 0, 0.184109, 

425.949, 66, 0, 0.184109, 

425.949, 67, 0, 0.184109, 

425.949, 68, 0, 0.184109, 

425.949, 69, 0, 0.184109, 

425.949, 70, 0, 0.184109, 

425.949, 71, 0, 0.184109, 

425.949, 72, 0, 0.184109, 

425.949, 73, 0, 0.184109, 

425.949, 74, 0, 0.184109, 

425.949, 75, 0, 0.184109, 

425.949, 76, 0, 0.184109, 

425.949, 77, 0, 0.184109, 

425.949, 78, 0, 0.184109, 

425.949, 79, 0, 0.184109, 

425.949, 80, 0, 0.184109, 

425.949, 81, 0, 0.184109, 

425.949, 82, 0, 0.184109, 

425.949, 83, 0, 0.184109, 

425.949, 84, 0, 0.184109, 

425.949, 85, 0, 0.184109, 

425.949, 86, 0, 0.184109, 

425.949, 87, 0, 0.184109, 

425.949, 88, 0, 0.184109, 

425.949, 89, 0, 0.184109, 

425.949, 90, 0, 0.184109, 

425.949, 91, 0, 0.184109, 

425.949, 92, 0, 0.184109, 

425.949, 93, 0, 0.184109, 

425.949, 94, 0, 0.184109, 

425.949, 95, 0, 0.184109, 

425.949, 96, 0, 0.184109, 

425.949, 97, 0, 0.184109, 

425.949, 98, 0, 0.184109, 

425.949, 99, 0, 0.184109, 

425.949, 100, 0, 0.184109, 

425.949, 101, 0, 0.184109, 

425.949, 102, 0, 0.184109, 

425.949, 103, 0, 0.184109, 

425.949, 104, 0, 0.184109, 

425.949, 105, 0, 0.184109, 

425.949, 106, 0, 0.184109, 

425.949, 107, 0, 0.184109, 

425.949, 108, 0, 0.184109, 

425.949, 109, 0, 0.184109, 

425.949, 110, 0, 0.184109, 

425.949, 111, 0, 0.184109, 

425.949, 112, 0, 0.184109, 

425.949, 113, 0, 0.184109, 

425.949, 114, 0, 0.184109, 

425.949, 115, 0, 0.184109, 

425.949, 116, 0, 0.184109, 

425.949, 117, 0, 0.184109, 

425.949, 118, 0, 0.184109, 

425.949, 119, 0, 0.184109, 

431.379, 0, 0, 0.184109, 

431.379, 1, 0, 0.184109, 

431.379, 2, 0, 0.184109, 

431.379, 3, 0, 0.184109, 

431.379, 4, 0, 0.184109, 

431.379, 5, 0, 0.184109, 

431.379, 6, 0, 0.184109, 

431.379, 7, 0, 0.184109, 

431.379, 8, 0, 0.184109, 

431.379, 9, 0, 0.184109, 

431.379, 10, 0, 0.184109, 

431.379, 11, 0, 0.184109, 

431.379, 12, 0, 0.184109, 

431.379, 13, 0, 0.184109, 

431.379, 14, 0, 0.184109, 

431.379, 15, 0, 0.184109, 

431.379, 16, 0, 0.184109, 

431.379, 17, 0, 0.184109, 

431.379, 18, 0, 0.184109, 

431.379, 19, 0, 0.184109, 

431.379, 20, 0, 0.184109, 

431.379, 21, 0, 0.184109, 

431.379, 22, 0, 0.184109, 

431.379, 23, 0, 0.184109, 

431.379, 24, 0, 0.184109, 

431.379, 25, 0, 0.184109, 

431.379, 26, 0, 0.184109, 

431.379, 27, 0, 0.184109, 

431.379, 28, 0, 0.184109, 

431.379, 29, 0, 0.184109, 

431.379, 30, 0, 0.184109, 

431.379, 31, 0, 0.184109, 

431.379, 32, 0, 0.184109, 

431.379, 33, 0, 0.184109, 

431.379, 34, 0, 0.184109, 

431.379, 35, 0, 0.184109, 

431.379, 36, 0, 0.184109, 

431.379, 37, 0, 0.184109, 

431.379, 38, 0, 0.184109, 

431.379, 39, 0, 0.184109, 

431.379, 40, 0, 0.184109, 

431.379, 41, 0, 0.184109, 

431.379, 42, 0, 0.184109, 

431.379, 43, 0, 0.184109, 

431.379, 44, 0, 0.184109, 

431.379, 45, 0, 0.184109, 

431.379, 46, 0, 0.184109, 

431.379, 47, 0, 0.184109, 

431.379, 48, 0, 0.184109, 

431.379, 49, 0, 0.184109, 

431.379, 50, 0, 0.184109, 

431.379, 51, 0, 0.184109, 

431.379, 52, 0, 0.184109, 

431.379, 53, 0, 0.184109, 

431.379, 54, 0, 0.184109, 

431.379, 55, 0, 0.184109, 

431.379, 56, 0, 0.184109, 

431.379, 57, 0, 0.184109, 

431.379, 58, 0, 0.184109, 

431.379, 59, 0, 0.184109, 

431.379, 60, 0, 0.184109, 

431.379, 61, 0, 0.184109, 

431.379, 62, 0, 0.184109, 

431.379, 63, 0, 0.184109, 

431.379, 64, 0, 0.184109, 

431.379, 65, 0, 0.184109, 

431.379, 66, 0, 0.184109, 

431.379, 67, 0, 0.184109, 

431.379, 68, 0, 0.184109, 

431.379, 69, 0, 0.184109, 

431.379, 70, 0, 0.184109, 

431.379, 71, 0, 0.184109, 

431.379, 72, 0, 0.184109, 

431.379, 73, 0, 0.184109, 

431.379, 74, 0, 0.184109, 

431.379, 75, 0, 0.184109, 

431.379, 76, 0, 0.184109, 

431.379, 77, 0, 0.184109, 

431.379, 78, 0, 0.184109, 

431.379, 79, 0, 0.184109, 

431.379, 80, 0, 0.184109, 

431.379, 81, 0, 0.184109, 

431.379, 82, 0, 0.184109, 

431.379, 83, 0, 0.184109, 

431.379, 84, 0, 0.184109, 

431.379, 85, 0, 0.184109, 

431.379, 86, 0, 0.184109, 

431.379, 87, 0, 0.184109, 

431.379, 88, 0, 0.184109, 

431.379, 89, 0, 0.184109, 

431.379, 90, 0, 0.184109, 

431.379, 91, 0, 0.184109, 

431.379, 92, 0, 0.184109, 

431.379, 93, 0, 0.184109, 

431.379, 94, 0, 0.184109, 

431.379, 95, 0, 0.184109, 

431.379, 96, 0, 0.184109, 

431.379, 97, 0, 0.184109, 

431.379, 98, 0, 0.184109, 

431.379, 99, 0, 0.184109, 

431.379, 100, 0, 0.184109, 

431.379, 101, 0, 0.184109, 

431.379, 102, 0, 0.184109, 

431.379, 103, 0, 0.184109, 

431.379, 104, 0, 0.184109, 

431.379, 105, 0, 0.184109, 

431.379, 106, 0, 0.184109, 

431.379, 107, 0, 0.184109, 

431.379, 108, 0, 0.184109, 

431.379, 109, 0, 0.184109, 

431.379, 110, 0, 0.184109, 

431.379, 111, 0, 0.184109, 

431.379, 112, 0, 0.184109, 

431.379, 113, 0, 0.184109, 

431.379, 114, 0, 0.184109, 

431.379, 115, 0, 0.184109, 

431.379, 116, 0, 0.184109, 

431.379, 117, 0, 0.184109, 

431.379, 118, 0, 0.184109, 

431.379, 119, 0, 0.184109, 

436.81, 0, 0, 0.184109, 

436.81, 1, 0, 0.184109, 

436.81, 2, 0, 0.184109, 

436.81, 3, 0, 0.184109, 

436.81, 4, 0, 0.184109, 

436.81, 5, 0, 0.184109, 

436.81, 6, 0, 0.184109, 

436.81, 7, 0, 0.184109, 

436.81, 8, 0, 0.184109, 

436.81, 9, 0, 0.184109, 

436.81, 10, 0, 0.184109, 

436.81, 11, 0, 0.184109, 

436.81, 12, 0, 0.184109, 

436.81, 13, 0, 0.184109, 

436.81, 14, 0, 0.184109, 

436.81, 15, 0, 0.184109, 

436.81, 16, 0, 0.184109, 

436.81, 17, 0, 0.184109, 

436.81, 18, 0, 0.184109, 

436.81, 19, 0, 0.184109, 

436.81, 20, 0, 0.184109, 

436.81, 21, 0, 0.184109, 

436.81, 22, 0, 0.184109, 

436.81, 23, 0, 0.184109, 

436.81, 24, 0, 0.184109, 

436.81, 25, 0, 0.184109, 

436.81, 26, 0, 0.184109, 

436.81, 27, 0, 0.184109, 

436.81, 28, 0, 0.184109, 

436.81, 29, 0, 0.184109, 

436.81, 30, 0, 0.184109, 

436.81, 31, 0, 0.184109, 

436.81, 32, 0, 0.184109, 

436.81, 33, 0, 0.184109, 

436.81, 34, 0, 0.184109, 

436.81, 35, 0, 0.184109, 

436.81, 36, 0, 0.184109, 

436.81, 37, 0, 0.184109, 

436.81, 38, 0, 0.184109, 

436.81, 39, 0, 0.184109, 

436.81, 40, 0, 0.184109, 

436.81, 41, 0, 0.184109, 

436.81, 42, 0, 0.184109, 

436.81, 43, 0, 0.184109, 

436.81, 44, 0, 0.184109, 

436.81, 45, 0, 0.184109, 

436.81, 46, 0, 0.184109, 

436.81, 47, 0, 0.184109, 

436.81, 48, 0, 0.184109, 

436.81, 49, 0, 0.184109, 

436.81, 50, 0, 0.184109, 

436.81, 51, 0, 0.184109, 

436.81, 52, 0, 0.184109, 

436.81, 53, 0, 0.184109, 

436.81, 54, 0, 0.184109, 

436.81, 55, 0, 0.184109, 

436.81, 56, 0, 0.184109, 

436.81, 57, 0, 0.184109, 

436.81, 58, 0, 0.184109, 

436.81, 59, 0, 0.184109, 

436.81, 60, 0, 0.184109, 

436.81, 61, 0, 0.184109, 

436.81, 62, 0, 0.184109, 

436.81, 63, 0, 0.184109, 

436.81, 64, 0, 0.184109, 

436.81, 65, 0, 0.184109, 

436.81, 66, 0, 0.184109, 

436.81, 67, 0, 0.184109, 

436.81, 68, 0, 0.184109, 

436.81, 69, 0, 0.184109, 

436.81, 70, 0, 0.184109, 

436.81, 71, 0, 0.184109, 

436.81, 72, 0, 0.184109, 

436.81, 73, 0, 0.184109, 

436.81, 74, 0, 0.184109, 

436.81, 75, 0, 0.184109, 

436.81, 76, 0, 0.184109, 

436.81, 77, 0, 0.184109, 

436.81, 78, 0, 0.184109, 

436.81, 79, 0, 0.184109, 

436.81, 80, 0, 0.184109, 

436.81, 81, 0, 0.184109, 

436.81, 82, 0, 0.184109, 

436.81, 83, 0, 0.184109, 

436.81, 84, 0, 0.184109, 

436.81, 85, 0, 0.184109, 

436.81, 86, 0, 0.184109, 

436.81, 87, 0, 0.184109, 

436.81, 88, 0, 0.184109, 

436.81, 89, 0, 0.184109, 

436.81, 90, 0, 0.184109, 

436.81, 91, 0, 0.184109, 

436.81, 92, 0, 0.184109, 

436.81, 93, 0, 0.184109, 

436.81, 94, 0, 0.184109, 

436.81, 95, 0, 0.184109, 

436.81, 96, 0, 0.184109, 

436.81, 97, 0, 0.184109, 

436.81, 98, 0, 0.184109, 

436.81, 99, 0, 0.184109, 

436.81, 100, 0, 0.184109, 

436.81, 101, 0, 0.184109, 

436.81, 102, 0, 0.184109, 

436.81, 103, 0, 0.184109, 

436.81, 104, 0, 0.184109, 

436.81, 105, 0, 0.184109, 

436.81, 106, 0, 0.184109, 

436.81, 107, 0, 0.184109, 

436.81, 108, 0, 0.184109, 

436.81, 109, 0, 0.184109, 

436.81, 110, 0, 0.184109, 

436.81, 111, 0, 0.184109, 

436.81, 112, 0, 0.184109, 

436.81, 113, 0, 0.184109, 

436.81, 114, 0, 0.184109, 

436.81, 115, 0, 0.184109, 

436.81, 116, 0, 0.184109, 

436.81, 117, 0, 0.184109, 

436.81, 118, 0, 0.184109, 

436.81, 119, 0, 0.184109, 

442.24, 0, 0, 0.184109, 

442.24, 1, 0, 0.184109, 

442.24, 2, 0, 0.184109, 

442.24, 3, 0, 0.184109, 

442.24, 4, 0, 0.184109, 

442.24, 5, 0, 0.184109, 

442.24, 6, 0, 0.184109, 

442.24, 7, 0, 0.184109, 

442.24, 8, 0, 0.184109, 

442.24, 9, 0, 0.184109, 

442.24, 10, 0, 0.184109, 

442.24, 11, 0, 0.184109, 

442.24, 12, 0, 0.184109, 

442.24, 13, 0, 0.184109, 

442.24, 14, 0, 0.184109, 

442.24, 15, 0, 0.184109, 

442.24, 16, 0, 0.184109, 

442.24, 17, 0, 0.184109, 

442.24, 18, 0, 0.184109, 

442.24, 19, 0, 0.184109, 

442.24, 20, 0, 0.184109, 

442.24, 21, 0, 0.184109, 

442.24, 22, 0, 0.184109, 

442.24, 23, 0, 0.184109, 

442.24, 24, 0, 0.184109, 

442.24, 25, 0, 0.184109, 

442.24, 26, 0, 0.184109, 

442.24, 27, 0, 0.184109, 

442.24, 28, 0, 0.184109, 

442.24, 29, 0, 0.184109, 

442.24, 30, 0, 0.184109, 

442.24, 31, 0, 0.184109, 

442.24, 32, 0, 0.184109, 

442.24, 33, 0, 0.184109, 

442.24, 34, 0, 0.184109, 

442.24, 35, 0, 0.184109, 

442.24, 36, 0, 0.184109, 

442.24, 37, 0, 0.184109, 

442.24, 38, 0, 0.184109, 

442.24, 39, 0, 0.184109, 

442.24, 40, 0, 0.184109, 

442.24, 41, 0, 0.184109, 

442.24, 42, 0, 0.184109, 

442.24, 43, 0, 0.184109, 

442.24, 44, 0, 0.184109, 

442.24, 45, 0, 0.184109, 

442.24, 46, 0, 0.184109, 

442.24, 47, 0, 0.184109, 

442.24, 48, 0, 0.184109, 

442.24, 49, 0, 0.184109, 

442.24, 50, 0, 0.184109, 

442.24, 51, 0, 0.184109, 

442.24, 52, 0, 0.184109, 

442.24, 53, 0, 0.184109, 

442.24, 54, 0, 0.184109, 

442.24, 55, 0, 0.184109, 

442.24, 56, 0, 0.184109, 

442.24, 57, 0, 0.184109, 

442.24, 58, 0, 0.184109, 

442.24, 59, 0, 0.184109, 

442.24, 60, 0, 0.184109, 

442.24, 61, 0, 0.184109, 

442.24, 62, 0, 0.184109, 

442.24, 63, 0, 0.184109, 

442.24, 64, 0, 0.184109, 

442.24, 65, 0, 0.184109, 

442.24, 66, 0, 0.184109, 

442.24, 67, 0, 0.184109, 

442.24, 68, 0, 0.184109, 

442.24, 69, 0, 0.184109, 

442.24, 70, 0, 0.184109, 

442.24, 71, 0, 0.184109, 

442.24, 72, 0, 0.184109, 

442.24, 73, 0, 0.184109, 

442.24, 74, 0, 0.184109, 

442.24, 75, 0, 0.184109, 

442.24, 76, 0, 0.184109, 

442.24, 77, 0, 0.184109, 

442.24, 78, 0, 0.184109, 

442.24, 79, 0, 0.184109, 

442.24, 80, 0, 0.184109, 

442.24, 81, 0, 0.184109, 

442.24, 82, 0, 0.184109, 

442.24, 83, 0, 0.184109, 

442.24, 84, 0, 0.184109, 

442.24, 85, 0, 0.184109, 

442.24, 86, 0, 0.184109, 

442.24, 87, 0, 0.184109, 

442.24, 88, 0, 0.184109, 

442.24, 89, 0, 0.184109, 

442.24, 90, 0, 0.184109, 

442.24, 91, 0, 0.184109, 

442.24, 92, 0, 0.184109, 

442.24, 93, 0, 0.184109, 

442.24, 94, 0, 0.184109, 

442.24, 95, 0, 0.184109, 

442.24, 96, 0, 0.184109, 

442.24, 97, 0, 0.184109, 

442.24, 98, 0, 0.184109, 

442.24, 99, 0, 0.184109, 

442.24, 100, 0, 0.184109, 

442.24, 101, 0, 0.184109, 

442.24, 102, 0, 0.184109, 

442.24, 103, 0, 0.184109, 

442.24, 104, 0, 0.184109, 

442.24, 105, 0, 0.184109, 

442.24, 106, 0, 0.184109, 

442.24, 107, 0, 0.184109, 

442.24, 108, 0, 0.184109, 

442.24, 109, 0, 0.184109, 

442.24, 110, 0, 0.184109, 

442.24, 111, 0, 0.184109, 

442.24, 112, 0, 0.184109, 

442.24, 113, 0, 0.184109, 

442.24, 114, 0, 0.184109, 

442.24, 115, 0, 0.184109, 

442.24, 116, 0, 0.184109, 

442.24, 117, 0, 0.184109, 

442.24, 118, 0, 0.184109, 

442.24, 119, 0, 0.184109, 

447.671, 0, 0, 0.184109, 

447.671, 1, 0, 0.184109, 

447.671, 2, 0, 0.184109, 

447.671, 3, 0, 0.184109, 

447.671, 4, 0, 0.184109, 

447.671, 5, 0, 0.184109, 

447.671, 6, 0, 0.184109, 

447.671, 7, 0, 0.184109, 

447.671, 8, 0, 0.184109, 

447.671, 9, 0, 0.184109, 

447.671, 10, 0, 0.184109, 

447.671, 11, 0, 0.184109, 

447.671, 12, 0, 0.184109, 

447.671, 13, 0, 0.184109, 

447.671, 14, 0, 0.184109, 

447.671, 15, 0, 0.184109, 

447.671, 16, 0, 0.184109, 

447.671, 17, 0, 0.184109, 

447.671, 18, 0, 0.184109, 

447.671, 19, 0, 0.184109, 

447.671, 20, 0, 0.184109, 

447.671, 21, 0, 0.184109, 

447.671, 22, 0, 0.184109, 

447.671, 23, 0, 0.184109, 

447.671, 24, 0, 0.184109, 

447.671, 25, 0, 0.184109, 

447.671, 26, 0, 0.184109, 

447.671, 27, 0, 0.184109, 

447.671, 28, 0, 0.184109, 

447.671, 29, 0, 0.184109, 

447.671, 30, 0, 0.184109, 

447.671, 31, 0, 0.184109, 

447.671, 32, 0, 0.184109, 

447.671, 33, 0, 0.184109, 

447.671, 34, 0, 0.184109, 

447.671, 35, 0, 0.184109, 

447.671, 36, 0, 0.184109, 

447.671, 37, 0, 0.184109, 

447.671, 38, 0, 0.184109, 

447.671, 39, 0, 0.184109, 

447.671, 40, 0, 0.184109, 

447.671, 41, 0, 0.184109, 

447.671, 42, 0, 0.184109, 

447.671, 43, 0, 0.184109, 

447.671, 44, 0, 0.184109, 

447.671, 45, 0, 0.184109, 

447.671, 46, 0, 0.184109, 

447.671, 47, 0, 0.184109, 

447.671, 48, 0, 0.184109, 

447.671, 49, 0, 0.184109, 

447.671, 50, 0, 0.184109, 

447.671, 51, 0, 0.184109, 

447.671, 52, 0, 0.184109, 

447.671, 53, 0, 0.184109, 

447.671, 54, 0, 0.184109, 

447.671, 55, 0, 0.184109, 

447.671, 56, 0, 0.184109, 

447.671, 57, 0, 0.184109, 

447.671, 58, 0, 0.184109, 

447.671, 59, 0, 0.184109, 

447.671, 60, 0, 0.184109, 

447.671, 61, 0, 0.184109, 

447.671, 62, 0, 0.184109, 

447.671, 63, 0, 0.184109, 

447.671, 64, 0, 0.184109, 

447.671, 65, 0, 0.184109, 

447.671, 66, 0, 0.184109, 

447.671, 67, 0, 0.184109, 

447.671, 68, 0, 0.184109, 

447.671, 69, 0, 0.184109, 

447.671, 70, 0, 0.184109, 

447.671, 71, 0, 0.184109, 

447.671, 72, 0, 0.184109, 

447.671, 73, 0, 0.184109, 

447.671, 74, 0, 0.184109, 

447.671, 75, 0, 0.184109, 

447.671, 76, 0, 0.184109, 

447.671, 77, 0, 0.184109, 

447.671, 78, 0, 0.184109, 

447.671, 79, 0, 0.184109, 

447.671, 80, 0, 0.184109, 

447.671, 81, 0, 0.184109, 

447.671, 82, 0, 0.184109, 

447.671, 83, 0, 0.184109, 

447.671, 84, 0, 0.184109, 

447.671, 85, 0, 0.184109, 

447.671, 86, 0, 0.184109, 

447.671, 87, 0, 0.184109, 

447.671, 88, 0, 0.184109, 

447.671, 89, 0, 0.184109, 

447.671, 90, 0, 0.184109, 

447.671, 91, 0, 0.184109, 

447.671, 92, 0, 0.184109, 

447.671, 93, 0, 0.184109, 

447.671, 94, 0, 0.184109, 

447.671, 95, 0, 0.184109, 

447.671, 96, 0, 0.184109, 

447.671, 97, 0, 0.184109, 

447.671, 98, 0, 0.184109, 

447.671, 99, 0, 0.184109, 

447.671, 100, 0, 0.184109, 

447.671, 101, 0, 0.184109, 

447.671, 102, 0, 0.184109, 

447.671, 103, 0, 0.184109, 

447.671, 104, 0, 0.184109, 

447.671, 105, 0, 0.184109, 

447.671, 106, 0, 0.184109, 

447.671, 107, 0, 0.184109, 

447.671, 108, 0, 0.184109, 

447.671, 109, 0, 0.184109, 

447.671, 110, 0, 0.184109, 

447.671, 111, 0, 0.184109, 

447.671, 112, 0, 0.184109, 

447.671, 113, 0, 0.184109, 

447.671, 114, 0, 0.184109, 

447.671, 115, 0, 0.184109, 

447.671, 116, 0, 0.184109, 

447.671, 117, 0, 0.184109, 

447.671, 118, 0, 0.184109, 

447.671, 119, 0, 0.184109, 

453.101, 0, 0, 0.184109, 

453.101, 1, 0, 0.184109, 

453.101, 2, 0, 0.184109, 

453.101, 3, 0, 0.184109, 

453.101, 4, 0, 0.184109, 

453.101, 5, 0, 0.184109, 

453.101, 6, 0, 0.184109, 

453.101, 7, 0, 0.184109, 

453.101, 8, 0, 0.184109, 

453.101, 9, 0, 0.184109, 

453.101, 10, 0, 0.184109, 

453.101, 11, 0, 0.184109, 

453.101, 12, 0, 0.184109, 

453.101, 13, 0, 0.184109, 

453.101, 14, 0, 0.184109, 

453.101, 15, 0, 0.184109, 

453.101, 16, 0, 0.184109, 

453.101, 17, 0, 0.184109, 

453.101, 18, 0, 0.184109, 

453.101, 19, 0, 0.184109, 

453.101, 20, 0, 0.184109, 

453.101, 21, 0, 0.184109, 

453.101, 22, 0, 0.184109, 

453.101, 23, 0, 0.184109, 

453.101, 24, 0, 0.184109, 

453.101, 25, 0, 0.184109, 

453.101, 26, 0, 0.184109, 

453.101, 27, 0, 0.184109, 

453.101, 28, 0, 0.184109, 

453.101, 29, 0, 0.184109, 

453.101, 30, 0, 0.184109, 

453.101, 31, 0, 0.184109, 

453.101, 32, 0, 0.184109, 

453.101, 33, 0, 0.184109, 

453.101, 34, 0, 0.184109, 

453.101, 35, 0, 0.184109, 

453.101, 36, 0, 0.184109, 

453.101, 37, 0, 0.184109, 

453.101, 38, 0, 0.184109, 

453.101, 39, 0, 0.184109, 

453.101, 40, 0, 0.184109, 

453.101, 41, 0, 0.184109, 

453.101, 42, 0, 0.184109, 

453.101, 43, 0, 0.184109, 

453.101, 44, 0, 0.184109, 

453.101, 45, 0, 0.184109, 

453.101, 46, 0, 0.184109, 

453.101, 47, 0, 0.184109, 

453.101, 48, 0, 0.184109, 

453.101, 49, 0, 0.184109, 

453.101, 50, 0, 0.184109, 

453.101, 51, 0, 0.184109, 

453.101, 52, 0, 0.184109, 

453.101, 53, 0, 0.184109, 

453.101, 54, 0, 0.184109, 

453.101, 55, 0, 0.184109, 

453.101, 56, 0, 0.184109, 

453.101, 57, 0, 0.184109, 

453.101, 58, 0, 0.184109, 

453.101, 59, 0, 0.184109, 

453.101, 60, 0, 0.184109, 

453.101, 61, 0, 0.184109, 

453.101, 62, 0, 0.184109, 

453.101, 63, 0, 0.184109, 

453.101, 64, 0, 0.184109, 

453.101, 65, 0, 0.184109, 

453.101, 66, 0, 0.184109, 

453.101, 67, 0, 0.184109, 

453.101, 68, 0, 0.184109, 

453.101, 69, 0, 0.184109, 

453.101, 70, 0, 0.184109, 

453.101, 71, 0, 0.184109, 

453.101, 72, 0, 0.184109, 

453.101, 73, 0, 0.184109, 

453.101, 74, 0, 0.184109, 

453.101, 75, 0, 0.184109, 

453.101, 76, 0, 0.184109, 

453.101, 77, 0, 0.184109, 

453.101, 78, 0, 0.184109, 

453.101, 79, 0, 0.184109, 

453.101, 80, 0, 0.184109, 

453.101, 81, 0, 0.184109, 

453.101, 82, 0, 0.184109, 

453.101, 83, 0, 0.184109, 

453.101, 84, 0, 0.184109, 

453.101, 85, 0, 0.184109, 

453.101, 86, 0, 0.184109, 

453.101, 87, 0, 0.184109, 

453.101, 88, 0, 0.184109, 

453.101, 89, 0, 0.184109, 

453.101, 90, 0, 0.184109, 

453.101, 91, 0, 0.184109, 

453.101, 92, 0, 0.184109, 

453.101, 93, 0, 0.184109, 

453.101, 94, 0, 0.184109, 

453.101, 95, 0, 0.184109, 

453.101, 96, 0, 0.184109, 

453.101, 97, 0, 0.184109, 

453.101, 98, 0, 0.184109, 

453.101, 99, 0, 0.184109, 

453.101, 100, 0, 0.184109, 

453.101, 101, 0, 0.184109, 

453.101, 102, 0, 0.184109, 

453.101, 103, 0, 0.184109, 

453.101, 104, 0, 0.184109, 

453.101, 105, 0, 0.184109, 

453.101, 106, 0, 0.184109, 

453.101, 107, 0, 0.184109, 

453.101, 108, 0, 0.184109, 

453.101, 109, 0, 0.184109, 

453.101, 110, 0, 0.184109, 

453.101, 111, 0, 0.184109, 

453.101, 112, 0, 0.184109, 

453.101, 113, 0, 0.184109, 

453.101, 114, 0, 0.184109, 

453.101, 115, 0, 0.184109, 

453.101, 116, 0, 0.184109, 

453.101, 117, 0, 0.184109, 

453.101, 118, 0, 0.184109, 

453.101, 119, 0, 0.184109, 

458.531, 0, 0, 0.184109, 

458.531, 1, 0, 0.184109, 

458.531, 2, 0, 0.184109, 

458.531, 3, 0, 0.184109, 

458.531, 4, 0, 0.184109, 

458.531, 5, 0, 0.184109, 

458.531, 6, 0, 0.184109, 

458.531, 7, 0, 0.184109, 

458.531, 8, 0, 0.184109, 

458.531, 9, 0, 0.184109, 

458.531, 10, 0, 0.184109, 

458.531, 11, 0, 0.184109, 

458.531, 12, 0, 0.184109, 

458.531, 13, 0, 0.184109, 

458.531, 14, 0, 0.184109, 

458.531, 15, 0, 0.184109, 

458.531, 16, 0, 0.184109, 

458.531, 17, 0, 0.184109, 

458.531, 18, 0, 0.184109, 

458.531, 19, 0, 0.184109, 

458.531, 20, 0, 0.184109, 

458.531, 21, 0, 0.184109, 

458.531, 22, 0, 0.184109, 

458.531, 23, 0, 0.184109, 

458.531, 24, 0, 0.184109, 

458.531, 25, 0, 0.184109, 

458.531, 26, 0, 0.184109, 

458.531, 27, 0, 0.184109, 

458.531, 28, 0, 0.184109, 

458.531, 29, 0, 0.184109, 

458.531, 30, 0, 0.184109, 

458.531, 31, 0, 0.184109, 

458.531, 32, 0, 0.184109, 

458.531, 33, 0, 0.184109, 

458.531, 34, 0, 0.184109, 

458.531, 35, 0, 0.184109, 

458.531, 36, 0, 0.184109, 

458.531, 37, 0, 0.184109, 

458.531, 38, 0, 0.184109, 

458.531, 39, 0, 0.184109, 

458.531, 40, 0, 0.184109, 

458.531, 41, 0, 0.184109, 

458.531, 42, 0, 0.184109, 

458.531, 43, 0, 0.184109, 

458.531, 44, 0, 0.184109, 

458.531, 45, 0, 0.184109, 

458.531, 46, 0, 0.184109, 

458.531, 47, 0, 0.184109, 

458.531, 48, 0, 0.184109, 

458.531, 49, 0, 0.184109, 

458.531, 50, 0, 0.184109, 

458.531, 51, 0, 0.184109, 

458.531, 52, 0, 0.184109, 

458.531, 53, 0, 0.184109, 

458.531, 54, 0, 0.184109, 

458.531, 55, 0, 0.184109, 

458.531, 56, 0, 0.184109, 

458.531, 57, 0, 0.184109, 

458.531, 58, 0, 0.184109, 

458.531, 59, 0, 0.184109, 

458.531, 60, 0, 0.184109, 

458.531, 61, 0, 0.184109, 

458.531, 62, 0, 0.184109, 

458.531, 63, 0, 0.184109, 

458.531, 64, 0, 0.184109, 

458.531, 65, 0, 0.184109, 

458.531, 66, 0, 0.184109, 

458.531, 67, 0, 0.184109, 

458.531, 68, 0, 0.184109, 

458.531, 69, 0, 0.184109, 

458.531, 70, 0, 0.184109, 

458.531, 71, 0, 0.184109, 

458.531, 72, 0, 0.184109, 

458.531, 73, 0, 0.184109, 

458.531, 74, 0, 0.184109, 

458.531, 75, 0, 0.184109, 

458.531, 76, 0, 0.184109, 

458.531, 77, 0, 0.184109, 

458.531, 78, 0, 0.184109, 

458.531, 79, 0, 0.184109, 

458.531, 80, 0, 0.184109, 

458.531, 81, 0, 0.184109, 

458.531, 82, 0, 0.184109, 

458.531, 83, 0, 0.184109, 

458.531, 84, 0, 0.184109, 

458.531, 85, 0, 0.184109, 

458.531, 86, 0, 0.184109, 

458.531, 87, 0, 0.184109, 

458.531, 88, 0, 0.184109, 

458.531, 89, 0, 0.184109, 

458.531, 90, 0, 0.184109, 

458.531, 91, 0, 0.184109, 

458.531, 92, 0, 0.184109, 

458.531, 93, 0, 0.184109, 

458.531, 94, 0, 0.184109, 

458.531, 95, 0, 0.184109, 

458.531, 96, 0, 0.184109, 

458.531, 97, 0, 0.184109, 

458.531, 98, 0, 0.184109, 

458.531, 99, 0, 0.184109, 

458.531, 100, 0, 0.184109, 

458.531, 101, 0, 0.184109, 

458.531, 102, 0, 0.184109, 

458.531, 103, 0, 0.184109, 

458.531, 104, 0, 0.184109, 

458.531, 105, 0, 0.184109, 

458.531, 106, 0, 0.184109, 

458.531, 107, 0, 0.184109, 

458.531, 108, 0, 0.184109, 

458.531, 109, 0, 0.184109, 

458.531, 110, 0, 0.184109, 

458.531, 111, 0, 0.184109, 

458.531, 112, 0, 0.184109, 

458.531, 113, 0, 0.184109, 

458.531, 114, 0, 0.184109, 

458.531, 115, 0, 0.184109, 

458.531, 116, 0, 0.184109, 

458.531, 117, 0, 0.184109, 

458.531, 118, 0, 0.184109, 

458.531, 119, 0, 0.184109, 

463.962, 0, 0, 0.184109, 

463.962, 1, 0, 0.184109, 

463.962, 2, 0, 0.184109, 

463.962, 3, 0, 0.184109, 

463.962, 4, 0, 0.184109, 

463.962, 5, 0, 0.184109, 

463.962, 6, 0, 0.184109, 

463.962, 7, 0, 0.184109, 

463.962, 8, 0, 0.184109, 

463.962, 9, 0, 0.184109, 

463.962, 10, 0, 0.184109, 

463.962, 11, 0, 0.184109, 

463.962, 12, 0, 0.184109, 

463.962, 13, 0, 0.184109, 

463.962, 14, 0, 0.184109, 

463.962, 15, 0, 0.184109, 

463.962, 16, 0, 0.184109, 

463.962, 17, 0, 0.184109, 

463.962, 18, 0, 0.184109, 

463.962, 19, 0, 0.184109, 

463.962, 20, 0, 0.184109, 

463.962, 21, 0, 0.184109, 

463.962, 22, 0, 0.184109, 

463.962, 23, 0, 0.184109, 

463.962, 24, 0, 0.184109, 

463.962, 25, 0, 0.184109, 

463.962, 26, 0, 0.184109, 

463.962, 27, 0, 0.184109, 

463.962, 28, 0, 0.184109, 

463.962, 29, 0, 0.184109, 

463.962, 30, 0, 0.184109, 

463.962, 31, 0, 0.184109, 

463.962, 32, 0, 0.184109, 

463.962, 33, 0, 0.184109, 

463.962, 34, 0, 0.184109, 

463.962, 35, 0, 0.184109, 

463.962, 36, 0, 0.184109, 

463.962, 37, 0, 0.184109, 

463.962, 38, 0, 0.184109, 

463.962, 39, 0, 0.184109, 

463.962, 40, 0, 0.184109, 

463.962, 41, 0, 0.184109, 

463.962, 42, 0, 0.184109, 

463.962, 43, 0, 0.184109, 

463.962, 44, 0, 0.184109, 

463.962, 45, 0, 0.184109, 

463.962, 46, 0, 0.184109, 

463.962, 47, 0, 0.184109, 

463.962, 48, 0, 0.184109, 

463.962, 49, 0, 0.184109, 

463.962, 50, 0, 0.184109, 

463.962, 51, 0, 0.184109, 

463.962, 52, 0, 0.184109, 

463.962, 53, 0, 0.184109, 

463.962, 54, 0, 0.184109, 

463.962, 55, 0, 0.184109, 

463.962, 56, 0, 0.184109, 

463.962, 57, 0, 0.184109, 

463.962, 58, 0, 0.184109, 

463.962, 59, 0, 0.184109, 

463.962, 60, 0, 0.184109, 

463.962, 61, 0, 0.184109, 

463.962, 62, 0, 0.184109, 

463.962, 63, 0, 0.184109, 

463.962, 64, 0, 0.184109, 

463.962, 65, 0, 0.184109, 

463.962, 66, 0, 0.184109, 

463.962, 67, 0, 0.184109, 

463.962, 68, 0, 0.184109, 

463.962, 69, 0, 0.184109, 

463.962, 70, 0, 0.184109, 

463.962, 71, 0, 0.184109, 

463.962, 72, 0, 0.184109, 

463.962, 73, 0, 0.184109, 

463.962, 74, 0, 0.184109, 

463.962, 75, 0, 0.184109, 

463.962, 76, 0, 0.184109, 

463.962, 77, 0, 0.184109, 

463.962, 78, 0, 0.184109, 

463.962, 79, 0, 0.184109, 

463.962, 80, 0, 0.184109, 

463.962, 81, 0, 0.184109, 

463.962, 82, 0, 0.184109, 

463.962, 83, 0, 0.184109, 

463.962, 84, 0, 0.184109, 

463.962, 85, 0, 0.184109, 

463.962, 86, 0, 0.184109, 

463.962, 87, 0, 0.184109, 

463.962, 88, 0, 0.184109, 

463.962, 89, 0, 0.184109, 

463.962, 90, 0, 0.184109, 

463.962, 91, 0, 0.184109, 

463.962, 92, 0, 0.184109, 

463.962, 93, 0, 0.184109, 

463.962, 94, 0, 0.184109, 

463.962, 95, 0, 0.184109, 

463.962, 96, 0, 0.184109, 

463.962, 97, 0, 0.184109, 

463.962, 98, 0, 0.184109, 

463.962, 99, 0, 0.184109, 

463.962, 100, 0, 0.184109, 

463.962, 101, 0, 0.184109, 

463.962, 102, 0, 0.184109, 

463.962, 103, 0, 0.184109, 

463.962, 104, 0, 0.184109, 

463.962, 105, 0, 0.184109, 

463.962, 106, 0, 0.184109, 

463.962, 107, 0, 0.184109, 

463.962, 108, 0, 0.184109, 

463.962, 109, 0, 0.184109, 

463.962, 110, 0, 0.184109, 

463.962, 111, 0, 0.184109, 

463.962, 112, 0, 0.184109, 

463.962, 113, 0, 0.184109, 

463.962, 114, 0, 0.184109, 

463.962, 115, 0, 0.184109, 

463.962, 116, 0, 0.184109, 

463.962, 117, 0, 0.184109, 

463.962, 118, 0, 0.184109, 

463.962, 119, 0, 0.184109, 

469.392, 0, 0, 0.184109, 

469.392, 1, 0, 0.184109, 

469.392, 2, 0, 0.184109, 

469.392, 3, 0, 0.184109, 

469.392, 4, 0, 0.184109, 

469.392, 5, 0, 0.184109, 

469.392, 6, 0, 0.184109, 

469.392, 7, 0, 0.184109, 

469.392, 8, 0, 0.184109, 

469.392, 9, 0, 0.184109, 

469.392, 10, 0, 0.184109, 

469.392, 11, 0, 0.184109, 

469.392, 12, 0, 0.184109, 

469.392, 13, 0, 0.184109, 

469.392, 14, 0, 0.184109, 

469.392, 15, 0, 0.184109, 

469.392, 16, 0, 0.184109, 

469.392, 17, 0, 0.184109, 

469.392, 18, 0, 0.184109, 

469.392, 19, 0, 0.184109, 

469.392, 20, 0, 0.184109, 

469.392, 21, 0, 0.184109, 

469.392, 22, 0, 0.184109, 

469.392, 23, 0, 0.184109, 

469.392, 24, 0, 0.184109, 

469.392, 25, 0, 0.184109, 

469.392, 26, 0, 0.184109, 

469.392, 27, 0, 0.184109, 

469.392, 28, 0, 0.184109, 

469.392, 29, 0, 0.184109, 

469.392, 30, 0, 0.184109, 

469.392, 31, 0, 0.184109, 

469.392, 32, 0, 0.184109, 

469.392, 33, 0, 0.184109, 

469.392, 34, 0, 0.184109, 

469.392, 35, 0, 0.184109, 

469.392, 36, 0, 0.184109, 

469.392, 37, 0, 0.184109, 

469.392, 38, 0, 0.184109, 

469.392, 39, 0, 0.184109, 

469.392, 40, 0, 0.184109, 

469.392, 41, 0, 0.184109, 

469.392, 42, 0, 0.184109, 

469.392, 43, 0, 0.184109, 

469.392, 44, 0, 0.184109, 

469.392, 45, 0, 0.184109, 

469.392, 46, 0, 0.184109, 

469.392, 47, 0, 0.184109, 

469.392, 48, 0, 0.184109, 

469.392, 49, 0, 0.184109, 

469.392, 50, 0, 0.184109, 

469.392, 51, 0, 0.184109, 

469.392, 52, 0, 0.184109, 

469.392, 53, 0, 0.184109, 

469.392, 54, 0, 0.184109, 

469.392, 55, 0, 0.184109, 

469.392, 56, 0, 0.184109, 

469.392, 57, 0, 0.184109, 

469.392, 58, 0, 0.184109, 

469.392, 59, 0, 0.184109, 

469.392, 60, 0, 0.184109, 

469.392, 61, 0, 0.184109, 

469.392, 62, 0, 0.184109, 

469.392, 63, 0, 0.184109, 

469.392, 64, 0, 0.184109, 

469.392, 65, 0, 0.184109, 

469.392, 66, 0, 0.184109, 

469.392, 67, 0, 0.184109, 

469.392, 68, 0, 0.184109, 

469.392, 69, 0, 0.184109, 

469.392, 70, 0, 0.184109, 

469.392, 71, 0, 0.184109, 

469.392, 72, 0, 0.184109, 

469.392, 73, 0, 0.184109, 

469.392, 74, 0, 0.184109, 

469.392, 75, 0, 0.184109, 

469.392, 76, 0, 0.184109, 

469.392, 77, 0, 0.184109, 

469.392, 78, 0, 0.184109, 

469.392, 79, 0, 0.184109, 

469.392, 80, 0, 0.184109, 

469.392, 81, 0, 0.184109, 

469.392, 82, 0, 0.184109, 

469.392, 83, 0, 0.184109, 

469.392, 84, 0, 0.184109, 

469.392, 85, 0, 0.184109, 

469.392, 86, 0, 0.184109, 

469.392, 87, 0, 0.184109, 

469.392, 88, 0, 0.184109, 

469.392, 89, 0, 0.184109, 

469.392, 90, 0, 0.184109, 

469.392, 91, 0, 0.184109, 

469.392, 92, 0, 0.184109, 

469.392, 93, 0, 0.184109, 

469.392, 94, 0, 0.184109, 

469.392, 95, 0, 0.184109, 

469.392, 96, 0, 0.184109, 

469.392, 97, 0, 0.184109, 

469.392, 98, 0, 0.184109, 

469.392, 99, 0, 0.184109, 

469.392, 100, 0, 0.184109, 

469.392, 101, 0, 0.184109, 

469.392, 102, 0, 0.184109, 

469.392, 103, 0, 0.184109, 

469.392, 104, 0, 0.184109, 

469.392, 105, 0, 0.184109, 

469.392, 106, 0, 0.184109, 

469.392, 107, 0, 0.184109, 

469.392, 108, 0, 0.184109, 

469.392, 109, 0, 0.184109, 

469.392, 110, 0, 0.184109, 

469.392, 111, 0, 0.184109, 

469.392, 112, 0, 0.184109, 

469.392, 113, 0, 0.184109, 

469.392, 114, 0, 0.184109, 

469.392, 115, 0, 0.184109, 

469.392, 116, 0, 0.184109, 

469.392, 117, 0, 0.184109, 

469.392, 118, 0, 0.184109, 

469.392, 119, 0, 0.184109, 

474.822, 0, 0, 0.184109, 

474.822, 1, 0, 0.184109, 

474.822, 2, 0, 0.184109, 

474.822, 3, 0, 0.184109, 

474.822, 4, 0, 0.184109, 

474.822, 5, 0, 0.184109, 

474.822, 6, 0, 0.184109, 

474.822, 7, 0, 0.184109, 

474.822, 8, 0, 0.184109, 

474.822, 9, 0, 0.184109, 

474.822, 10, 0, 0.184109, 

474.822, 11, 0, 0.184109, 

474.822, 12, 0, 0.184109, 

474.822, 13, 0, 0.184109, 

474.822, 14, 0, 0.184109, 

474.822, 15, 0, 0.184109, 

474.822, 16, 0, 0.184109, 

474.822, 17, 0, 0.184109, 

474.822, 18, 0, 0.184109, 

474.822, 19, 0, 0.184109, 

474.822, 20, 0, 0.184109, 

474.822, 21, 0, 0.184109, 

474.822, 22, 0, 0.184109, 

474.822, 23, 0, 0.184109, 

474.822, 24, 0, 0.184109, 

474.822, 25, 0, 0.184109, 

474.822, 26, 0, 0.184109, 

474.822, 27, 0, 0.184109, 

474.822, 28, 0, 0.184109, 

474.822, 29, 0, 0.184109, 

474.822, 30, 0, 0.184109, 

474.822, 31, 0, 0.184109, 

474.822, 32, 0, 0.184109, 

474.822, 33, 0, 0.184109, 

474.822, 34, 0, 0.184109, 

474.822, 35, 0, 0.184109, 

474.822, 36, 0, 0.184109, 

474.822, 37, 0, 0.184109, 

474.822, 38, 0, 0.184109, 

474.822, 39, 0, 0.184109, 

474.822, 40, 0, 0.184109, 

474.822, 41, 0, 0.184109, 

474.822, 42, 0, 0.184109, 

474.822, 43, 0, 0.184109, 

474.822, 44, 0, 0.184109, 

474.822, 45, 0, 0.184109, 

474.822, 46, 0, 0.184109, 

474.822, 47, 0, 0.184109, 

474.822, 48, 0, 0.184109, 

474.822, 49, 0, 0.184109, 

474.822, 50, 0, 0.184109, 

474.822, 51, 0, 0.184109, 

474.822, 52, 0, 0.184109, 

474.822, 53, 0, 0.184109, 

474.822, 54, 0, 0.184109, 

474.822, 55, 0, 0.184109, 

474.822, 56, 0, 0.184109, 

474.822, 57, 0, 0.184109, 

474.822, 58, 0, 0.184109, 

474.822, 59, 0, 0.184109, 

474.822, 60, 0, 0.184109, 

474.822, 61, 0, 0.184109, 

474.822, 62, 0, 0.184109, 

474.822, 63, 0, 0.184109, 

474.822, 64, 0, 0.184109, 

474.822, 65, 0, 0.184109, 

474.822, 66, 0, 0.184109, 

474.822, 67, 0, 0.184109, 

474.822, 68, 0, 0.184109, 

474.822, 69, 0, 0.184109, 

474.822, 70, 0, 0.184109, 

474.822, 71, 0, 0.184109, 

474.822, 72, 0, 0.184109, 

474.822, 73, 0, 0.184109, 

474.822, 74, 0, 0.184109, 

474.822, 75, 0, 0.184109, 

474.822, 76, 0, 0.184109, 

474.822, 77, 0, 0.184109, 

474.822, 78, 0, 0.184109, 

474.822, 79, 0, 0.184109, 

474.822, 80, 0, 0.184109, 

474.822, 81, 0, 0.184109, 

474.822, 82, 0, 0.184109, 

474.822, 83, 0, 0.184109, 

474.822, 84, 0, 0.184109, 

474.822, 85, 0, 0.184109, 

474.822, 86, 0, 0.184109, 

474.822, 87, 0, 0.184109, 

474.822, 88, 0, 0.184109, 

474.822, 89, 0, 0.184109, 

474.822, 90, 0, 0.184109, 

474.822, 91, 0, 0.184109, 

474.822, 92, 0, 0.184109, 

474.822, 93, 0, 0.184109, 

474.822, 94, 0, 0.184109, 

474.822, 95, 0, 0.184109, 

474.822, 96, 0, 0.184109, 

474.822, 97, 0, 0.184109, 

474.822, 98, 0, 0.184109, 

474.822, 99, 0, 0.184109, 

474.822, 100, 0, 0.184109, 

474.822, 101, 0, 0.184109, 

474.822, 102, 0, 0.184109, 

474.822, 103, 0, 0.184109, 

474.822, 104, 0, 0.184109, 

474.822, 105, 0, 0.184109, 

474.822, 106, 0, 0.184109, 

474.822, 107, 0, 0.184109, 

474.822, 108, 0, 0.184109, 

474.822, 109, 0, 0.184109, 

474.822, 110, 0, 0.184109, 

474.822, 111, 0, 0.184109, 

474.822, 112, 0, 0.184109, 

474.822, 113, 0, 0.184109, 

474.822, 114, 0, 0.184109, 

474.822, 115, 0, 0.184109, 

474.822, 116, 0, 0.184109, 

474.822, 117, 0, 0.184109, 

474.822, 118, 0, 0.184109, 

474.822, 119, 0, 0.184109, 

480.253, 0, 0, 0.184109, 

480.253, 1, 0, 0.184109, 

480.253, 2, 0, 0.184109, 

480.253, 3, 0, 0.184109, 

480.253, 4, 0, 0.184109, 

480.253, 5, 0, 0.184109, 

480.253, 6, 0, 0.184109, 

480.253, 7, 0, 0.184109, 

480.253, 8, 0, 0.184109, 

480.253, 9, 0, 0.184109, 

480.253, 10, 0, 0.184109, 

480.253, 11, 0, 0.184109, 

480.253, 12, 0, 0.184109, 

480.253, 13, 0, 0.184109, 

480.253, 14, 0, 0.184109, 

480.253, 15, 0, 0.184109, 

480.253, 16, 0, 0.184109, 

480.253, 17, 0, 0.184109, 

480.253, 18, 0, 0.184109, 

480.253, 19, 0, 0.184109, 

480.253, 20, 0, 0.184109, 

480.253, 21, 0, 0.184109, 

480.253, 22, 0, 0.184109, 

480.253, 23, 0, 0.184109, 

480.253, 24, 0, 0.184109, 

480.253, 25, 0, 0.184109, 

480.253, 26, 0, 0.184109, 

480.253, 27, 0, 0.184109, 

480.253, 28, 0, 0.184109, 

480.253, 29, 0, 0.184109, 

480.253, 30, 0, 0.184109, 

480.253, 31, 0, 0.184109, 

480.253, 32, 0, 0.184109, 

480.253, 33, 0, 0.184109, 

480.253, 34, 0, 0.184109, 

480.253, 35, 0, 0.184109, 

480.253, 36, 0, 0.184109, 

480.253, 37, 0, 0.184109, 

480.253, 38, 0, 0.184109, 

480.253, 39, 0, 0.184109, 

480.253, 40, 0, 0.184109, 

480.253, 41, 0, 0.184109, 

480.253, 42, 0, 0.184109, 

480.253, 43, 0, 0.184109, 

480.253, 44, 0, 0.184109, 

480.253, 45, 0, 0.184109, 

480.253, 46, 0, 0.184109, 

480.253, 47, 0, 0.184109, 

480.253, 48, 0, 0.184109, 

480.253, 49, 0, 0.184109, 

480.253, 50, 0, 0.184109, 

480.253, 51, 0, 0.184109, 

480.253, 52, 0, 0.184109, 

480.253, 53, 0, 0.184109, 

480.253, 54, 0, 0.184109, 

480.253, 55, 0, 0.184109, 

480.253, 56, 0, 0.184109, 

480.253, 57, 0, 0.184109, 

480.253, 58, 0, 0.184109, 

480.253, 59, 0, 0.184109, 

480.253, 60, 0, 0.184109, 

480.253, 61, 0, 0.184109, 

480.253, 62, 0, 0.184109, 

480.253, 63, 0, 0.184109, 

480.253, 64, 0, 0.184109, 

480.253, 65, 0, 0.184109, 

480.253, 66, 0, 0.184109, 

480.253, 67, 0, 0.184109, 

480.253, 68, 0, 0.184109, 

480.253, 69, 0, 0.184109, 

480.253, 70, 0, 0.184109, 

480.253, 71, 0, 0.184109, 

480.253, 72, 0, 0.184109, 

480.253, 73, 0, 0.184109, 

480.253, 74, 0, 0.184109, 

480.253, 75, 0, 0.184109, 

480.253, 76, 0, 0.184109, 

480.253, 77, 0, 0.184109, 

480.253, 78, 0, 0.184109, 

480.253, 79, 0, 0.184109, 

480.253, 80, 0, 0.184109, 

480.253, 81, 0, 0.184109, 

480.253, 82, 0, 0.184109, 

480.253, 83, 0, 0.184109, 

480.253, 84, 0, 0.184109, 

480.253, 85, 0, 0.184109, 

480.253, 86, 0, 0.184109, 

480.253, 87, 0, 0.184109, 

480.253, 88, 0, 0.184109, 

480.253, 89, 0, 0.184109, 

480.253, 90, 0, 0.184109, 

480.253, 91, 0, 0.184109, 

480.253, 92, 0, 0.184109, 

480.253, 93, 0, 0.184109, 

480.253, 94, 0, 0.184109, 

480.253, 95, 0, 0.184109, 

480.253, 96, 0, 0.184109, 

480.253, 97, 0, 0.184109, 

480.253, 98, 0, 0.184109, 

480.253, 99, 0, 0.184109, 

480.253, 100, 0, 0.184109, 

480.253, 101, 0, 0.184109, 

480.253, 102, 0, 0.184109, 

480.253, 103, 0, 0.184109, 

480.253, 104, 0, 0.184109, 

480.253, 105, 0, 0.184109, 

480.253, 106, 0, 0.184109, 

480.253, 107, 0, 0.184109, 

480.253, 108, 0, 0.184109, 

480.253, 109, 0, 0.184109, 

480.253, 110, 0, 0.184109, 

480.253, 111, 0, 0.184109, 

480.253, 112, 0, 0.184109, 

480.253, 113, 0, 0.184109, 

480.253, 114, 0, 0.184109, 

480.253, 115, 0, 0.184109, 

480.253, 116, 0, 0.184109, 

480.253, 117, 0, 0.184109, 

480.253, 118, 0, 0.184109, 

480.253, 119, 0, 0.184109, 

485.683, 0, 0, 0.184109, 

485.683, 1, 0, 0.184109, 

485.683, 2, 0, 0.184109, 

485.683, 3, 0, 0.184109, 

485.683, 4, 0, 0.184109, 

485.683, 5, 0, 0.184109, 

485.683, 6, 0, 0.184109, 

485.683, 7, 0, 0.184109, 

485.683, 8, 0, 0.184109, 

485.683, 9, 0, 0.184109, 

485.683, 10, 0, 0.184109, 

485.683, 11, 0, 0.184109, 

485.683, 12, 0, 0.184109, 

485.683, 13, 0, 0.184109, 

485.683, 14, 0, 0.184109, 

485.683, 15, 0, 0.184109, 

485.683, 16, 0, 0.184109, 

485.683, 17, 0, 0.184109, 

485.683, 18, 0, 0.184109, 

485.683, 19, 0, 0.184109, 

485.683, 20, 0, 0.184109, 

485.683, 21, 0, 0.184109, 

485.683, 22, 0, 0.184109, 

485.683, 23, 0, 0.184109, 

485.683, 24, 0, 0.184109, 

485.683, 25, 0, 0.184109, 

485.683, 26, 0, 0.184109, 

485.683, 27, 0, 0.184109, 

485.683, 28, 0, 0.184109, 

485.683, 29, 0, 0.184109, 

485.683, 30, 0, 0.184109, 

485.683, 31, 0, 0.184109, 

485.683, 32, 0, 0.184109, 

485.683, 33, 0, 0.184109, 

485.683, 34, 0, 0.184109, 

485.683, 35, 0, 0.184109, 

485.683, 36, 0, 0.184109, 

485.683, 37, 0, 0.184109, 

485.683, 38, 0, 0.184109, 

485.683, 39, 0, 0.184109, 

485.683, 40, 0, 0.184109, 

485.683, 41, 0, 0.184109, 

485.683, 42, 0, 0.184109, 

485.683, 43, 0, 0.184109, 

485.683, 44, 0, 0.184109, 

485.683, 45, 0, 0.184109, 

485.683, 46, 0, 0.184109, 

485.683, 47, 0, 0.184109, 

485.683, 48, 0, 0.184109, 

485.683, 49, 0, 0.184109, 

485.683, 50, 0, 0.184109, 

485.683, 51, 0, 0.184109, 

485.683, 52, 0, 0.184109, 

485.683, 53, 0, 0.184109, 

485.683, 54, 0, 0.184109, 

485.683, 55, 0, 0.184109, 

485.683, 56, 0, 0.184109, 

485.683, 57, 0, 0.184109, 

485.683, 58, 0, 0.184109, 

485.683, 59, 0, 0.184109, 

485.683, 60, 0, 0.184109, 

485.683, 61, 0, 0.184109, 

485.683, 62, 0, 0.184109, 

485.683, 63, 0, 0.184109, 

485.683, 64, 0, 0.184109, 

485.683, 65, 0, 0.184109, 

485.683, 66, 0, 0.184109, 

485.683, 67, 0, 0.184109, 

485.683, 68, 0, 0.184109, 

485.683, 69, 0, 0.184109, 

485.683, 70, 0, 0.184109, 

485.683, 71, 0, 0.184109, 

485.683, 72, 0, 0.184109, 

485.683, 73, 0, 0.184109, 

485.683, 74, 0, 0.184109, 

485.683, 75, 0, 0.184109, 

485.683, 76, 0, 0.184109, 

485.683, 77, 0, 0.184109, 

485.683, 78, 0, 0.184109, 

485.683, 79, 0, 0.184109, 

485.683, 80, 0, 0.184109, 

485.683, 81, 0, 0.184109, 

485.683, 82, 0, 0.184109, 

485.683, 83, 0, 0.184109, 

485.683, 84, 0, 0.184109, 

485.683, 85, 0, 0.184109, 

485.683, 86, 0, 0.184109, 

485.683, 87, 0, 0.184109, 

485.683, 88, 0, 0.184109, 

485.683, 89, 0, 0.184109, 

485.683, 90, 0, 0.184109, 

485.683, 91, 0, 0.184109, 

485.683, 92, 0, 0.184109, 

485.683, 93, 0, 0.184109, 

485.683, 94, 0, 0.184109, 

485.683, 95, 0, 0.184109, 

485.683, 96, 0, 0.184109, 

485.683, 97, 0, 0.184109, 

485.683, 98, 0, 0.184109, 

485.683, 99, 0, 0.184109, 

485.683, 100, 0, 0.184109, 

485.683, 101, 0, 0.184109, 

485.683, 102, 0, 0.184109, 

485.683, 103, 0, 0.184109, 

485.683, 104, 0, 0.184109, 

485.683, 105, 0, 0.184109, 

485.683, 106, 0, 0.184109, 

485.683, 107, 0, 0.184109, 

485.683, 108, 0, 0.184109, 

485.683, 109, 0, 0.184109, 

485.683, 110, 0, 0.184109, 

485.683, 111, 0, 0.184109, 

485.683, 112, 0, 0.184109, 

485.683, 113, 0, 0.184109, 

485.683, 114, 0, 0.184109, 

485.683, 115, 0, 0.184109, 

485.683, 116, 0, 0.184109, 

485.683, 117, 0, 0.184109, 

485.683, 118, 0, 0.184109, 

485.683, 119, 0, 0.184109, 

491.113, 0, 0, 0.184109, 

491.113, 1, 0, 0.184109, 

491.113, 2, 0, 0.184109, 

491.113, 3, 0, 0.184109, 

491.113, 4, 0, 0.184109, 

491.113, 5, 0, 0.184109, 

491.113, 6, 0, 0.184109, 

491.113, 7, 0, 0.184109, 

491.113, 8, 0, 0.184109, 

491.113, 9, 0, 0.184109, 

491.113, 10, 0, 0.184109, 

491.113, 11, 0, 0.184109, 

491.113, 12, 0, 0.184109, 

491.113, 13, 0, 0.184109, 

491.113, 14, 0, 0.184109, 

491.113, 15, 0, 0.184109, 

491.113, 16, 0, 0.184109, 

491.113, 17, 0, 0.184109, 

491.113, 18, 0, 0.184109, 

491.113, 19, 0, 0.184109, 

491.113, 20, 0, 0.184109, 

491.113, 21, 0, 0.184109, 

491.113, 22, 0, 0.184109, 

491.113, 23, 0, 0.184109, 

491.113, 24, 0, 0.184109, 

491.113, 25, 0, 0.184109, 

491.113, 26, 0, 0.184109, 

491.113, 27, 0, 0.184109, 

491.113, 28, 0, 0.184109, 

491.113, 29, 0, 0.184109, 

491.113, 30, 0, 0.184109, 

491.113, 31, 0, 0.184109, 

491.113, 32, 0, 0.184109, 

491.113, 33, 0, 0.184109, 

491.113, 34, 0, 0.184109, 

491.113, 35, 0, 0.184109, 

491.113, 36, 0, 0.184109, 

491.113, 37, 0, 0.184109, 

491.113, 38, 0, 0.184109, 

491.113, 39, 0, 0.184109, 

491.113, 40, 0, 0.184109, 

491.113, 41, 0, 0.184109, 

491.113, 42, 0, 0.184109, 

491.113, 43, 0, 0.184109, 

491.113, 44, 0, 0.184109, 

491.113, 45, 0, 0.184109, 

491.113, 46, 0, 0.184109, 

491.113, 47, 0, 0.184109, 

491.113, 48, 0, 0.184109, 

491.113, 49, 0, 0.184109, 

491.113, 50, 0, 0.184109, 

491.113, 51, 0, 0.184109, 

491.113, 52, 0, 0.184109, 

491.113, 53, 0, 0.184109, 

491.113, 54, 0, 0.184109, 

491.113, 55, 0, 0.184109, 

491.113, 56, 0, 0.184109, 

491.113, 57, 0, 0.184109, 

491.113, 58, 0, 0.184109, 

491.113, 59, 0, 0.184109, 

491.113, 60, 0, 0.184109, 

491.113, 61, 0, 0.184109, 

491.113, 62, 0, 0.184109, 

491.113, 63, 0, 0.184109, 

491.113, 64, 0, 0.184109, 

491.113, 65, 0, 0.184109, 

491.113, 66, 0, 0.184109, 

491.113, 67, 0, 0.184109, 

491.113, 68, 0, 0.184109, 

491.113, 69, 0, 0.184109, 

491.113, 70, 0, 0.184109, 

491.113, 71, 0, 0.184109, 

491.113, 72, 0, 0.184109, 

491.113, 73, 0, 0.184109, 

491.113, 74, 0, 0.184109, 

491.113, 75, 0, 0.184109, 

491.113, 76, 0, 0.184109, 

491.113, 77, 0, 0.184109, 

491.113, 78, 0, 0.184109, 

491.113, 79, 0, 0.184109, 

491.113, 80, 0, 0.184109, 

491.113, 81, 0, 0.184109, 

491.113, 82, 0, 0.184109, 

491.113, 83, 0, 0.184109, 

491.113, 84, 0, 0.184109, 

491.113, 85, 0, 0.184109, 

491.113, 86, 0, 0.184109, 

491.113, 87, 0, 0.184109, 

491.113, 88, 0, 0.184109, 

491.113, 89, 0, 0.184109, 

491.113, 90, 0, 0.184109, 

491.113, 91, 0, 0.184109, 

491.113, 92, 0, 0.184109, 

491.113, 93, 0, 0.184109, 

491.113, 94, 0, 0.184109, 

491.113, 95, 0, 0.184109, 

491.113, 96, 0, 0.184109, 

491.113, 97, 0, 0.184109, 

491.113, 98, 0, 0.184109, 

491.113, 99, 0, 0.184109, 

491.113, 100, 0, 0.184109, 

491.113, 101, 0, 0.184109, 

491.113, 102, 0, 0.184109, 

491.113, 103, 0, 0.184109, 

491.113, 104, 0, 0.184109, 

491.113, 105, 0, 0.184109, 

491.113, 106, 0, 0.184109, 

491.113, 107, 0, 0.184109, 

491.113, 108, 0, 0.184109, 

491.113, 109, 0, 0.184109, 

491.113, 110, 0, 0.184109, 

491.113, 111, 0, 0.184109, 

491.113, 112, 0, 0.184109, 

491.113, 113, 0, 0.184109, 

491.113, 114, 0, 0.184109, 

491.113, 115, 0, 0.184109, 

491.113, 116, 0, 0.184109, 

491.113, 117, 0, 0.184109, 

491.113, 118, 0, 0.184109, 

491.113, 119, 0, 0.184109, 

496.544, 0, 0, 0.184109, 

496.544, 1, 0, 0.184109, 

496.544, 2, 0, 0.184109, 

496.544, 3, 0, 0.184109, 

496.544, 4, 0, 0.184109, 

496.544, 5, 0, 0.184109, 

496.544, 6, 0, 0.184109, 

496.544, 7, 0, 0.184109, 

496.544, 8, 0, 0.184109, 

496.544, 9, 0, 0.184109, 

496.544, 10, 0, 0.184109, 

496.544, 11, 0, 0.184109, 

496.544, 12, 0, 0.184109, 

496.544, 13, 0, 0.184109, 

496.544, 14, 0, 0.184109, 

496.544, 15, 0, 0.184109, 

496.544, 16, 0, 0.184109, 

496.544, 17, 0, 0.184109, 

496.544, 18, 0, 0.184109, 

496.544, 19, 0, 0.184109, 

496.544, 20, 0, 0.184109, 

496.544, 21, 0, 0.184109, 

496.544, 22, 0, 0.184109, 

496.544, 23, 0, 0.184109, 

496.544, 24, 0, 0.184109, 

496.544, 25, 0, 0.184109, 

496.544, 26, 0, 0.184109, 

496.544, 27, 0, 0.184109, 

496.544, 28, 0, 0.184109, 

496.544, 29, 0, 0.184109, 

496.544, 30, 0, 0.184109, 

496.544, 31, 0, 0.184109, 

496.544, 32, 0, 0.184109, 

496.544, 33, 0, 0.184109, 

496.544, 34, 0, 0.184109, 

496.544, 35, 0, 0.184109, 

496.544, 36, 0, 0.184109, 

496.544, 37, 0, 0.184109, 

496.544, 38, 0, 0.184109, 

496.544, 39, 0, 0.184109, 

496.544, 40, 0, 0.184109, 

496.544, 41, 0, 0.184109, 

496.544, 42, 0, 0.184109, 

496.544, 43, 0, 0.184109, 

496.544, 44, 0, 0.184109, 

496.544, 45, 0, 0.184109, 

496.544, 46, 0, 0.184109, 

496.544, 47, 0, 0.184109, 

496.544, 48, 0, 0.184109, 

496.544, 49, 0, 0.184109, 

496.544, 50, 0, 0.184109, 

496.544, 51, 0, 0.184109, 

496.544, 52, 0, 0.184109, 

496.544, 53, 0, 0.184109, 

496.544, 54, 0, 0.184109, 

496.544, 55, 0, 0.184109, 

496.544, 56, 0, 0.184109, 

496.544, 57, 0, 0.184109, 

496.544, 58, 0, 0.184109, 

496.544, 59, 0, 0.184109, 

496.544, 60, 0, 0.184109, 

496.544, 61, 0, 0.184109, 

496.544, 62, 0, 0.184109, 

496.544, 63, 0, 0.184109, 

496.544, 64, 0, 0.184109, 

496.544, 65, 0, 0.184109, 

496.544, 66, 0, 0.184109, 

496.544, 67, 0, 0.184109, 

496.544, 68, 0, 0.184109, 

496.544, 69, 0, 0.184109, 

496.544, 70, 0, 0.184109, 

496.544, 71, 0, 0.184109, 

496.544, 72, 0, 0.184109, 

496.544, 73, 0, 0.184109, 

496.544, 74, 0, 0.184109, 

496.544, 75, 0, 0.184109, 

496.544, 76, 0, 0.184109, 

496.544, 77, 0, 0.184109, 

496.544, 78, 0, 0.184109, 

496.544, 79, 0, 0.184109, 

496.544, 80, 0, 0.184109, 

496.544, 81, 0, 0.184109, 

496.544, 82, 0, 0.184109, 

496.544, 83, 0, 0.184109, 

496.544, 84, 0, 0.184109, 

496.544, 85, 0, 0.184109, 

496.544, 86, 0, 0.184109, 

496.544, 87, 0, 0.184109, 

496.544, 88, 0, 0.184109, 

496.544, 89, 0, 0.184109, 

496.544, 90, 0, 0.184109, 

496.544, 91, 0, 0.184109, 

496.544, 92, 0, 0.184109, 

496.544, 93, 0, 0.184109, 

496.544, 94, 0, 0.184109, 

496.544, 95, 0, 0.184109, 

496.544, 96, 0, 0.184109, 

496.544, 97, 0, 0.184109, 

496.544, 98, 0, 0.184109, 

496.544, 99, 0, 0.184109, 

496.544, 100, 0, 0.184109, 

496.544, 101, 0, 0.184109, 

496.544, 102, 0, 0.184109, 

496.544, 103, 0, 0.184109, 

496.544, 104, 0, 0.184109, 

496.544, 105, 0, 0.184109, 

496.544, 106, 0, 0.184109, 

496.544, 107, 0, 0.184109, 

496.544, 108, 0, 0.184109, 

496.544, 109, 0, 0.184109, 

496.544, 110, 0, 0.184109, 

496.544, 111, 0, 0.184109, 

496.544, 112, 0, 0.184109, 

496.544, 113, 0, 0.184109, 

496.544, 114, 0, 0.184109, 

496.544, 115, 0, 0.184109, 

496.544, 116, 0, 0.184109, 

496.544, 117, 0, 0.184109, 

496.544, 118, 0, 0.184109, 

496.544, 119, 0, 0.184109, 

501.974, 0, 0, 0.184109, 

501.974, 1, 0, 0.184109, 

501.974, 2, 0, 0.184109, 

501.974, 3, 0, 0.184109, 

501.974, 4, 0, 0.184109, 

501.974, 5, 0, 0.184109, 

501.974, 6, 0, 0.184109, 

501.974, 7, 0, 0.184109, 

501.974, 8, 0, 0.184109, 

501.974, 9, 0, 0.184109, 

501.974, 10, 0, 0.184109, 

501.974, 11, 0, 0.184109, 

501.974, 12, 0, 0.184109, 

501.974, 13, 0, 0.184109, 

501.974, 14, 0, 0.184109, 

501.974, 15, 0, 0.184109, 

501.974, 16, 0, 0.184109, 

501.974, 17, 0, 0.184109, 

501.974, 18, 0, 0.184109, 

501.974, 19, 0, 0.184109, 

501.974, 20, 0, 0.184109, 

501.974, 21, 0, 0.184109, 

501.974, 22, 0, 0.184109, 

501.974, 23, 0, 0.184109, 

501.974, 24, 0, 0.184109, 

501.974, 25, 0, 0.184109, 

501.974, 26, 0, 0.184109, 

501.974, 27, 0, 0.184109, 

501.974, 28, 0, 0.184109, 

501.974, 29, 0, 0.184109, 

501.974, 30, 0, 0.184109, 

501.974, 31, 0, 0.184109, 

501.974, 32, 0, 0.184109, 

501.974, 33, 0, 0.184109, 

501.974, 34, 0, 0.184109, 

501.974, 35, 0, 0.184109, 

501.974, 36, 0, 0.184109, 

501.974, 37, 0, 0.184109, 

501.974, 38, 0, 0.184109, 

501.974, 39, 0, 0.184109, 

501.974, 40, 0, 0.184109, 

501.974, 41, 0, 0.184109, 

501.974, 42, 0, 0.184109, 

501.974, 43, 0, 0.184109, 

501.974, 44, 0, 0.184109, 

501.974, 45, 0, 0.184109, 

501.974, 46, 0, 0.184109, 

501.974, 47, 0, 0.184109, 

501.974, 48, 0, 0.184109, 

501.974, 49, 0, 0.184109, 

501.974, 50, 0, 0.184109, 

501.974, 51, 0, 0.184109, 

501.974, 52, 0, 0.184109, 

501.974, 53, 0, 0.184109, 

501.974, 54, 0, 0.184109, 

501.974, 55, 0, 0.184109, 

501.974, 56, 0, 0.184109, 

501.974, 57, 0, 0.184109, 

501.974, 58, 0, 0.184109, 

501.974, 59, 0, 0.184109, 

501.974, 60, 0, 0.184109, 

501.974, 61, 0, 0.184109, 

501.974, 62, 0, 0.184109, 

501.974, 63, 0, 0.184109, 

501.974, 64, 0, 0.184109, 

501.974, 65, 0, 0.184109, 

501.974, 66, 0, 0.184109, 

501.974, 67, 0, 0.184109, 

501.974, 68, 0, 0.184109, 

501.974, 69, 0, 0.184109, 

501.974, 70, 0, 0.184109, 

501.974, 71, 0, 0.184109, 

501.974, 72, 0, 0.184109, 

501.974, 73, 0, 0.184109, 

501.974, 74, 0, 0.184109, 

501.974, 75, 0, 0.184109, 

501.974, 76, 0, 0.184109, 

501.974, 77, 0, 0.184109, 

501.974, 78, 0, 0.184109, 

501.974, 79, 0, 0.184109, 

501.974, 80, 0, 0.184109, 

501.974, 81, 0, 0.184109, 

501.974, 82, 0, 0.184109, 

501.974, 83, 0, 0.184109, 

501.974, 84, 0, 0.184109, 

501.974, 85, 0, 0.184109, 

501.974, 86, 0, 0.184109, 

501.974, 87, 0, 0.184109, 

501.974, 88, 0, 0.184109, 

501.974, 89, 0, 0.184109, 

501.974, 90, 0, 0.184109, 

501.974, 91, 0, 0.184109, 

501.974, 92, 0, 0.184109, 

501.974, 93, 0, 0.184109, 

501.974, 94, 0, 0.184109, 

501.974, 95, 0, 0.184109, 

501.974, 96, 0, 0.184109, 

501.974, 97, 0, 0.184109, 

501.974, 98, 0, 0.184109, 

501.974, 99, 0, 0.184109, 

501.974, 100, 0, 0.184109, 

501.974, 101, 0, 0.184109, 

501.974, 102, 0, 0.184109, 

501.974, 103, 0, 0.184109, 

501.974, 104, 0, 0.184109, 

501.974, 105, 0, 0.184109, 

501.974, 106, 0, 0.184109, 

501.974, 107, 0, 0.184109, 

501.974, 108, 0, 0.184109, 

501.974, 109, 0, 0.184109, 

501.974, 110, 0, 0.184109, 

501.974, 111, 0, 0.184109, 

501.974, 112, 0, 0.184109, 

501.974, 113, 0, 0.184109, 

501.974, 114, 0, 0.184109, 

501.974, 115, 0, 0.184109, 

501.974, 116, 0, 0.184109, 

501.974, 117, 0, 0.184109, 

501.974, 118, 0, 0.184109, 

501.974, 119, 0, 0.184109, 

507.405, 0, 0, 0.184109, 

507.405, 1, 0, 0.184109, 

507.405, 2, 0, 0.184109, 

507.405, 3, 0, 0.184109, 

507.405, 4, 0, 0.184109, 

507.405, 5, 0, 0.184109, 

507.405, 6, 0, 0.184109, 

507.405, 7, 0, 0.184109, 

507.405, 8, 0, 0.184109, 

507.405, 9, 0, 0.184109, 

507.405, 10, 0, 0.184109, 

507.405, 11, 0, 0.184109, 

507.405, 12, 0, 0.184109, 

507.405, 13, 0, 0.184109, 

507.405, 14, 0, 0.184109, 

507.405, 15, 0, 0.184109, 

507.405, 16, 0, 0.184109, 

507.405, 17, 0, 0.184109, 

507.405, 18, 0, 0.184109, 

507.405, 19, 0, 0.184109, 

507.405, 20, 0, 0.184109, 

507.405, 21, 0, 0.184109, 

507.405, 22, 0, 0.184109, 

507.405, 23, 0, 0.184109, 

507.405, 24, 0, 0.184109, 

507.405, 25, 0, 0.184109, 

507.405, 26, 0, 0.184109, 

507.405, 27, 0, 0.184109, 

507.405, 28, 0, 0.184109, 

507.405, 29, 0, 0.184109, 

507.405, 30, 0, 0.184109, 

507.405, 31, 0, 0.184109, 

507.405, 32, 0, 0.184109, 

507.405, 33, 0, 0.184109, 

507.405, 34, 0, 0.184109, 

507.405, 35, 0, 0.184109, 

507.405, 36, 0, 0.184109, 

507.405, 37, 0, 0.184109, 

507.405, 38, 0, 0.184109, 

507.405, 39, 0, 0.184109, 

507.405, 40, 0, 0.184109, 

507.405, 41, 0, 0.184109, 

507.405, 42, 0, 0.184109, 

507.405, 43, 0, 0.184109, 

507.405, 44, 0, 0.184109, 

507.405, 45, 0, 0.184109, 

507.405, 46, 0, 0.184109, 

507.405, 47, 0, 0.184109, 

507.405, 48, 0, 0.184109, 

507.405, 49, 0, 0.184109, 

507.405, 50, 0, 0.184109, 

507.405, 51, 0, 0.184109, 

507.405, 52, 0, 0.184109, 

507.405, 53, 0, 0.184109, 

507.405, 54, 0, 0.184109, 

507.405, 55, 0, 0.184109, 

507.405, 56, 0, 0.184109, 

507.405, 57, 0, 0.184109, 

507.405, 58, 0, 0.184109, 

507.405, 59, 0, 0.184109, 

507.405, 60, 0, 0.184109, 

507.405, 61, 0, 0.184109, 

507.405, 62, 0, 0.184109, 

507.405, 63, 0, 0.184109, 

507.405, 64, 0, 0.184109, 

507.405, 65, 0, 0.184109, 

507.405, 66, 0, 0.184109, 

507.405, 67, 0, 0.184109, 

507.405, 68, 0, 0.184109, 

507.405, 69, 0, 0.184109, 

507.405, 70, 0, 0.184109, 

507.405, 71, 0, 0.184109, 

507.405, 72, 0, 0.184109, 

507.405, 73, 0, 0.184109, 

507.405, 74, 0, 0.184109, 

507.405, 75, 0, 0.184109, 

507.405, 76, 0, 0.184109, 

507.405, 77, 0, 0.184109, 

507.405, 78, 0, 0.184109, 

507.405, 79, 0, 0.184109, 

507.405, 80, 0, 0.184109, 

507.405, 81, 0, 0.184109, 

507.405, 82, 0, 0.184109, 

507.405, 83, 0, 0.184109, 

507.405, 84, 0, 0.184109, 

507.405, 85, 0, 0.184109, 

507.405, 86, 0, 0.184109, 

507.405, 87, 0, 0.184109, 

507.405, 88, 0, 0.184109, 

507.405, 89, 0, 0.184109, 

507.405, 90, 0, 0.184109, 

507.405, 91, 0, 0.184109, 

507.405, 92, 0, 0.184109, 

507.405, 93, 0, 0.184109, 

507.405, 94, 0, 0.184109, 

507.405, 95, 0, 0.184109, 

507.405, 96, 0, 0.184109, 

507.405, 97, 0, 0.184109, 

507.405, 98, 0, 0.184109, 

507.405, 99, 0, 0.184109, 

507.405, 100, 0, 0.184109, 

507.405, 101, 0, 0.184109, 

507.405, 102, 0, 0.184109, 

507.405, 103, 0, 0.184109, 

507.405, 104, 0, 0.184109, 

507.405, 105, 0, 0.184109, 

507.405, 106, 0, 0.184109, 

507.405, 107, 0, 0.184109, 

507.405, 108, 0, 0.184109, 

507.405, 109, 0, 0.184109, 

507.405, 110, 0, 0.184109, 

507.405, 111, 0, 0.184109, 

507.405, 112, 0, 0.184109, 

507.405, 113, 0, 0.184109, 

507.405, 114, 0, 0.184109, 

507.405, 115, 0, 0.184109, 

507.405, 116, 0, 0.184109, 

507.405, 117, 0, 0.184109, 

507.405, 118, 0, 0.184109, 

507.405, 119, 0, 0.184109, 

512.835, 0, 0, 0.184109, 

512.835, 1, 0, 0.184109, 

512.835, 2, 0, 0.184109, 

512.835, 3, 0, 0.184109, 

512.835, 4, 0, 0.184109, 

512.835, 5, 0, 0.184109, 

512.835, 6, 0, 0.184109, 

512.835, 7, 0, 0.184109, 

512.835, 8, 0, 0.184109, 

512.835, 9, 0, 0.184109, 

512.835, 10, 0, 0.184109, 

512.835, 11, 0, 0.184109, 

512.835, 12, 0, 0.184109, 

512.835, 13, 0, 0.184109, 

512.835, 14, 0, 0.184109, 

512.835, 15, 0, 0.184109, 

512.835, 16, 0, 0.184109, 

512.835, 17, 0, 0.184109, 

512.835, 18, 0, 0.184109, 

512.835, 19, 0, 0.184109, 

512.835, 20, 0, 0.184109, 

512.835, 21, 0, 0.184109, 

512.835, 22, 0, 0.184109, 

512.835, 23, 0, 0.184109, 

512.835, 24, 0, 0.184109, 

512.835, 25, 0, 0.184109, 

512.835, 26, 0, 0.184109, 

512.835, 27, 0, 0.184109, 

512.835, 28, 0, 0.184109, 

512.835, 29, 0, 0.184109, 

512.835, 30, 0, 0.184109, 

512.835, 31, 0, 0.184109, 

512.835, 32, 0, 0.184109, 

512.835, 33, 0, 0.184109, 

512.835, 34, 0, 0.184109, 

512.835, 35, 0, 0.184109, 

512.835, 36, 0, 0.184109, 

512.835, 37, 0, 0.184109, 

512.835, 38, 0, 0.184109, 

512.835, 39, 0, 0.184109, 

512.835, 40, 0, 0.184109, 

512.835, 41, 0, 0.184109, 

512.835, 42, 0, 0.184109, 

512.835, 43, 0, 0.184109, 

512.835, 44, 0, 0.184109, 

512.835, 45, 0, 0.184109, 

512.835, 46, 0, 0.184109, 

512.835, 47, 0, 0.184109, 

512.835, 48, 0, 0.184109, 

512.835, 49, 0, 0.184109, 

512.835, 50, 0, 0.184109, 

512.835, 51, 0, 0.184109, 

512.835, 52, 0, 0.184109, 

512.835, 53, 0, 0.184109, 

512.835, 54, 0, 0.184109, 

512.835, 55, 0, 0.184109, 

512.835, 56, 0, 0.184109, 

512.835, 57, 0, 0.184109, 

512.835, 58, 0, 0.184109, 

512.835, 59, 0, 0.184109, 

512.835, 60, 0, 0.184109, 

512.835, 61, 0, 0.184109, 

512.835, 62, 0, 0.184109, 

512.835, 63, 0, 0.184109, 

512.835, 64, 0, 0.184109, 

512.835, 65, 0, 0.184109, 

512.835, 66, 0, 0.184109, 

512.835, 67, 0, 0.184109, 

512.835, 68, 0, 0.184109, 

512.835, 69, 0, 0.184109, 

512.835, 70, 0, 0.184109, 

512.835, 71, 0, 0.184109, 

512.835, 72, 0, 0.184109, 

512.835, 73, 0, 0.184109, 

512.835, 74, 0, 0.184109, 

512.835, 75, 0, 0.184109, 

512.835, 76, 0, 0.184109, 

512.835, 77, 0, 0.184109, 

512.835, 78, 0, 0.184109, 

512.835, 79, 0, 0.184109, 

512.835, 80, 0, 0.184109, 

512.835, 81, 0, 0.184109, 

512.835, 82, 0, 0.184109, 

512.835, 83, 0, 0.184109, 

512.835, 84, 0, 0.184109, 

512.835, 85, 0, 0.184109, 

512.835, 86, 0, 0.184109, 

512.835, 87, 0, 0.184109, 

512.835, 88, 0, 0.184109, 

512.835, 89, 0, 0.184109, 

512.835, 90, 0, 0.184109, 

512.835, 91, 0, 0.184109, 

512.835, 92, 0, 0.184109, 

512.835, 93, 0, 0.184109, 

512.835, 94, 0, 0.184109, 

512.835, 95, 0, 0.184109, 

512.835, 96, 0, 0.184109, 

512.835, 97, 0, 0.184109, 

512.835, 98, 0, 0.184109, 

512.835, 99, 0, 0.184109, 

512.835, 100, 0, 0.184109, 

512.835, 101, 0, 0.184109, 

512.835, 102, 0, 0.184109, 

512.835, 103, 0, 0.184109, 

512.835, 104, 0, 0.184109, 

512.835, 105, 0, 0.184109, 

512.835, 106, 0, 0.184109, 

512.835, 107, 0, 0.184109, 

512.835, 108, 0, 0.184109, 

512.835, 109, 0, 0.184109, 

512.835, 110, 0, 0.184109, 

512.835, 111, 0, 0.184109, 

512.835, 112, 0, 0.184109, 

512.835, 113, 0, 0.184109, 

512.835, 114, 0, 0.184109, 

512.835, 115, 0, 0.184109, 

512.835, 116, 0, 0.184109, 

512.835, 117, 0, 0.184109, 

512.835, 118, 0, 0.184109, 

512.835, 119, 0, 0.184109, 

518.265, 0, 0, 0.184109, 

518.265, 1, 0, 0.184109, 

518.265, 2, 0, 0.184109, 

518.265, 3, 0, 0.184109, 

518.265, 4, 0, 0.184109, 

518.265, 5, 0, 0.184109, 

518.265, 6, 0, 0.184109, 

518.265, 7, 0, 0.184109, 

518.265, 8, 0, 0.184109, 

518.265, 9, 0, 0.184109, 

518.265, 10, 0, 0.184109, 

518.265, 11, 0, 0.184109, 

518.265, 12, 0, 0.184109, 

518.265, 13, 0, 0.184109, 

518.265, 14, 0, 0.184109, 

518.265, 15, 0, 0.184109, 

518.265, 16, 0, 0.184109, 

518.265, 17, 0, 0.184109, 

518.265, 18, 0, 0.184109, 

518.265, 19, 0, 0.184109, 

518.265, 20, 0, 0.184109, 

518.265, 21, 0, 0.184109, 

518.265, 22, 0, 0.184109, 

518.265, 23, 0, 0.184109, 

518.265, 24, 0, 0.184109, 

518.265, 25, 0, 0.184109, 

518.265, 26, 0, 0.184109, 

518.265, 27, 0, 0.184109, 

518.265, 28, 0, 0.184109, 

518.265, 29, 0, 0.184109, 

518.265, 30, 0, 0.184109, 

518.265, 31, 0, 0.184109, 

518.265, 32, 0, 0.184109, 

518.265, 33, 0, 0.184109, 

518.265, 34, 0, 0.184109, 

518.265, 35, 0, 0.184109, 

518.265, 36, 0, 0.184109, 

518.265, 37, 0, 0.184109, 

518.265, 38, 0, 0.184109, 

518.265, 39, 0, 0.184109, 

518.265, 40, 0, 0.184109, 

518.265, 41, 0, 0.184109, 

518.265, 42, 0, 0.184109, 

518.265, 43, 0, 0.184109, 

518.265, 44, 0, 0.184109, 

518.265, 45, 0, 0.184109, 

518.265, 46, 0, 0.184109, 

518.265, 47, 0, 0.184109, 

518.265, 48, 0, 0.184109, 

518.265, 49, 0, 0.184109, 

518.265, 50, 0, 0.184109, 

518.265, 51, 0, 0.184109, 

518.265, 52, 0, 0.184109, 

518.265, 53, 0, 0.184109, 

518.265, 54, 0, 0.184109, 

518.265, 55, 0, 0.184109, 

518.265, 56, 0, 0.184109, 

518.265, 57, 0, 0.184109, 

518.265, 58, 0, 0.184109, 

518.265, 59, 0, 0.184109, 

518.265, 60, 0, 0.184109, 

518.265, 61, 0, 0.184109, 

518.265, 62, 0, 0.184109, 

518.265, 63, 0, 0.184109, 

518.265, 64, 0, 0.184109, 

518.265, 65, 0, 0.184109, 

518.265, 66, 0, 0.184109, 

518.265, 67, 0, 0.184109, 

518.265, 68, 0, 0.184109, 

518.265, 69, 0, 0.184109, 

518.265, 70, 0, 0.184109, 

518.265, 71, 0, 0.184109, 

518.265, 72, 0, 0.184109, 

518.265, 73, 0, 0.184109, 

518.265, 74, 0, 0.184109, 

518.265, 75, 0, 0.184109, 

518.265, 76, 0, 0.184109, 

518.265, 77, 0, 0.184109, 

518.265, 78, 0, 0.184109, 

518.265, 79, 0, 0.184109, 

518.265, 80, 0, 0.184109, 

518.265, 81, 0, 0.184109, 

518.265, 82, 0, 0.184109, 

518.265, 83, 0, 0.184109, 

518.265, 84, 0, 0.184109, 

518.265, 85, 0, 0.184109, 

518.265, 86, 0, 0.184109, 

518.265, 87, 0, 0.184109, 

518.265, 88, 0, 0.184109, 

518.265, 89, 0, 0.184109, 

518.265, 90, 0, 0.184109, 

518.265, 91, 0, 0.184109, 

518.265, 92, 0, 0.184109, 

518.265, 93, 0, 0.184109, 

518.265, 94, 0, 0.184109, 

518.265, 95, 0, 0.184109, 

518.265, 96, 0, 0.184109, 

518.265, 97, 0, 0.184109, 

518.265, 98, 0, 0.184109, 

518.265, 99, 0, 0.184109, 

518.265, 100, 0, 0.184109, 

518.265, 101, 0, 0.184109, 

518.265, 102, 0, 0.184109, 

518.265, 103, 0, 0.184109, 

518.265, 104, 0, 0.184109, 

518.265, 105, 0, 0.184109, 

518.265, 106, 0, 0.184109, 

518.265, 107, 0, 0.184109, 

518.265, 108, 0, 0.184109, 

518.265, 109, 0, 0.184109, 

518.265, 110, 0, 0.184109, 

518.265, 111, 0, 0.184109, 

518.265, 112, 0, 0.184109, 

518.265, 113, 0, 0.184109, 

518.265, 114, 0, 0.184109, 

518.265, 115, 0, 0.184109, 

518.265, 116, 0, 0.184109, 

518.265, 117, 0, 0.184109, 

518.265, 118, 0, 0.184109, 

518.265, 119, 0, 0.184109, 

523.696, 0, 0, 0.184109, 

523.696, 1, 0, 0.184109, 

523.696, 2, 0, 0.184109, 

523.696, 3, 0, 0.184109, 

523.696, 4, 0, 0.184109, 

523.696, 5, 0, 0.184109, 

523.696, 6, 0, 0.184109, 

523.696, 7, 0, 0.184109, 

523.696, 8, 0, 0.184109, 

523.696, 9, 0, 0.184109, 

523.696, 10, 0, 0.184109, 

523.696, 11, 0, 0.184109, 

523.696, 12, 0, 0.184109, 

523.696, 13, 0, 0.184109, 

523.696, 14, 0, 0.184109, 

523.696, 15, 0, 0.184109, 

523.696, 16, 0, 0.184109, 

523.696, 17, 0, 0.184109, 

523.696, 18, 0, 0.184109, 

523.696, 19, 0, 0.184109, 

523.696, 20, 0, 0.184109, 

523.696, 21, 0, 0.184109, 

523.696, 22, 0, 0.184109, 

523.696, 23, 0, 0.184109, 

523.696, 24, 0, 0.184109, 

523.696, 25, 0, 0.184109, 

523.696, 26, 0, 0.184109, 

523.696, 27, 0, 0.184109, 

523.696, 28, 0, 0.184109, 

523.696, 29, 0, 0.184109, 

523.696, 30, 0, 0.184109, 

523.696, 31, 0, 0.184109, 

523.696, 32, 0, 0.184109, 

523.696, 33, 0, 0.184109, 

523.696, 34, 0, 0.184109, 

523.696, 35, 0, 0.184109, 

523.696, 36, 0, 0.184109, 

523.696, 37, 0, 0.184109, 

523.696, 38, 0, 0.184109, 

523.696, 39, 0, 0.184109, 

523.696, 40, 0, 0.184109, 

523.696, 41, 0, 0.184109, 

523.696, 42, 0, 0.184109, 

523.696, 43, 0, 0.184109, 

523.696, 44, 0, 0.184109, 

523.696, 45, 0, 0.184109, 

523.696, 46, 0, 0.184109, 

523.696, 47, 0, 0.184109, 

523.696, 48, 0, 0.184109, 

523.696, 49, 0, 0.184109, 

523.696, 50, 0, 0.184109, 

523.696, 51, 0, 0.184109, 

523.696, 52, 0, 0.184109, 

523.696, 53, 0, 0.184109, 

523.696, 54, 0, 0.184109, 

523.696, 55, 0, 0.184109, 

523.696, 56, 0, 0.184109, 

523.696, 57, 0, 0.184109, 

523.696, 58, 0, 0.184109, 

523.696, 59, 0, 0.184109, 

523.696, 60, 0, 0.184109, 

523.696, 61, 0, 0.184109, 

523.696, 62, 0, 0.184109, 

523.696, 63, 0, 0.184109, 

523.696, 64, 0, 0.184109, 

523.696, 65, 0, 0.184109, 

523.696, 66, 0, 0.184109, 

523.696, 67, 0, 0.184109, 

523.696, 68, 0, 0.184109, 

523.696, 69, 0, 0.184109, 

523.696, 70, 0, 0.184109, 

523.696, 71, 0, 0.184109, 

523.696, 72, 0, 0.184109, 

523.696, 73, 0, 0.184109, 

523.696, 74, 0, 0.184109, 

523.696, 75, 0, 0.184109, 

523.696, 76, 0, 0.184109, 

523.696, 77, 0, 0.184109, 

523.696, 78, 0, 0.184109, 

523.696, 79, 0, 0.184109, 

523.696, 80, 0, 0.184109, 

523.696, 81, 0, 0.184109, 

523.696, 82, 0, 0.184109, 

523.696, 83, 0, 0.184109, 

523.696, 84, 0, 0.184109, 

523.696, 85, 0, 0.184109, 

523.696, 86, 0, 0.184109, 

523.696, 87, 0, 0.184109, 

523.696, 88, 0, 0.184109, 

523.696, 89, 0, 0.184109, 

523.696, 90, 0, 0.184109, 

523.696, 91, 0, 0.184109, 

523.696, 92, 0, 0.184109, 

523.696, 93, 0, 0.184109, 

523.696, 94, 0, 0.184109, 

523.696, 95, 0, 0.184109, 

523.696, 96, 0, 0.184109, 

523.696, 97, 0, 0.184109, 

523.696, 98, 0, 0.184109, 

523.696, 99, 0, 0.184109, 

523.696, 100, 0, 0.184109, 

523.696, 101, 0, 0.184109, 

523.696, 102, 0, 0.184109, 

523.696, 103, 0, 0.184109, 

523.696, 104, 0, 0.184109, 

523.696, 105, 0, 0.184109, 

523.696, 106, 0, 0.184109, 

523.696, 107, 0, 0.184109, 

523.696, 108, 0, 0.184109, 

523.696, 109, 0, 0.184109, 

523.696, 110, 0, 0.184109, 

523.696, 111, 0, 0.184109, 

523.696, 112, 0, 0.184109, 

523.696, 113, 0, 0.184109, 

523.696, 114, 0, 0.184109, 

523.696, 115, 0, 0.184109, 

523.696, 116, 0, 0.184109, 

523.696, 117, 0, 0.184109, 

523.696, 118, 0, 0.184109, 

523.696, 119, 0, 0.184109, 

529.126, 0, 0, 0.184109, 

529.126, 1, 0, 0.184109, 

529.126, 2, 0, 0.184109, 

529.126, 3, 0, 0.184109, 

529.126, 4, 0, 0.184109, 

529.126, 5, 0, 0.184109, 

529.126, 6, 0, 0.184109, 

529.126, 7, 0, 0.184109, 

529.126, 8, 0, 0.184109, 

529.126, 9, 0, 0.184109, 

529.126, 10, 0, 0.184109, 

529.126, 11, 0, 0.184109, 

529.126, 12, 0, 0.184109, 

529.126, 13, 0, 0.184109, 

529.126, 14, 0, 0.184109, 

529.126, 15, 0, 0.184109, 

529.126, 16, 0, 0.184109, 

529.126, 17, 0, 0.184109, 

529.126, 18, 0, 0.184109, 

529.126, 19, 0, 0.184109, 

529.126, 20, 0, 0.184109, 

529.126, 21, 0, 0.184109, 

529.126, 22, 0, 0.184109, 

529.126, 23, 0, 0.184109, 

529.126, 24, 0, 0.184109, 

529.126, 25, 0, 0.184109, 

529.126, 26, 0, 0.184109, 

529.126, 27, 0, 0.184109, 

529.126, 28, 0, 0.184109, 

529.126, 29, 0, 0.184109, 

529.126, 30, 0, 0.184109, 

529.126, 31, 0, 0.184109, 

529.126, 32, 0, 0.184109, 

529.126, 33, 0, 0.184109, 

529.126, 34, 0, 0.184109, 

529.126, 35, 0, 0.184109, 

529.126, 36, 0, 0.184109, 

529.126, 37, 0, 0.184109, 

529.126, 38, 0, 0.184109, 

529.126, 39, 0, 0.184109, 

529.126, 40, 0, 0.184109, 

529.126, 41, 0, 0.184109, 

529.126, 42, 0, 0.184109, 

529.126, 43, 0, 0.184109, 

529.126, 44, 0, 0.184109, 

529.126, 45, 0, 0.184109, 

529.126, 46, 0, 0.184109, 

529.126, 47, 0, 0.184109, 

529.126, 48, 0, 0.184109, 

529.126, 49, 0, 0.184109, 

529.126, 50, 0, 0.184109, 

529.126, 51, 0, 0.184109, 

529.126, 52, 0, 0.184109, 

529.126, 53, 0, 0.184109, 

529.126, 54, 0, 0.184109, 

529.126, 55, 0, 0.184109, 

529.126, 56, 0, 0.184109, 

529.126, 57, 0, 0.184109, 

529.126, 58, 0, 0.184109, 

529.126, 59, 0, 0.184109, 

529.126, 60, 0, 0.184109, 

529.126, 61, 0, 0.184109, 

529.126, 62, 0, 0.184109, 

529.126, 63, 0, 0.184109, 

529.126, 64, 0, 0.184109, 

529.126, 65, 0, 0.184109, 

529.126, 66, 0, 0.184109, 

529.126, 67, 0, 0.184109, 

529.126, 68, 0, 0.184109, 

529.126, 69, 0, 0.184109, 

529.126, 70, 0, 0.184109, 

529.126, 71, 0, 0.184109, 

529.126, 72, 0, 0.184109, 

529.126, 73, 0, 0.184109, 

529.126, 74, 0, 0.184109, 

529.126, 75, 0, 0.184109, 

529.126, 76, 0, 0.184109, 

529.126, 77, 0, 0.184109, 

529.126, 78, 0, 0.184109, 

529.126, 79, 0, 0.184109, 

529.126, 80, 0, 0.184109, 

529.126, 81, 0, 0.184109, 

529.126, 82, 0, 0.184109, 

529.126, 83, 0, 0.184109, 

529.126, 84, 0, 0.184109, 

529.126, 85, 0, 0.184109, 

529.126, 86, 0, 0.184109, 

529.126, 87, 0, 0.184109, 

529.126, 88, 0, 0.184109, 

529.126, 89, 0, 0.184109, 

529.126, 90, 0, 0.184109, 

529.126, 91, 0, 0.184109, 

529.126, 92, 0, 0.184109, 

529.126, 93, 0, 0.184109, 

529.126, 94, 0, 0.184109, 

529.126, 95, 0, 0.184109, 

529.126, 96, 0, 0.184109, 

529.126, 97, 0, 0.184109, 

529.126, 98, 0, 0.184109, 

529.126, 99, 0, 0.184109, 

529.126, 100, 0, 0.184109, 

529.126, 101, 0, 0.184109, 

529.126, 102, 0, 0.184109, 

529.126, 103, 0, 0.184109, 

529.126, 104, 0, 0.184109, 

529.126, 105, 0, 0.184109, 

529.126, 106, 0, 0.184109, 

529.126, 107, 0, 0.184109, 

529.126, 108, 0, 0.184109, 

529.126, 109, 0, 0.184109, 

529.126, 110, 0, 0.184109, 

529.126, 111, 0, 0.184109, 

529.126, 112, 0, 0.184109, 

529.126, 113, 0, 0.184109, 

529.126, 114, 0, 0.184109, 

529.126, 115, 0, 0.184109, 

529.126, 116, 0, 0.184109, 

529.126, 117, 0, 0.184109, 

529.126, 118, 0, 0.184109, 

529.126, 119, 0, 0.184109, 

534.556, 0, 0, 0.184109, 

534.556, 1, 0, 0.184109, 

534.556, 2, 0, 0.184109, 

534.556, 3, 0, 0.184109, 

534.556, 4, 0, 0.184109, 

534.556, 5, 0, 0.184109, 

534.556, 6, 0, 0.184109, 

534.556, 7, 0, 0.184109, 

534.556, 8, 0, 0.184109, 

534.556, 9, 0, 0.184109, 

534.556, 10, 0, 0.184109, 

534.556, 11, 0, 0.184109, 

534.556, 12, 0, 0.184109, 

534.556, 13, 0, 0.184109, 

534.556, 14, 0, 0.184109, 

534.556, 15, 0, 0.184109, 

534.556, 16, 0, 0.184109, 

534.556, 17, 0, 0.184109, 

534.556, 18, 0, 0.184109, 

534.556, 19, 0, 0.184109, 

534.556, 20, 0, 0.184109, 

534.556, 21, 0, 0.184109, 

534.556, 22, 0, 0.184109, 

534.556, 23, 0, 0.184109, 

534.556, 24, 0, 0.184109, 

534.556, 25, 0, 0.184109, 

534.556, 26, 0, 0.184109, 

534.556, 27, 0, 0.184109, 

534.556, 28, 0, 0.184109, 

534.556, 29, 0, 0.184109, 

534.556, 30, 0, 0.184109, 

534.556, 31, 0, 0.184109, 

534.556, 32, 0, 0.184109, 

534.556, 33, 0, 0.184109, 

534.556, 34, 0, 0.184109, 

534.556, 35, 0, 0.184109, 

534.556, 36, 0, 0.184109, 

534.556, 37, 0, 0.184109, 

534.556, 38, 0, 0.184109, 

534.556, 39, 0, 0.184109, 

534.556, 40, 0, 0.184109, 

534.556, 41, 0, 0.184109, 

534.556, 42, 0, 0.184109, 

534.556, 43, 0, 0.184109, 

534.556, 44, 0, 0.184109, 

534.556, 45, 0, 0.184109, 

534.556, 46, 0, 0.184109, 

534.556, 47, 0, 0.184109, 

534.556, 48, 0, 0.184109, 

534.556, 49, 0, 0.184109, 

534.556, 50, 0, 0.184109, 

534.556, 51, 0, 0.184109, 

534.556, 52, 0, 0.184109, 

534.556, 53, 0, 0.184109, 

534.556, 54, 0, 0.184109, 

534.556, 55, 0, 0.184109, 

534.556, 56, 0, 0.184109, 

534.556, 57, 0, 0.184109, 

534.556, 58, 0, 0.184109, 

534.556, 59, 0, 0.184109, 

534.556, 60, 0, 0.184109, 

534.556, 61, 0, 0.184109, 

534.556, 62, 0, 0.184109, 

534.556, 63, 0, 0.184109, 

534.556, 64, 0, 0.184109, 

534.556, 65, 0, 0.184109, 

534.556, 66, 0, 0.184109, 

534.556, 67, 0, 0.184109, 

534.556, 68, 0, 0.184109, 

534.556, 69, 0, 0.184109, 

534.556, 70, 0, 0.184109, 

534.556, 71, 0, 0.184109, 

534.556, 72, 0, 0.184109, 

534.556, 73, 0, 0.184109, 

534.556, 74, 0, 0.184109, 

534.556, 75, 0, 0.184109, 

534.556, 76, 0, 0.184109, 

534.556, 77, 0, 0.184109, 

534.556, 78, 0, 0.184109, 

534.556, 79, 0, 0.184109, 

534.556, 80, 0, 0.184109, 

534.556, 81, 0, 0.184109, 

534.556, 82, 0, 0.184109, 

534.556, 83, 0, 0.184109, 

534.556, 84, 0, 0.184109, 

534.556, 85, 0, 0.184109, 

534.556, 86, 0, 0.184109, 

534.556, 87, 0, 0.184109, 

534.556, 88, 0, 0.184109, 

534.556, 89, 0, 0.184109, 

534.556, 90, 0, 0.184109, 

534.556, 91, 0, 0.184109, 

534.556, 92, 0, 0.184109, 

534.556, 93, 0, 0.184109, 

534.556, 94, 0, 0.184109, 

534.556, 95, 0, 0.184109, 

534.556, 96, 0, 0.184109, 

534.556, 97, 0, 0.184109, 

534.556, 98, 0, 0.184109, 

534.556, 99, 0, 0.184109, 

534.556, 100, 0, 0.184109, 

534.556, 101, 0, 0.184109, 

534.556, 102, 0, 0.184109, 

534.556, 103, 0, 0.184109, 

534.556, 104, 0, 0.184109, 

534.556, 105, 0, 0.184109, 

534.556, 106, 0, 0.184109, 

534.556, 107, 0, 0.184109, 

534.556, 108, 0, 0.184109, 

534.556, 109, 0, 0.184109, 

534.556, 110, 0, 0.184109, 

534.556, 111, 0, 0.184109, 

534.556, 112, 0, 0.184109, 

534.556, 113, 0, 0.184109, 

534.556, 114, 0, 0.184109, 

534.556, 115, 0, 0.184109, 

534.556, 116, 0, 0.184109, 

534.556, 117, 0, 0.184109, 

534.556, 118, 0, 0.184109, 

534.556, 119, 0, 0.184109, 

539.987, 0, 0, 0.184109, 

539.987, 1, 0, 0.184109, 

539.987, 2, 0, 0.184109, 

539.987, 3, 0, 0.184109, 

539.987, 4, 0, 0.184109, 

539.987, 5, 0, 0.184109, 

539.987, 6, 0, 0.184109, 

539.987, 7, 0, 0.184109, 

539.987, 8, 0, 0.184109, 

539.987, 9, 0, 0.184109, 

539.987, 10, 0, 0.184109, 

539.987, 11, 0, 0.184109, 

539.987, 12, 0, 0.184109, 

539.987, 13, 0, 0.184109, 

539.987, 14, 0, 0.184109, 

539.987, 15, 0, 0.184109, 

539.987, 16, 0, 0.184109, 

539.987, 17, 0, 0.184109, 

539.987, 18, 0, 0.184109, 

539.987, 19, 0, 0.184109, 

539.987, 20, 0, 0.184109, 

539.987, 21, 0, 0.184109, 

539.987, 22, 0, 0.184109, 

539.987, 23, 0, 0.184109, 

539.987, 24, 0, 0.184109, 

539.987, 25, 0, 0.184109, 

539.987, 26, 0, 0.184109, 

539.987, 27, 0, 0.184109, 

539.987, 28, 0, 0.184109, 

539.987, 29, 0, 0.184109, 

539.987, 30, 0, 0.184109, 

539.987, 31, 0, 0.184109, 

539.987, 32, 0, 0.184109, 

539.987, 33, 0, 0.184109, 

539.987, 34, 0, 0.184109, 

539.987, 35, 0, 0.184109, 

539.987, 36, 0, 0.184109, 

539.987, 37, 0, 0.184109, 

539.987, 38, 0, 0.184109, 

539.987, 39, 0, 0.184109, 

539.987, 40, 0, 0.184109, 

539.987, 41, 0, 0.184109, 

539.987, 42, 0, 0.184109, 

539.987, 43, 0, 0.184109, 

539.987, 44, 0, 0.184109, 

539.987, 45, 0, 0.184109, 

539.987, 46, 0, 0.184109, 

539.987, 47, 0, 0.184109, 

539.987, 48, 0, 0.184109, 

539.987, 49, 0, 0.184109, 

539.987, 50, 0, 0.184109, 

539.987, 51, 0, 0.184109, 

539.987, 52, 0, 0.184109, 

539.987, 53, 0, 0.184109, 

539.987, 54, 0, 0.184109, 

539.987, 55, 0, 0.184109, 

539.987, 56, 0, 0.184109, 

539.987, 57, 0, 0.184109, 

539.987, 58, 0, 0.184109, 

539.987, 59, 0, 0.184109, 

539.987, 60, 0, 0.184109, 

539.987, 61, 0, 0.184109, 

539.987, 62, 0, 0.184109, 

539.987, 63, 0, 0.184109, 

539.987, 64, 0, 0.184109, 

539.987, 65, 0, 0.184109, 

539.987, 66, 0, 0.184109, 

539.987, 67, 0, 0.184109, 

539.987, 68, 0, 0.184109, 

539.987, 69, 0, 0.184109, 

539.987, 70, 0, 0.184109, 

539.987, 71, 0, 0.184109, 

539.987, 72, 0, 0.184109, 

539.987, 73, 0, 0.184109, 

539.987, 74, 0, 0.184109, 

539.987, 75, 0, 0.184109, 

539.987, 76, 0, 0.184109, 

539.987, 77, 0, 0.184109, 

539.987, 78, 0, 0.184109, 

539.987, 79, 0, 0.184109, 

539.987, 80, 0, 0.184109, 

539.987, 81, 0, 0.184109, 

539.987, 82, 0, 0.184109, 

539.987, 83, 0, 0.184109, 

539.987, 84, 0, 0.184109, 

539.987, 85, 0, 0.184109, 

539.987, 86, 0, 0.184109, 

539.987, 87, 0, 0.184109, 

539.987, 88, 0, 0.184109, 

539.987, 89, 0, 0.184109, 

539.987, 90, 0, 0.184109, 

539.987, 91, 0, 0.184109, 

539.987, 92, 0, 0.184109, 

539.987, 93, 0, 0.184109, 

539.987, 94, 0, 0.184109, 

539.987, 95, 0, 0.184109, 

539.987, 96, 0, 0.184109, 

539.987, 97, 0, 0.184109, 

539.987, 98, 0, 0.184109, 

539.987, 99, 0, 0.184109, 

539.987, 100, 0, 0.184109, 

539.987, 101, 0, 0.184109, 

539.987, 102, 0, 0.184109, 

539.987, 103, 0, 0.184109, 

539.987, 104, 0, 0.184109, 

539.987, 105, 0, 0.184109, 

539.987, 106, 0, 0.184109, 

539.987, 107, 0, 0.184109, 

539.987, 108, 0, 0.184109, 

539.987, 109, 0, 0.184109, 

539.987, 110, 0, 0.184109, 

539.987, 111, 0, 0.184109, 

539.987, 112, 0, 0.184109, 

539.987, 113, 0, 0.184109, 

539.987, 114, 0, 0.184109, 

539.987, 115, 0, 0.184109, 

539.987, 116, 0, 0.184109, 

539.987, 117, 0, 0.184109, 

539.987, 118, 0, 0.184109, 

539.987, 119, 0, 0.184109, 

545.417, 0, 0, 0.184109, 

545.417, 1, 0, 0.184109, 

545.417, 2, 0, 0.184109, 

545.417, 3, 0, 0.184109, 

545.417, 4, 0, 0.184109, 

545.417, 5, 0, 0.184109, 

545.417, 6, 0, 0.184109, 

545.417, 7, 0, 0.184109, 

545.417, 8, 0, 0.184109, 

545.417, 9, 0, 0.184109, 

545.417, 10, 0, 0.184109, 

545.417, 11, 0, 0.184109, 

545.417, 12, 0, 0.184109, 

545.417, 13, 0, 0.184109, 

545.417, 14, 0, 0.184109, 

545.417, 15, 0, 0.184109, 

545.417, 16, 0, 0.184109, 

545.417, 17, 0, 0.184109, 

545.417, 18, 0, 0.184109, 

545.417, 19, 0, 0.184109, 

545.417, 20, 0, 0.184109, 

545.417, 21, 0, 0.184109, 

545.417, 22, 0, 0.184109, 

545.417, 23, 0, 0.184109, 

545.417, 24, 0, 0.184109, 

545.417, 25, 0, 0.184109, 

545.417, 26, 0, 0.184109, 

545.417, 27, 0, 0.184109, 

545.417, 28, 0, 0.184109, 

545.417, 29, 0, 0.184109, 

545.417, 30, 0, 0.184109, 

545.417, 31, 0, 0.184109, 

545.417, 32, 0, 0.184109, 

545.417, 33, 0, 0.184109, 

545.417, 34, 0, 0.184109, 

545.417, 35, 0, 0.184109, 

545.417, 36, 0, 0.184109, 

545.417, 37, 0, 0.184109, 

545.417, 38, 0, 0.184109, 

545.417, 39, 0, 0.184109, 

545.417, 40, 0, 0.184109, 

545.417, 41, 0, 0.184109, 

545.417, 42, 0, 0.184109, 

545.417, 43, 0, 0.184109, 

545.417, 44, 0, 0.184109, 

545.417, 45, 0, 0.184109, 

545.417, 46, 0, 0.184109, 

545.417, 47, 0, 0.184109, 

545.417, 48, 0, 0.184109, 

545.417, 49, 0, 0.184109, 

545.417, 50, 0, 0.184109, 

545.417, 51, 0, 0.184109, 

545.417, 52, 0, 0.184109, 

545.417, 53, 0, 0.184109, 

545.417, 54, 0, 0.184109, 

545.417, 55, 0, 0.184109, 

545.417, 56, 0, 0.184109, 

545.417, 57, 0, 0.184109, 

545.417, 58, 0, 0.184109, 

545.417, 59, 0, 0.184109, 

545.417, 60, 0, 0.184109, 

545.417, 61, 0, 0.184109, 

545.417, 62, 0, 0.184109, 

545.417, 63, 0, 0.184109, 

545.417, 64, 0, 0.184109, 

545.417, 65, 0, 0.184109, 

545.417, 66, 0, 0.184109, 

545.417, 67, 0, 0.184109, 

545.417, 68, 0, 0.184109, 

545.417, 69, 0, 0.184109, 

545.417, 70, 0, 0.184109, 

545.417, 71, 0, 0.184109, 

545.417, 72, 0, 0.184109, 

545.417, 73, 0, 0.184109, 

545.417, 74, 0, 0.184109, 

545.417, 75, 0, 0.184109, 

545.417, 76, 0, 0.184109, 

545.417, 77, 0, 0.184109, 

545.417, 78, 0, 0.184109, 

545.417, 79, 0, 0.184109, 

545.417, 80, 0, 0.184109, 

545.417, 81, 0, 0.184109, 

545.417, 82, 0, 0.184109, 

545.417, 83, 0, 0.184109, 

545.417, 84, 0, 0.184109, 

545.417, 85, 0, 0.184109, 

545.417, 86, 0, 0.184109, 

545.417, 87, 0, 0.184109, 

545.417, 88, 0, 0.184109, 

545.417, 89, 0, 0.184109, 

545.417, 90, 0, 0.184109, 

545.417, 91, 0, 0.184109, 

545.417, 92, 0, 0.184109, 

545.417, 93, 0, 0.184109, 

545.417, 94, 0, 0.184109, 

545.417, 95, 0, 0.184109, 

545.417, 96, 0, 0.184109, 

545.417, 97, 0, 0.184109, 

545.417, 98, 0, 0.184109, 

545.417, 99, 0, 0.184109, 

545.417, 100, 0, 0.184109, 

545.417, 101, 0, 0.184109, 

545.417, 102, 0, 0.184109, 

545.417, 103, 0, 0.184109, 

545.417, 104, 0, 0.184109, 

545.417, 105, 0, 0.184109, 

545.417, 106, 0, 0.184109, 

545.417, 107, 0, 0.184109, 

545.417, 108, 0, 0.184109, 

545.417, 109, 0, 0.184109, 

545.417, 110, 0, 0.184109, 

545.417, 111, 0, 0.184109, 

545.417, 112, 0, 0.184109, 

545.417, 113, 0, 0.184109, 

545.417, 114, 0, 0.184109, 

545.417, 115, 0, 0.184109, 

545.417, 116, 0, 0.184109, 

545.417, 117, 0, 0.184109, 

545.417, 118, 0, 0.184109, 

545.417, 119, 0, 0.184109, 

550.848, 0, 0, 0.184109, 

550.848, 1, 0, 0.184109, 

550.848, 2, 0, 0.184109, 

550.848, 3, 0, 0.184109, 

550.848, 4, 0, 0.184109, 

550.848, 5, 0, 0.184109, 

550.848, 6, 0, 0.184109, 

550.848, 7, 0, 0.184109, 

550.848, 8, 0, 0.184109, 

550.848, 9, 0, 0.184109, 

550.848, 10, 0, 0.184109, 

550.848, 11, 0, 0.184109, 

550.848, 12, 0, 0.184109, 

550.848, 13, 0, 0.184109, 

550.848, 14, 0, 0.184109, 

550.848, 15, 0, 0.184109, 

550.848, 16, 0, 0.184109, 

550.848, 17, 0, 0.184109, 

550.848, 18, 0, 0.184109, 

550.848, 19, 0, 0.184109, 

550.848, 20, 0, 0.184109, 

550.848, 21, 0, 0.184109, 

550.848, 22, 0, 0.184109, 

550.848, 23, 0, 0.184109, 

550.848, 24, 0, 0.184109, 

550.848, 25, 0, 0.184109, 

550.848, 26, 0, 0.184109, 

550.848, 27, 0, 0.184109, 

550.848, 28, 0, 0.184109, 

550.848, 29, 0, 0.184109, 

550.848, 30, 0, 0.184109, 

550.848, 31, 0, 0.184109, 

550.848, 32, 0, 0.184109, 

550.848, 33, 0, 0.184109, 

550.848, 34, 0, 0.184109, 

550.848, 35, 0, 0.184109, 

550.848, 36, 0, 0.184109, 

550.848, 37, 0, 0.184109, 

550.848, 38, 0, 0.184109, 

550.848, 39, 0, 0.184109, 

550.848, 40, 0, 0.184109, 

550.848, 41, 0, 0.184109, 

550.848, 42, 0, 0.184109, 

550.848, 43, 0, 0.184109, 

550.848, 44, 0, 0.184109, 

550.848, 45, 0, 0.184109, 

550.848, 46, 0, 0.184109, 

550.848, 47, 0, 0.184109, 

550.848, 48, 0, 0.184109, 

550.848, 49, 0, 0.184109, 

550.848, 50, 0, 0.184109, 

550.848, 51, 0, 0.184109, 

550.848, 52, 0, 0.184109, 

550.848, 53, 0, 0.184109, 

550.848, 54, 0, 0.184109, 

550.848, 55, 0, 0.184109, 

550.848, 56, 0, 0.184109, 

550.848, 57, 0, 0.184109, 

550.848, 58, 0, 0.184109, 

550.848, 59, 0, 0.184109, 

550.848, 60, 0, 0.184109, 

550.848, 61, 0, 0.184109, 

550.848, 62, 0, 0.184109, 

550.848, 63, 0, 0.184109, 

550.848, 64, 0, 0.184109, 

550.848, 65, 0, 0.184109, 

550.848, 66, 0, 0.184109, 

550.848, 67, 0, 0.184109, 

550.848, 68, 0, 0.184109, 

550.848, 69, 0, 0.184109, 

550.848, 70, 0, 0.184109, 

550.848, 71, 0, 0.184109, 

550.848, 72, 0, 0.184109, 

550.848, 73, 0, 0.184109, 

550.848, 74, 0, 0.184109, 

550.848, 75, 0, 0.184109, 

550.848, 76, 0, 0.184109, 

550.848, 77, 0, 0.184109, 

550.848, 78, 0, 0.184109, 

550.848, 79, 0, 0.184109, 

550.848, 80, 0, 0.184109, 

550.848, 81, 0, 0.184109, 

550.848, 82, 0, 0.184109, 

550.848, 83, 0, 0.184109, 

550.848, 84, 0, 0.184109, 

550.848, 85, 0, 0.184109, 

550.848, 86, 0, 0.184109, 

550.848, 87, 0, 0.184109, 

550.848, 88, 0, 0.184109, 

550.848, 89, 0, 0.184109, 

550.848, 90, 0, 0.184109, 

550.848, 91, 0, 0.184109, 

550.848, 92, 0, 0.184109, 

550.848, 93, 0, 0.184109, 

550.848, 94, 0, 0.184109, 

550.848, 95, 0, 0.184109, 

550.848, 96, 0, 0.184109, 

550.848, 97, 0, 0.184109, 

550.848, 98, 0, 0.184109, 

550.848, 99, 0, 0.184109, 

550.848, 100, 0, 0.184109, 

550.848, 101, 0, 0.184109, 

550.848, 102, 0, 0.184109, 

550.848, 103, 0, 0.184109, 

550.848, 104, 0, 0.184109, 

550.848, 105, 0, 0.184109, 

550.848, 106, 0, 0.184109, 

550.848, 107, 0, 0.184109, 

550.848, 108, 0, 0.184109, 

550.848, 109, 0, 0.184109, 

550.848, 110, 0, 0.184109, 

550.848, 111, 0, 0.184109, 

550.848, 112, 0, 0.184109, 

550.848, 113, 0, 0.184109, 

550.848, 114, 0, 0.184109, 

550.848, 115, 0, 0.184109, 

550.848, 116, 0, 0.184109, 

550.848, 117, 0, 0.184109, 

550.848, 118, 0, 0.184109, 

550.848, 119, 0, 0.184109, 

556.278, 0, 0, 0.184109, 

556.278, 1, 0, 0.184109, 

556.278, 2, 0, 0.184109, 

556.278, 3, 0, 0.184109, 

556.278, 4, 0, 0.184109, 

556.278, 5, 0, 0.184109, 

556.278, 6, 0, 0.184109, 

556.278, 7, 0, 0.184109, 

556.278, 8, 0, 0.184109, 

556.278, 9, 0, 0.184109, 

556.278, 10, 0, 0.184109, 

556.278, 11, 0, 0.184109, 

556.278, 12, 0, 0.184109, 

556.278, 13, 0, 0.184109, 

556.278, 14, 0, 0.184109, 

556.278, 15, 0, 0.184109, 

556.278, 16, 0, 0.184109, 

556.278, 17, 0, 0.184109, 

556.278, 18, 0, 0.184109, 

556.278, 19, 0, 0.184109, 

556.278, 20, 0, 0.184109, 

556.278, 21, 0, 0.184109, 

556.278, 22, 0, 0.184109, 

556.278, 23, 0, 0.184109, 

556.278, 24, 0, 0.184109, 

556.278, 25, 0, 0.184109, 

556.278, 26, 0, 0.184109, 

556.278, 27, 0, 0.184109, 

556.278, 28, 0, 0.184109, 

556.278, 29, 0, 0.184109, 

556.278, 30, 0, 0.184109, 

556.278, 31, 0, 0.184109, 

556.278, 32, 0, 0.184109, 

556.278, 33, 0, 0.184109, 

556.278, 34, 0, 0.184109, 

556.278, 35, 0, 0.184109, 

556.278, 36, 0, 0.184109, 

556.278, 37, 0, 0.184109, 

556.278, 38, 0, 0.184109, 

556.278, 39, 0, 0.184109, 

556.278, 40, 0, 0.184109, 

556.278, 41, 0, 0.184109, 

556.278, 42, 0, 0.184109, 

556.278, 43, 0, 0.184109, 

556.278, 44, 0, 0.184109, 

556.278, 45, 0, 0.184109, 

556.278, 46, 0, 0.184109, 

556.278, 47, 0, 0.184109, 

556.278, 48, 0, 0.184109, 

556.278, 49, 0, 0.184109, 

556.278, 50, 0, 0.184109, 

556.278, 51, 0, 0.184109, 

556.278, 52, 0, 0.184109, 

556.278, 53, 0, 0.184109, 

556.278, 54, 0, 0.184109, 

556.278, 55, 0, 0.184109, 

556.278, 56, 0, 0.184109, 

556.278, 57, 0, 0.184109, 

556.278, 58, 0, 0.184109, 

556.278, 59, 0, 0.184109, 

556.278, 60, 0, 0.184109, 

556.278, 61, 0, 0.184109, 

556.278, 62, 0, 0.184109, 

556.278, 63, 0, 0.184109, 

556.278, 64, 0, 0.184109, 

556.278, 65, 0, 0.184109, 

556.278, 66, 0, 0.184109, 

556.278, 67, 0, 0.184109, 

556.278, 68, 0, 0.184109, 

556.278, 69, 0, 0.184109, 

556.278, 70, 0, 0.184109, 

556.278, 71, 0, 0.184109, 

556.278, 72, 0, 0.184109, 

556.278, 73, 0, 0.184109, 

556.278, 74, 0, 0.184109, 

556.278, 75, 0, 0.184109, 

556.278, 76, 0, 0.184109, 

556.278, 77, 0, 0.184109, 

556.278, 78, 0, 0.184109, 

556.278, 79, 0, 0.184109, 

556.278, 80, 0, 0.184109, 

556.278, 81, 0, 0.184109, 

556.278, 82, 0, 0.184109, 

556.278, 83, 0, 0.184109, 

556.278, 84, 0, 0.184109, 

556.278, 85, 0, 0.184109, 

556.278, 86, 0, 0.184109, 

556.278, 87, 0, 0.184109, 

556.278, 88, 0, 0.184109, 

556.278, 89, 0, 0.184109, 

556.278, 90, 0, 0.184109, 

556.278, 91, 0, 0.184109, 

556.278, 92, 0, 0.184109, 

556.278, 93, 0, 0.184109, 

556.278, 94, 0, 0.184109, 

556.278, 95, 0, 0.184109, 

556.278, 96, 0, 0.184109, 

556.278, 97, 0, 0.184109, 

556.278, 98, 0, 0.184109, 

556.278, 99, 0, 0.184109, 

556.278, 100, 0, 0.184109, 

556.278, 101, 0, 0.184109, 

556.278, 102, 0, 0.184109, 

556.278, 103, 0, 0.184109, 

556.278, 104, 0, 0.184109, 

556.278, 105, 0, 0.184109, 

556.278, 106, 0, 0.184109, 

556.278, 107, 0, 0.184109, 

556.278, 108, 0, 0.184109, 

556.278, 109, 0, 0.184109, 

556.278, 110, 0, 0.184109, 

556.278, 111, 0, 0.184109, 

556.278, 112, 0, 0.184109, 

556.278, 113, 0, 0.184109, 

556.278, 114, 0, 0.184109, 

556.278, 115, 0, 0.184109, 

556.278, 116, 0, 0.184109, 

556.278, 117, 0, 0.184109, 

556.278, 118, 0, 0.184109, 

556.278, 119, 0, 0.184109, 

561.708, 0, 0, 0.184109, 

561.708, 1, 0, 0.184109, 

561.708, 2, 0, 0.184109, 

561.708, 3, 0, 0.184109, 

561.708, 4, 0, 0.184109, 

561.708, 5, 0, 0.184109, 

561.708, 6, 0, 0.184109, 

561.708, 7, 0, 0.184109, 

561.708, 8, 0, 0.184109, 

561.708, 9, 0, 0.184109, 

561.708, 10, 0, 0.184109, 

561.708, 11, 0, 0.184109, 

561.708, 12, 0, 0.184109, 

561.708, 13, 0, 0.184109, 

561.708, 14, 0, 0.184109, 

561.708, 15, 0, 0.184109, 

561.708, 16, 0, 0.184109, 

561.708, 17, 0, 0.184109, 

561.708, 18, 0, 0.184109, 

561.708, 19, 0, 0.184109, 

561.708, 20, 0, 0.184109, 

561.708, 21, 0, 0.184109, 

561.708, 22, 0, 0.184109, 

561.708, 23, 0, 0.184109, 

561.708, 24, 0, 0.184109, 

561.708, 25, 0, 0.184109, 

561.708, 26, 0, 0.184109, 

561.708, 27, 0, 0.184109, 

561.708, 28, 0, 0.184109, 

561.708, 29, 0, 0.184109, 

561.708, 30, 0, 0.184109, 

561.708, 31, 0, 0.184109, 

561.708, 32, 0, 0.184109, 

561.708, 33, 0, 0.184109, 

561.708, 34, 0, 0.184109, 

561.708, 35, 0, 0.184109, 

561.708, 36, 0, 0.184109, 

561.708, 37, 0, 0.184109, 

561.708, 38, 0, 0.184109, 

561.708, 39, 0, 0.184109, 

561.708, 40, 0, 0.184109, 

561.708, 41, 0, 0.184109, 

561.708, 42, 0, 0.184109, 

561.708, 43, 0, 0.184109, 

561.708, 44, 0, 0.184109, 

561.708, 45, 0, 0.184109, 

561.708, 46, 0, 0.184109, 

561.708, 47, 0, 0.184109, 

561.708, 48, 0, 0.184109, 

561.708, 49, 0, 0.184109, 

561.708, 50, 0, 0.184109, 

561.708, 51, 0, 0.184109, 

561.708, 52, 0, 0.184109, 

561.708, 53, 0, 0.184109, 

561.708, 54, 0, 0.184109, 

561.708, 55, 0, 0.184109, 

561.708, 56, 0, 0.184109, 

561.708, 57, 0, 0.184109, 

561.708, 58, 0, 0.184109, 

561.708, 59, 0, 0.184109, 

561.708, 60, 0, 0.184109, 

561.708, 61, 0, 0.184109, 

561.708, 62, 0, 0.184109, 

561.708, 63, 0, 0.184109, 

561.708, 64, 0, 0.184109, 

561.708, 65, 0, 0.184109, 

561.708, 66, 0, 0.184109, 

561.708, 67, 0, 0.184109, 

561.708, 68, 0, 0.184109, 

561.708, 69, 0, 0.184109, 

561.708, 70, 0, 0.184109, 

561.708, 71, 0, 0.184109, 

561.708, 72, 0, 0.184109, 

561.708, 73, 0, 0.184109, 

561.708, 74, 0, 0.184109, 

561.708, 75, 0, 0.184109, 

561.708, 76, 0, 0.184109, 

561.708, 77, 0, 0.184109, 

561.708, 78, 0, 0.184109, 

561.708, 79, 0, 0.184109, 

561.708, 80, 0, 0.184109, 

561.708, 81, 0, 0.184109, 

561.708, 82, 0, 0.184109, 

561.708, 83, 0, 0.184109, 

561.708, 84, 0, 0.184109, 

561.708, 85, 0, 0.184109, 

561.708, 86, 0, 0.184109, 

561.708, 87, 0, 0.184109, 

561.708, 88, 0, 0.184109, 

561.708, 89, 0, 0.184109, 

561.708, 90, 0, 0.184109, 

561.708, 91, 0, 0.184109, 

561.708, 92, 0, 0.184109, 

561.708, 93, 0, 0.184109, 

561.708, 94, 0, 0.184109, 

561.708, 95, 0, 0.184109, 

561.708, 96, 0, 0.184109, 

561.708, 97, 0, 0.184109, 

561.708, 98, 0, 0.184109, 

561.708, 99, 0, 0.184109, 

561.708, 100, 0, 0.184109, 

561.708, 101, 0, 0.184109, 

561.708, 102, 0, 0.184109, 

561.708, 103, 0, 0.184109, 

561.708, 104, 0, 0.184109, 

561.708, 105, 0, 0.184109, 

561.708, 106, 0, 0.184109, 

561.708, 107, 0, 0.184109, 

561.708, 108, 0, 0.184109, 

561.708, 109, 0, 0.184109, 

561.708, 110, 0, 0.184109, 

561.708, 111, 0, 0.184109, 

561.708, 112, 0, 0.184109, 

561.708, 113, 0, 0.184109, 

561.708, 114, 0, 0.184109, 

561.708, 115, 0, 0.184109, 

561.708, 116, 0, 0.184109, 

561.708, 117, 0, 0.184109, 

561.708, 118, 0, 0.184109, 

561.708, 119, 0, 0.184109, 

567.139, 0, 0, 0.184109, 

567.139, 1, 0, 0.184109, 

567.139, 2, 0, 0.184109, 

567.139, 3, 0, 0.184109, 

567.139, 4, 0, 0.184109, 

567.139, 5, 0, 0.184109, 

567.139, 6, 0, 0.184109, 

567.139, 7, 0, 0.184109, 

567.139, 8, 0, 0.184109, 

567.139, 9, 0, 0.184109, 

567.139, 10, 0, 0.184109, 

567.139, 11, 0, 0.184109, 

567.139, 12, 0, 0.184109, 

567.139, 13, 0, 0.184109, 

567.139, 14, 0, 0.184109, 

567.139, 15, 0, 0.184109, 

567.139, 16, 0, 0.184109, 

567.139, 17, 0, 0.184109, 

567.139, 18, 0, 0.184109, 

567.139, 19, 0, 0.184109, 

567.139, 20, 0, 0.184109, 

567.139, 21, 0, 0.184109, 

567.139, 22, 0, 0.184109, 

567.139, 23, 0, 0.184109, 

567.139, 24, 0, 0.184109, 

567.139, 25, 0, 0.184109, 

567.139, 26, 0, 0.184109, 

567.139, 27, 0, 0.184109, 

567.139, 28, 0, 0.184109, 

567.139, 29, 0, 0.184109, 

567.139, 30, 0, 0.184109, 

567.139, 31, 0, 0.184109, 

567.139, 32, 0, 0.184109, 

567.139, 33, 0, 0.184109, 

567.139, 34, 0, 0.184109, 

567.139, 35, 0, 0.184109, 

567.139, 36, 0, 0.184109, 

567.139, 37, 0, 0.184109, 

567.139, 38, 0, 0.184109, 

567.139, 39, 0, 0.184109, 

567.139, 40, 0, 0.184109, 

567.139, 41, 0, 0.184109, 

567.139, 42, 0, 0.184109, 

567.139, 43, 0, 0.184109, 

567.139, 44, 0, 0.184109, 

567.139, 45, 0, 0.184109, 

567.139, 46, 0, 0.184109, 

567.139, 47, 0, 0.184109, 

567.139, 48, 0, 0.184109, 

567.139, 49, 0, 0.184109, 

567.139, 50, 0, 0.184109, 

567.139, 51, 0, 0.184109, 

567.139, 52, 0, 0.184109, 

567.139, 53, 0, 0.184109, 

567.139, 54, 0, 0.184109, 

567.139, 55, 0, 0.184109, 

567.139, 56, 0, 0.184109, 

567.139, 57, 0, 0.184109, 

567.139, 58, 0, 0.184109, 

567.139, 59, 0, 0.184109, 

567.139, 60, 0, 0.184109, 

567.139, 61, 0, 0.184109, 

567.139, 62, 0, 0.184109, 

567.139, 63, 0, 0.184109, 

567.139, 64, 0, 0.184109, 

567.139, 65, 0, 0.184109, 

567.139, 66, 0, 0.184109, 

567.139, 67, 0, 0.184109, 

567.139, 68, 0, 0.184109, 

567.139, 69, 0, 0.184109, 

567.139, 70, 0, 0.184109, 

567.139, 71, 0, 0.184109, 

567.139, 72, 0, 0.184109, 

567.139, 73, 0, 0.184109, 

567.139, 74, 0, 0.184109, 

567.139, 75, 0, 0.184109, 

567.139, 76, 0, 0.184109, 

567.139, 77, 0, 0.184109, 

567.139, 78, 0, 0.184109, 

567.139, 79, 0, 0.184109, 

567.139, 80, 0, 0.184109, 

567.139, 81, 0, 0.184109, 

567.139, 82, 0, 0.184109, 

567.139, 83, 0, 0.184109, 

567.139, 84, 0, 0.184109, 

567.139, 85, 0, 0.184109, 

567.139, 86, 0, 0.184109, 

567.139, 87, 0, 0.184109, 

567.139, 88, 0, 0.184109, 

567.139, 89, 0, 0.184109, 

567.139, 90, 0, 0.184109, 

567.139, 91, 0, 0.184109, 

567.139, 92, 0, 0.184109, 

567.139, 93, 0, 0.184109, 

567.139, 94, 0, 0.184109, 

567.139, 95, 0, 0.184109, 

567.139, 96, 0, 0.184109, 

567.139, 97, 0, 0.184109, 

567.139, 98, 0, 0.184109, 

567.139, 99, 0, 0.184109, 

567.139, 100, 0, 0.184109, 

567.139, 101, 0, 0.184109, 

567.139, 102, 0, 0.184109, 

567.139, 103, 0, 0.184109, 

567.139, 104, 0, 0.184109, 

567.139, 105, 0, 0.184109, 

567.139, 106, 0, 0.184109, 

567.139, 107, 0, 0.184109, 

567.139, 108, 0, 0.184109, 

567.139, 109, 0, 0.184109, 

567.139, 110, 0, 0.184109, 

567.139, 111, 0, 0.184109, 

567.139, 112, 0, 0.184109, 

567.139, 113, 0, 0.184109, 

567.139, 114, 0, 0.184109, 

567.139, 115, 0, 0.184109, 

567.139, 116, 0, 0.184109, 

567.139, 117, 0, 0.184109, 

567.139, 118, 0, 0.184109, 

567.139, 119, 0, 0.184109, 

572.569, 0, 0, 0.184109, 

572.569, 1, 0, 0.184109, 

572.569, 2, 0, 0.184109, 

572.569, 3, 0, 0.184109, 

572.569, 4, 0, 0.184109, 

572.569, 5, 0, 0.184109, 

572.569, 6, 0, 0.184109, 

572.569, 7, 0, 0.184109, 

572.569, 8, 0, 0.184109, 

572.569, 9, 0, 0.184109, 

572.569, 10, 0, 0.184109, 

572.569, 11, 0, 0.184109, 

572.569, 12, 0, 0.184109, 

572.569, 13, 0, 0.184109, 

572.569, 14, 0, 0.184109, 

572.569, 15, 0, 0.184109, 

572.569, 16, 0, 0.184109, 

572.569, 17, 0, 0.184109, 

572.569, 18, 0, 0.184109, 

572.569, 19, 0, 0.184109, 

572.569, 20, 0, 0.184109, 

572.569, 21, 0, 0.184109, 

572.569, 22, 0, 0.184109, 

572.569, 23, 0, 0.184109, 

572.569, 24, 0, 0.184109, 

572.569, 25, 0, 0.184109, 

572.569, 26, 0, 0.184109, 

572.569, 27, 0, 0.184109, 

572.569, 28, 0, 0.184109, 

572.569, 29, 0, 0.184109, 

572.569, 30, 0, 0.184109, 

572.569, 31, 0, 0.184109, 

572.569, 32, 0, 0.184109, 

572.569, 33, 0, 0.184109, 

572.569, 34, 0, 0.184109, 

572.569, 35, 0, 0.184109, 

572.569, 36, 0, 0.184109, 

572.569, 37, 0, 0.184109, 

572.569, 38, 0, 0.184109, 

572.569, 39, 0, 0.184109, 

572.569, 40, 0, 0.184109, 

572.569, 41, 0, 0.184109, 

572.569, 42, 0, 0.184109, 

572.569, 43, 0, 0.184109, 

572.569, 44, 0, 0.184109, 

572.569, 45, 0, 0.184109, 

572.569, 46, 0, 0.184109, 

572.569, 47, 0, 0.184109, 

572.569, 48, 0, 0.184109, 

572.569, 49, 0, 0.184109, 

572.569, 50, 0, 0.184109, 

572.569, 51, 0, 0.184109, 

572.569, 52, 0, 0.184109, 

572.569, 53, 0, 0.184109, 

572.569, 54, 0, 0.184109, 

572.569, 55, 0, 0.184109, 

572.569, 56, 0, 0.184109, 

572.569, 57, 0, 0.184109, 

572.569, 58, 0, 0.184109, 

572.569, 59, 0, 0.184109, 

572.569, 60, 0, 0.184109, 

572.569, 61, 0, 0.184109, 

572.569, 62, 0, 0.184109, 

572.569, 63, 0, 0.184109, 

572.569, 64, 0, 0.184109, 

572.569, 65, 0, 0.184109, 

572.569, 66, 0, 0.184109, 

572.569, 67, 0, 0.184109, 

572.569, 68, 0, 0.184109, 

572.569, 69, 0, 0.184109, 

572.569, 70, 0, 0.184109, 

572.569, 71, 0, 0.184109, 

572.569, 72, 0, 0.184109, 

572.569, 73, 0, 0.184109, 

572.569, 74, 0, 0.184109, 

572.569, 75, 0, 0.184109, 

572.569, 76, 0, 0.184109, 

572.569, 77, 0, 0.184109, 

572.569, 78, 0, 0.184109, 

572.569, 79, 0, 0.184109, 

572.569, 80, 0, 0.184109, 

572.569, 81, 0, 0.184109, 

572.569, 82, 0, 0.184109, 

572.569, 83, 0, 0.184109, 

572.569, 84, 0, 0.184109, 

572.569, 85, 0, 0.184109, 

572.569, 86, 0, 0.184109, 

572.569, 87, 0, 0.184109, 

572.569, 88, 0, 0.184109, 

572.569, 89, 0, 0.184109, 

572.569, 90, 0, 0.184109, 

572.569, 91, 0, 0.184109, 

572.569, 92, 0, 0.184109, 

572.569, 93, 0, 0.184109, 

572.569, 94, 0, 0.184109, 

572.569, 95, 0, 0.184109, 

572.569, 96, 0, 0.184109, 

572.569, 97, 0, 0.184109, 

572.569, 98, 0, 0.184109, 

572.569, 99, 0, 0.184109, 

572.569, 100, 0, 0.184109, 

572.569, 101, 0, 0.184109, 

572.569, 102, 0, 0.184109, 

572.569, 103, 0, 0.184109, 

572.569, 104, 0, 0.184109, 

572.569, 105, 0, 0.184109, 

572.569, 106, 0, 0.184109, 

572.569, 107, 0, 0.184109, 

572.569, 108, 0, 0.184109, 

572.569, 109, 0, 0.184109, 

572.569, 110, 0, 0.184109, 

572.569, 111, 0, 0.184109, 

572.569, 112, 0, 0.184109, 

572.569, 113, 0, 0.184109, 

572.569, 114, 0, 0.184109, 

572.569, 115, 0, 0.184109, 

572.569, 116, 0, 0.184109, 

572.569, 117, 0, 0.184109, 

572.569, 118, 0, 0.184109, 

572.569, 119, 0, 0.184109, 

577.999, 0, 0, 0.184109, 

577.999, 1, 0, 0.184109, 

577.999, 2, 0, 0.184109, 

577.999, 3, 0, 0.184109, 

577.999, 4, 0, 0.184109, 

577.999, 5, 0, 0.184109, 

577.999, 6, 0, 0.184109, 

577.999, 7, 0, 0.184109, 

577.999, 8, 0, 0.184109, 

577.999, 9, 0, 0.184109, 

577.999, 10, 0, 0.184109, 

577.999, 11, 0, 0.184109, 

577.999, 12, 0, 0.184109, 

577.999, 13, 0, 0.184109, 

577.999, 14, 0, 0.184109, 

577.999, 15, 0, 0.184109, 

577.999, 16, 0, 0.184109, 

577.999, 17, 0, 0.184109, 

577.999, 18, 0, 0.184109, 

577.999, 19, 0, 0.184109, 

577.999, 20, 0, 0.184109, 

577.999, 21, 0, 0.184109, 

577.999, 22, 0, 0.184109, 

577.999, 23, 0, 0.184109, 

577.999, 24, 0, 0.184109, 

577.999, 25, 0, 0.184109, 

577.999, 26, 0, 0.184109, 

577.999, 27, 0, 0.184109, 

577.999, 28, 0, 0.184109, 

577.999, 29, 0, 0.184109, 

577.999, 30, 0, 0.184109, 

577.999, 31, 0, 0.184109, 

577.999, 32, 0, 0.184109, 

577.999, 33, 0, 0.184109, 

577.999, 34, 0, 0.184109, 

577.999, 35, 0, 0.184109, 

577.999, 36, 0, 0.184109, 

577.999, 37, 0, 0.184109, 

577.999, 38, 0, 0.184109, 

577.999, 39, 0, 0.184109, 

577.999, 40, 0, 0.184109, 

577.999, 41, 0, 0.184109, 

577.999, 42, 0, 0.184109, 

577.999, 43, 0, 0.184109, 

577.999, 44, 0, 0.184109, 

577.999, 45, 0, 0.184109, 

577.999, 46, 0, 0.184109, 

577.999, 47, 0, 0.184109, 

577.999, 48, 0, 0.184109, 

577.999, 49, 0, 0.184109, 

577.999, 50, 0, 0.184109, 

577.999, 51, 0, 0.184109, 

577.999, 52, 0, 0.184109, 

577.999, 53, 0, 0.184109, 

577.999, 54, 0, 0.184109, 

577.999, 55, 0, 0.184109, 

577.999, 56, 0, 0.184109, 

577.999, 57, 0, 0.184109, 

577.999, 58, 0, 0.184109, 

577.999, 59, 0, 0.184109, 

577.999, 60, 0, 0.184109, 

577.999, 61, 0, 0.184109, 

577.999, 62, 0, 0.184109, 

577.999, 63, 0, 0.184109, 

577.999, 64, 0, 0.184109, 

577.999, 65, 0, 0.184109, 

577.999, 66, 0, 0.184109, 

577.999, 67, 0, 0.184109, 

577.999, 68, 0, 0.184109, 

577.999, 69, 0, 0.184109, 

577.999, 70, 0, 0.184109, 

577.999, 71, 0, 0.184109, 

577.999, 72, 0, 0.184109, 

577.999, 73, 0, 0.184109, 

577.999, 74, 0, 0.184109, 

577.999, 75, 0, 0.184109, 

577.999, 76, 0, 0.184109, 

577.999, 77, 0, 0.184109, 

577.999, 78, 0, 0.184109, 

577.999, 79, 0, 0.184109, 

577.999, 80, 0, 0.184109, 

577.999, 81, 0, 0.184109, 

577.999, 82, 0, 0.184109, 

577.999, 83, 0, 0.184109, 

577.999, 84, 0, 0.184109, 

577.999, 85, 0, 0.184109, 

577.999, 86, 0, 0.184109, 

577.999, 87, 0, 0.184109, 

577.999, 88, 0, 0.184109, 

577.999, 89, 0, 0.184109, 

577.999, 90, 0, 0.184109, 

577.999, 91, 0, 0.184109, 

577.999, 92, 0, 0.184109, 

577.999, 93, 0, 0.184109, 

577.999, 94, 0, 0.184109, 

577.999, 95, 0, 0.184109, 

577.999, 96, 0, 0.184109, 

577.999, 97, 0, 0.184109, 

577.999, 98, 0, 0.184109, 

577.999, 99, 0, 0.184109, 

577.999, 100, 0, 0.184109, 

577.999, 101, 0, 0.184109, 

577.999, 102, 0, 0.184109, 

577.999, 103, 0, 0.184109, 

577.999, 104, 0, 0.184109, 

577.999, 105, 0, 0.184109, 

577.999, 106, 0, 0.184109, 

577.999, 107, 0, 0.184109, 

577.999, 108, 0, 0.184109, 

577.999, 109, 0, 0.184109, 

577.999, 110, 0, 0.184109, 

577.999, 111, 0, 0.184109, 

577.999, 112, 0, 0.184109, 

577.999, 113, 0, 0.184109, 

577.999, 114, 0, 0.184109, 

577.999, 115, 0, 0.184109, 

577.999, 116, 0, 0.184109, 

577.999, 117, 0, 0.184109, 

577.999, 118, 0, 0.184109, 

577.999, 119, 0, 0.184109, 

583.43, 0, 0, 0.184109, 

583.43, 1, 0, 0.184109, 

583.43, 2, 0, 0.184109, 

583.43, 3, 0, 0.184109, 

583.43, 4, 0, 0.184109, 

583.43, 5, 0, 0.184109, 

583.43, 6, 0, 0.184109, 

583.43, 7, 0, 0.184109, 

583.43, 8, 0, 0.184109, 

583.43, 9, 0, 0.184109, 

583.43, 10, 0, 0.184109, 

583.43, 11, 0, 0.184109, 

583.43, 12, 0, 0.184109, 

583.43, 13, 0, 0.184109, 

583.43, 14, 0, 0.184109, 

583.43, 15, 0, 0.184109, 

583.43, 16, 0, 0.184109, 

583.43, 17, 0, 0.184109, 

583.43, 18, 0, 0.184109, 

583.43, 19, 0, 0.184109, 

583.43, 20, 0, 0.184109, 

583.43, 21, 0, 0.184109, 

583.43, 22, 0, 0.184109, 

583.43, 23, 0, 0.184109, 

583.43, 24, 0, 0.184109, 

583.43, 25, 0, 0.184109, 

583.43, 26, 0, 0.184109, 

583.43, 27, 0, 0.184109, 

583.43, 28, 0, 0.184109, 

583.43, 29, 0, 0.184109, 

583.43, 30, 0, 0.184109, 

583.43, 31, 0, 0.184109, 

583.43, 32, 0, 0.184109, 

583.43, 33, 0, 0.184109, 

583.43, 34, 0, 0.184109, 

583.43, 35, 0, 0.184109, 

583.43, 36, 0, 0.184109, 

583.43, 37, 0, 0.184109, 

583.43, 38, 0, 0.184109, 

583.43, 39, 0, 0.184109, 

583.43, 40, 0, 0.184109, 

583.43, 41, 0, 0.184109, 

583.43, 42, 0, 0.184109, 

583.43, 43, 0, 0.184109, 

583.43, 44, 0, 0.184109, 

583.43, 45, 0, 0.184109, 

583.43, 46, 0, 0.184109, 

583.43, 47, 0, 0.184109, 

583.43, 48, 0, 0.184109, 

583.43, 49, 0, 0.184109, 

583.43, 50, 0, 0.184109, 

583.43, 51, 0, 0.184109, 

583.43, 52, 0, 0.184109, 

583.43, 53, 0, 0.184109, 

583.43, 54, 0, 0.184109, 

583.43, 55, 0, 0.184109, 

583.43, 56, 0, 0.184109, 

583.43, 57, 0, 0.184109, 

583.43, 58, 0, 0.184109, 

583.43, 59, 0, 0.184109, 

583.43, 60, 0, 0.184109, 

583.43, 61, 0, 0.184109, 

583.43, 62, 0, 0.184109, 

583.43, 63, 0, 0.184109, 

583.43, 64, 0, 0.184109, 

583.43, 65, 0, 0.184109, 

583.43, 66, 0, 0.184109, 

583.43, 67, 0, 0.184109, 

583.43, 68, 0, 0.184109, 

583.43, 69, 0, 0.184109, 

583.43, 70, 0, 0.184109, 

583.43, 71, 0, 0.184109, 

583.43, 72, 0, 0.184109, 

583.43, 73, 0, 0.184109, 

583.43, 74, 0, 0.184109, 

583.43, 75, 0, 0.184109, 

583.43, 76, 0, 0.184109, 

583.43, 77, 0, 0.184109, 

583.43, 78, 0, 0.184109, 

583.43, 79, 0, 0.184109, 

583.43, 80, 0, 0.184109, 

583.43, 81, 0, 0.184109, 

583.43, 82, 0, 0.184109, 

583.43, 83, 0, 0.184109, 

583.43, 84, 0, 0.184109, 

583.43, 85, 0, 0.184109, 

583.43, 86, 0, 0.184109, 

583.43, 87, 0, 0.184109, 

583.43, 88, 0, 0.184109, 

583.43, 89, 0, 0.184109, 

583.43, 90, 0, 0.184109, 

583.43, 91, 0, 0.184109, 

583.43, 92, 0, 0.184109, 

583.43, 93, 0, 0.184109, 

583.43, 94, 0, 0.184109, 

583.43, 95, 0, 0.184109, 

583.43, 96, 0, 0.184109, 

583.43, 97, 0, 0.184109, 

583.43, 98, 0, 0.184109, 

583.43, 99, 0, 0.184109, 

583.43, 100, 0, 0.184109, 

583.43, 101, 0, 0.184109, 

583.43, 102, 0, 0.184109, 

583.43, 103, 0, 0.184109, 

583.43, 104, 0, 0.184109, 

583.43, 105, 0, 0.184109, 

583.43, 106, 0, 0.184109, 

583.43, 107, 0, 0.184109, 

583.43, 108, 0, 0.184109, 

583.43, 109, 0, 0.184109, 

583.43, 110, 0, 0.184109, 

583.43, 111, 0, 0.184109, 

583.43, 112, 0, 0.184109, 

583.43, 113, 0, 0.184109, 

583.43, 114, 0, 0.184109, 

583.43, 115, 0, 0.184109, 

583.43, 116, 0, 0.184109, 

583.43, 117, 0, 0.184109, 

583.43, 118, 0, 0.184109, 

583.43, 119, 0, 0.184109, 

588.86, 0, 0, 0.184109, 

588.86, 1, 0, 0.184109, 

588.86, 2, 0, 0.184109, 

588.86, 3, 0, 0.184109, 

588.86, 4, 0, 0.184109, 

588.86, 5, 0, 0.184109, 

588.86, 6, 0, 0.184109, 

588.86, 7, 0, 0.184109, 

588.86, 8, 0, 0.184109, 

588.86, 9, 0, 0.184109, 

588.86, 10, 0, 0.184109, 

588.86, 11, 0, 0.184109, 

588.86, 12, 0, 0.184109, 

588.86, 13, 0, 0.184109, 

588.86, 14, 0, 0.184109, 

588.86, 15, 0, 0.184109, 

588.86, 16, 0, 0.184109, 

588.86, 17, 0, 0.184109, 

588.86, 18, 0, 0.184109, 

588.86, 19, 0, 0.184109, 

588.86, 20, 0, 0.184109, 

588.86, 21, 0, 0.184109, 

588.86, 22, 0, 0.184109, 

588.86, 23, 0, 0.184109, 

588.86, 24, 0, 0.184109, 

588.86, 25, 0, 0.184109, 

588.86, 26, 0, 0.184109, 

588.86, 27, 0, 0.184109, 

588.86, 28, 0, 0.184109, 

588.86, 29, 0, 0.184109, 

588.86, 30, 0, 0.184109, 

588.86, 31, 0, 0.184109, 

588.86, 32, 0, 0.184109, 

588.86, 33, 0, 0.184109, 

588.86, 34, 0, 0.184109, 

588.86, 35, 0, 0.184109, 

588.86, 36, 0, 0.184109, 

588.86, 37, 0, 0.184109, 

588.86, 38, 0, 0.184109, 

588.86, 39, 0, 0.184109, 

588.86, 40, 0, 0.184109, 

588.86, 41, 0, 0.184109, 

588.86, 42, 0, 0.184109, 

588.86, 43, 0, 0.184109, 

588.86, 44, 0, 0.184109, 

588.86, 45, 0, 0.184109, 

588.86, 46, 0, 0.184109, 

588.86, 47, 0, 0.184109, 

588.86, 48, 0, 0.184109, 

588.86, 49, 0, 0.184109, 

588.86, 50, 0, 0.184109, 

588.86, 51, 0, 0.184109, 

588.86, 52, 0, 0.184109, 

588.86, 53, 0, 0.184109, 

588.86, 54, 0, 0.184109, 

588.86, 55, 0, 0.184109, 

588.86, 56, 0, 0.184109, 

588.86, 57, 0, 0.184109, 

588.86, 58, 0, 0.184109, 

588.86, 59, 0, 0.184109, 

588.86, 60, 0, 0.184109, 

588.86, 61, 0, 0.184109, 

588.86, 62, 0, 0.184109, 

588.86, 63, 0, 0.184109, 

588.86, 64, 0, 0.184109, 

588.86, 65, 0, 0.184109, 

588.86, 66, 0, 0.184109, 

588.86, 67, 0, 0.184109, 

588.86, 68, 0, 0.184109, 

588.86, 69, 0, 0.184109, 

588.86, 70, 0, 0.184109, 

588.86, 71, 0, 0.184109, 

588.86, 72, 0, 0.184109, 

588.86, 73, 0, 0.184109, 

588.86, 74, 0, 0.184109, 

588.86, 75, 0, 0.184109, 

588.86, 76, 0, 0.184109, 

588.86, 77, 0, 0.184109, 

588.86, 78, 0, 0.184109, 

588.86, 79, 0, 0.184109, 

588.86, 80, 0, 0.184109, 

588.86, 81, 0, 0.184109, 

588.86, 82, 0, 0.184109, 

588.86, 83, 0, 0.184109, 

588.86, 84, 0, 0.184109, 

588.86, 85, 0, 0.184109, 

588.86, 86, 0, 0.184109, 

588.86, 87, 0, 0.184109, 

588.86, 88, 0, 0.184109, 

588.86, 89, 0, 0.184109, 

588.86, 90, 0, 0.184109, 

588.86, 91, 0, 0.184109, 

588.86, 92, 0, 0.184109, 

588.86, 93, 0, 0.184109, 

588.86, 94, 0, 0.184109, 

588.86, 95, 0, 0.184109, 

588.86, 96, 0, 0.184109, 

588.86, 97, 0, 0.184109, 

588.86, 98, 0, 0.184109, 

588.86, 99, 0, 0.184109, 

588.86, 100, 0, 0.184109, 

588.86, 101, 0, 0.184109, 

588.86, 102, 0, 0.184109, 

588.86, 103, 0, 0.184109, 

588.86, 104, 0, 0.184109, 

588.86, 105, 0, 0.184109, 

588.86, 106, 0, 0.184109, 

588.86, 107, 0, 0.184109, 

588.86, 108, 0, 0.184109, 

588.86, 109, 0, 0.184109, 

588.86, 110, 0, 0.184109, 

588.86, 111, 0, 0.184109, 

588.86, 112, 0, 0.184109, 

588.86, 113, 0, 0.184109, 

588.86, 114, 0, 0.184109, 

588.86, 115, 0, 0.184109, 

588.86, 116, 0, 0.184109, 

588.86, 117, 0, 0.184109, 

588.86, 118, 0, 0.184109, 

588.86, 119, 0, 0.184109, 

594.291, 0, 0, 0.184109, 

594.291, 1, 0, 0.184109, 

594.291, 2, 0, 0.184109, 

594.291, 3, 0, 0.184109, 

594.291, 4, 0, 0.184109, 

594.291, 5, 0, 0.184109, 

594.291, 6, 0, 0.184109, 

594.291, 7, 0, 0.184109, 

594.291, 8, 0, 0.184109, 

594.291, 9, 0, 0.184109, 

594.291, 10, 0, 0.184109, 

594.291, 11, 0, 0.184109, 

594.291, 12, 0, 0.184109, 

594.291, 13, 0, 0.184109, 

594.291, 14, 0, 0.184109, 

594.291, 15, 0, 0.184109, 

594.291, 16, 0, 0.184109, 

594.291, 17, 0, 0.184109, 

594.291, 18, 0, 0.184109, 

594.291, 19, 0, 0.184109, 

594.291, 20, 0, 0.184109, 

594.291, 21, 0, 0.184109, 

594.291, 22, 0, 0.184109, 

594.291, 23, 0, 0.184109, 

594.291, 24, 0, 0.184109, 

594.291, 25, 0, 0.184109, 

594.291, 26, 0, 0.184109, 

594.291, 27, 0, 0.184109, 

594.291, 28, 0, 0.184109, 

594.291, 29, 0, 0.184109, 

594.291, 30, 0, 0.184109, 

594.291, 31, 0, 0.184109, 

594.291, 32, 0, 0.184109, 

594.291, 33, 0, 0.184109, 

594.291, 34, 0, 0.184109, 

594.291, 35, 0, 0.184109, 

594.291, 36, 0, 0.184109, 

594.291, 37, 0, 0.184109, 

594.291, 38, 0, 0.184109, 

594.291, 39, 0, 0.184109, 

594.291, 40, 0, 0.184109, 

594.291, 41, 0, 0.184109, 

594.291, 42, 0, 0.184109, 

594.291, 43, 0, 0.184109, 

594.291, 44, 0, 0.184109, 

594.291, 45, 0, 0.184109, 

594.291, 46, 0, 0.184109, 

594.291, 47, 0, 0.184109, 

594.291, 48, 0, 0.184109, 

594.291, 49, 0, 0.184109, 

594.291, 50, 0, 0.184109, 

594.291, 51, 0, 0.184109, 

594.291, 52, 0, 0.184109, 

594.291, 53, 0, 0.184109, 

594.291, 54, 0, 0.184109, 

594.291, 55, 0, 0.184109, 

594.291, 56, 0, 0.184109, 

594.291, 57, 0, 0.184109, 

594.291, 58, 0, 0.184109, 

594.291, 59, 0, 0.184109, 

594.291, 60, 0, 0.184109, 

594.291, 61, 0, 0.184109, 

594.291, 62, 0, 0.184109, 

594.291, 63, 0, 0.184109, 

594.291, 64, 0, 0.184109, 

594.291, 65, 0, 0.184109, 

594.291, 66, 0, 0.184109, 

594.291, 67, 0, 0.184109, 

594.291, 68, 0, 0.184109, 

594.291, 69, 0, 0.184109, 

594.291, 70, 0, 0.184109, 

594.291, 71, 0, 0.184109, 

594.291, 72, 0, 0.184109, 

594.291, 73, 0, 0.184109, 

594.291, 74, 0, 0.184109, 

594.291, 75, 0, 0.184109, 

594.291, 76, 0, 0.184109, 

594.291, 77, 0, 0.184109, 

594.291, 78, 0, 0.184109, 

594.291, 79, 0, 0.184109, 

594.291, 80, 0, 0.184109, 

594.291, 81, 0, 0.184109, 

594.291, 82, 0, 0.184109, 

594.291, 83, 0, 0.184109, 

594.291, 84, 0, 0.184109, 

594.291, 85, 0, 0.184109, 

594.291, 86, 0, 0.184109, 

594.291, 87, 0, 0.184109, 

594.291, 88, 0, 0.184109, 

594.291, 89, 0, 0.184109, 

594.291, 90, 0, 0.184109, 

594.291, 91, 0, 0.184109, 

594.291, 92, 0, 0.184109, 

594.291, 93, 0, 0.184109, 

594.291, 94, 0, 0.184109, 

594.291, 95, 0, 0.184109, 

594.291, 96, 0, 0.184109, 

594.291, 97, 0, 0.184109, 

594.291, 98, 0, 0.184109, 

594.291, 99, 0, 0.184109, 

594.291, 100, 0, 0.184109, 

594.291, 101, 0, 0.184109, 

594.291, 102, 0, 0.184109, 

594.291, 103, 0, 0.184109, 

594.291, 104, 0, 0.184109, 

594.291, 105, 0, 0.184109, 

594.291, 106, 0, 0.184109, 

594.291, 107, 0, 0.184109, 

594.291, 108, 0, 0.184109, 

594.291, 109, 0, 0.184109, 

594.291, 110, 0, 0.184109, 

594.291, 111, 0, 0.184109, 

594.291, 112, 0, 0.184109, 

594.291, 113, 0, 0.184109, 

594.291, 114, 0, 0.184109, 

594.291, 115, 0, 0.184109, 

594.291, 116, 0, 0.184109, 

594.291, 117, 0, 0.184109, 

594.291, 118, 0, 0.184109, 

594.291, 119, 0, 0.184109, 

599.721, 0, 0, 0.184109, 

599.721, 1, 0, 0.184109, 

599.721, 2, 0, 0.184109, 

599.721, 3, 0, 0.184109, 

599.721, 4, 0, 0.184109, 

599.721, 5, 0, 0.184109, 

599.721, 6, 0, 0.184109, 

599.721, 7, 0, 0.184109, 

599.721, 8, 0, 0.184109, 

599.721, 9, 0, 0.184109, 

599.721, 10, 0, 0.184109, 

599.721, 11, 0, 0.184109, 

599.721, 12, 0, 0.184109, 

599.721, 13, 0, 0.184109, 

599.721, 14, 0, 0.184109, 

599.721, 15, 0, 0.184109, 

599.721, 16, 0, 0.184109, 

599.721, 17, 0, 0.184109, 

599.721, 18, 0, 0.184109, 

599.721, 19, 0, 0.184109, 

599.721, 20, 0, 0.184109, 

599.721, 21, 0, 0.184109, 

599.721, 22, 0, 0.184109, 

599.721, 23, 0, 0.184109, 

599.721, 24, 0, 0.184109, 

599.721, 25, 0, 0.184109, 

599.721, 26, 0, 0.184109, 

599.721, 27, 0, 0.184109, 

599.721, 28, 0, 0.184109, 

599.721, 29, 0, 0.184109, 

599.721, 30, 0, 0.184109, 

599.721, 31, 0, 0.184109, 

599.721, 32, 0, 0.184109, 

599.721, 33, 0, 0.184109, 

599.721, 34, 0, 0.184109, 

599.721, 35, 0, 0.184109, 

599.721, 36, 0, 0.184109, 

599.721, 37, 0, 0.184109, 

599.721, 38, 0, 0.184109, 

599.721, 39, 0, 0.184109, 

599.721, 40, 0, 0.184109, 

599.721, 41, 0, 0.184109, 

599.721, 42, 0, 0.184109, 

599.721, 43, 0, 0.184109, 

599.721, 44, 0, 0.184109, 

599.721, 45, 0, 0.184109, 

599.721, 46, 0, 0.184109, 

599.721, 47, 0, 0.184109, 

599.721, 48, 0, 0.184109, 

599.721, 49, 0, 0.184109, 

599.721, 50, 0, 0.184109, 

599.721, 51, 0, 0.184109, 

599.721, 52, 0, 0.184109, 

599.721, 53, 0, 0.184109, 

599.721, 54, 0, 0.184109, 

599.721, 55, 0, 0.184109, 

599.721, 56, 0, 0.184109, 

599.721, 57, 0, 0.184109, 

599.721, 58, 0, 0.184109, 

599.721, 59, 0, 0.184109, 

599.721, 60, 0, 0.184109, 

599.721, 61, 0, 0.184109, 

599.721, 62, 0, 0.184109, 

599.721, 63, 0, 0.184109, 

599.721, 64, 0, 0.184109, 

599.721, 65, 0, 0.184109, 

599.721, 66, 0, 0.184109, 

599.721, 67, 0, 0.184109, 

599.721, 68, 0, 0.184109, 

599.721, 69, 0, 0.184109, 

599.721, 70, 0, 0.184109, 

599.721, 71, 0, 0.184109, 

599.721, 72, 0, 0.184109, 

599.721, 73, 0, 0.184109, 

599.721, 74, 0, 0.184109, 

599.721, 75, 0, 0.184109, 

599.721, 76, 0, 0.184109, 

599.721, 77, 0, 0.184109, 

599.721, 78, 0, 0.184109, 

599.721, 79, 0, 0.184109, 

599.721, 80, 0, 0.184109, 

599.721, 81, 0, 0.184109, 

599.721, 82, 0, 0.184109, 

599.721, 83, 0, 0.184109, 

599.721, 84, 0, 0.184109, 

599.721, 85, 0, 0.184109, 

599.721, 86, 0, 0.184109, 

599.721, 87, 0, 0.184109, 

599.721, 88, 0, 0.184109, 

599.721, 89, 0, 0.184109, 

599.721, 90, 0, 0.184109, 

599.721, 91, 0, 0.184109, 

599.721, 92, 0, 0.184109, 

599.721, 93, 0, 0.184109, 

599.721, 94, 0, 0.184109, 

599.721, 95, 0, 0.184109, 

599.721, 96, 0, 0.184109, 

599.721, 97, 0, 0.184109, 

599.721, 98, 0, 0.184109, 

599.721, 99, 0, 0.184109, 

599.721, 100, 0, 0.184109, 

599.721, 101, 0, 0.184109, 

599.721, 102, 0, 0.184109, 

599.721, 103, 0, 0.184109, 

599.721, 104, 0, 0.184109, 

599.721, 105, 0, 0.184109, 

599.721, 106, 0, 0.184109, 

599.721, 107, 0, 0.184109, 

599.721, 108, 0, 0.184109, 

599.721, 109, 0, 0.184109, 

599.721, 110, 0, 0.184109, 

599.721, 111, 0, 0.184109, 

599.721, 112, 0, 0.184109, 

599.721, 113, 0, 0.184109, 

599.721, 114, 0, 0.184109, 

599.721, 115, 0, 0.184109, 

599.721, 116, 0, 0.184109, 

599.721, 117, 0, 0.184109, 

599.721, 118, 0, 0.184109, 

599.721, 119, 0, 0.184109, 

605.151, 0, 0, 0.184109, 

605.151, 1, 0, 0.184109, 

605.151, 2, 0, 0.184109, 

605.151, 3, 0, 0.184109, 

605.151, 4, 0, 0.184109, 

605.151, 5, 0, 0.184109, 

605.151, 6, 0, 0.184109, 

605.151, 7, 0, 0.184109, 

605.151, 8, 0, 0.184109, 

605.151, 9, 0, 0.184109, 

605.151, 10, 0, 0.184109, 

605.151, 11, 0, 0.184109, 

605.151, 12, 0, 0.184109, 

605.151, 13, 0, 0.184109, 

605.151, 14, 0, 0.184109, 

605.151, 15, 0, 0.184109, 

605.151, 16, 0, 0.184109, 

605.151, 17, 0, 0.184109, 

605.151, 18, 0, 0.184109, 

605.151, 19, 0, 0.184109, 

605.151, 20, 0, 0.184109, 

605.151, 21, 0, 0.184109, 

605.151, 22, 0, 0.184109, 

605.151, 23, 0, 0.184109, 

605.151, 24, 0, 0.184109, 

605.151, 25, 0, 0.184109, 

605.151, 26, 0, 0.184109, 

605.151, 27, 0, 0.184109, 

605.151, 28, 0, 0.184109, 

605.151, 29, 0, 0.184109, 

605.151, 30, 0, 0.184109, 

605.151, 31, 0, 0.184109, 

605.151, 32, 0, 0.184109, 

605.151, 33, 0, 0.184109, 

605.151, 34, 0, 0.184109, 

605.151, 35, 0, 0.184109, 

605.151, 36, 0, 0.184109, 

605.151, 37, 0, 0.184109, 

605.151, 38, 0, 0.184109, 

605.151, 39, 0, 0.184109, 

605.151, 40, 0, 0.184109, 

605.151, 41, 0, 0.184109, 

605.151, 42, 0, 0.184109, 

605.151, 43, 0, 0.184109, 

605.151, 44, 0, 0.184109, 

605.151, 45, 0, 0.184109, 

605.151, 46, 0, 0.184109, 

605.151, 47, 0, 0.184109, 

605.151, 48, 0, 0.184109, 

605.151, 49, 0, 0.184109, 

605.151, 50, 0, 0.184109, 

605.151, 51, 0, 0.184109, 

605.151, 52, 0, 0.184109, 

605.151, 53, 0, 0.184109, 

605.151, 54, 0, 0.184109, 

605.151, 55, 0, 0.184109, 

605.151, 56, 0, 0.184109, 

605.151, 57, 0, 0.184109, 

605.151, 58, 0, 0.184109, 

605.151, 59, 0, 0.184109, 

605.151, 60, 0, 0.184109, 

605.151, 61, 0, 0.184109, 

605.151, 62, 0, 0.184109, 

605.151, 63, 0, 0.184109, 

605.151, 64, 0, 0.184109, 

605.151, 65, 0, 0.184109, 

605.151, 66, 0, 0.184109, 

605.151, 67, 0, 0.184109, 

605.151, 68, 0, 0.184109, 

605.151, 69, 0, 0.184109, 

605.151, 70, 0, 0.184109, 

605.151, 71, 0, 0.184109, 

605.151, 72, 0, 0.184109, 

605.151, 73, 0, 0.184109, 

605.151, 74, 0, 0.184109, 

605.151, 75, 0, 0.184109, 

605.151, 76, 0, 0.184109, 

605.151, 77, 0, 0.184109, 

605.151, 78, 0, 0.184109, 

605.151, 79, 0, 0.184109, 

605.151, 80, 0, 0.184109, 

605.151, 81, 0, 0.184109, 

605.151, 82, 0, 0.184109, 

605.151, 83, 0, 0.184109, 

605.151, 84, 0, 0.184109, 

605.151, 85, 0, 0.184109, 

605.151, 86, 0, 0.184109, 

605.151, 87, 0, 0.184109, 

605.151, 88, 0, 0.184109, 

605.151, 89, 0, 0.184109, 

605.151, 90, 0, 0.184109, 

605.151, 91, 0, 0.184109, 

605.151, 92, 0, 0.184109, 

605.151, 93, 0, 0.184109, 

605.151, 94, 0, 0.184109, 

605.151, 95, 0, 0.184109, 

605.151, 96, 0, 0.184109, 

605.151, 97, 0, 0.184109, 

605.151, 98, 0, 0.184109, 

605.151, 99, 0, 0.184109, 

605.151, 100, 0, 0.184109, 

605.151, 101, 0, 0.184109, 

605.151, 102, 0, 0.184109, 

605.151, 103, 0, 0.184109, 

605.151, 104, 0, 0.184109, 

605.151, 105, 0, 0.184109, 

605.151, 106, 0, 0.184109, 

605.151, 107, 0, 0.184109, 

605.151, 108, 0, 0.184109, 

605.151, 109, 0, 0.184109, 

605.151, 110, 0, 0.184109, 

605.151, 111, 0, 0.184109, 

605.151, 112, 0, 0.184109, 

605.151, 113, 0, 0.184109, 

605.151, 114, 0, 0.184109, 

605.151, 115, 0, 0.184109, 

605.151, 116, 0, 0.184109, 

605.151, 117, 0, 0.184109, 

605.151, 118, 0, 0.184109, 

605.151, 119, 0, 0.184109, 

610.582, 0, 0, 0.184109, 

610.582, 1, 0, 0.184109, 

610.582, 2, 0, 0.184109, 

610.582, 3, 0, 0.184109, 

610.582, 4, 0, 0.184109, 

610.582, 5, 0, 0.184109, 

610.582, 6, 0, 0.184109, 

610.582, 7, 0, 0.184109, 

610.582, 8, 0, 0.184109, 

610.582, 9, 0, 0.184109, 

610.582, 10, 0, 0.184109, 

610.582, 11, 0, 0.184109, 

610.582, 12, 0, 0.184109, 

610.582, 13, 0, 0.184109, 

610.582, 14, 0, 0.184109, 

610.582, 15, 0, 0.184109, 

610.582, 16, 0, 0.184109, 

610.582, 17, 0, 0.184109, 

610.582, 18, 0, 0.184109, 

610.582, 19, 0, 0.184109, 

610.582, 20, 0, 0.184109, 

610.582, 21, 0, 0.184109, 

610.582, 22, 0, 0.184109, 

610.582, 23, 0, 0.184109, 

610.582, 24, 0, 0.184109, 

610.582, 25, 0, 0.184109, 

610.582, 26, 0, 0.184109, 

610.582, 27, 0, 0.184109, 

610.582, 28, 0, 0.184109, 

610.582, 29, 0, 0.184109, 

610.582, 30, 0, 0.184109, 

610.582, 31, 0, 0.184109, 

610.582, 32, 0, 0.184109, 

610.582, 33, 0, 0.184109, 

610.582, 34, 0, 0.184109, 

610.582, 35, 0, 0.184109, 

610.582, 36, 0, 0.184109, 

610.582, 37, 0, 0.184109, 

610.582, 38, 0, 0.184109, 

610.582, 39, 0, 0.184109, 

610.582, 40, 0, 0.184109, 

610.582, 41, 0, 0.184109, 

610.582, 42, 0, 0.184109, 

610.582, 43, 0, 0.184109, 

610.582, 44, 0, 0.184109, 

610.582, 45, 0, 0.184109, 

610.582, 46, 0, 0.184109, 

610.582, 47, 0, 0.184109, 

610.582, 48, 0, 0.184109, 

610.582, 49, 0, 0.184109, 

610.582, 50, 0, 0.184109, 

610.582, 51, 0, 0.184109, 

610.582, 52, 0, 0.184109, 

610.582, 53, 0, 0.184109, 

610.582, 54, 0, 0.184109, 

610.582, 55, 0, 0.184109, 

610.582, 56, 0, 0.184109, 

610.582, 57, 0, 0.184109, 

610.582, 58, 0, 0.184109, 

610.582, 59, 0, 0.184109, 

610.582, 60, 0, 0.184109, 

610.582, 61, 0, 0.184109, 

610.582, 62, 0, 0.184109, 

610.582, 63, 0, 0.184109, 

610.582, 64, 0, 0.184109, 

610.582, 65, 0, 0.184109, 

610.582, 66, 0, 0.184109, 

610.582, 67, 0, 0.184109, 

610.582, 68, 0, 0.184109, 

610.582, 69, 0, 0.184109, 

610.582, 70, 0, 0.184109, 

610.582, 71, 0, 0.184109, 

610.582, 72, 0, 0.184109, 

610.582, 73, 0, 0.184109, 

610.582, 74, 0, 0.184109, 

610.582, 75, 0, 0.184109, 

610.582, 76, 0, 0.184109, 

610.582, 77, 0, 0.184109, 

610.582, 78, 0, 0.184109, 

610.582, 79, 0, 0.184109, 

610.582, 80, 0, 0.184109, 

610.582, 81, 0, 0.184109, 

610.582, 82, 0, 0.184109, 

610.582, 83, 0, 0.184109, 

610.582, 84, 0, 0.184109, 

610.582, 85, 0, 0.184109, 

610.582, 86, 0, 0.184109, 

610.582, 87, 0, 0.184109, 

610.582, 88, 0, 0.184109, 

610.582, 89, 0, 0.184109, 

610.582, 90, 0, 0.184109, 

610.582, 91, 0, 0.184109, 

610.582, 92, 0, 0.184109, 

610.582, 93, 0, 0.184109, 

610.582, 94, 0, 0.184109, 

610.582, 95, 0, 0.184109, 

610.582, 96, 0, 0.184109, 

610.582, 97, 0, 0.184109, 

610.582, 98, 0, 0.184109, 

610.582, 99, 0, 0.184109, 

610.582, 100, 0, 0.184109, 

610.582, 101, 0, 0.184109, 

610.582, 102, 0, 0.184109, 

610.582, 103, 0, 0.184109, 

610.582, 104, 0, 0.184109, 

610.582, 105, 0, 0.184109, 

610.582, 106, 0, 0.184109, 

610.582, 107, 0, 0.184109, 

610.582, 108, 0, 0.184109, 

610.582, 109, 0, 0.184109, 

610.582, 110, 0, 0.184109, 

610.582, 111, 0, 0.184109, 

610.582, 112, 0, 0.184109, 

610.582, 113, 0, 0.184109, 

610.582, 114, 0, 0.184109, 

610.582, 115, 0, 0.184109, 

610.582, 116, 0, 0.184109, 

610.582, 117, 0, 0.184109, 

610.582, 118, 0, 0.184109, 

610.582, 119, 0, 0.184109, 

616.012, 0, 0, 0.184109, 

616.012, 1, 0, 0.184109, 

616.012, 2, 0, 0.184109, 

616.012, 3, 0, 0.184109, 

616.012, 4, 0, 0.184109, 

616.012, 5, 0, 0.184109, 

616.012, 6, 0, 0.184109, 

616.012, 7, 0, 0.184109, 

616.012, 8, 0, 0.184109, 

616.012, 9, 0, 0.184109, 

616.012, 10, 0, 0.184109, 

616.012, 11, 0, 0.184109, 

616.012, 12, 0, 0.184109, 

616.012, 13, 0, 0.184109, 

616.012, 14, 0, 0.184109, 

616.012, 15, 0, 0.184109, 

616.012, 16, 0, 0.184109, 

616.012, 17, 0, 0.184109, 

616.012, 18, 0, 0.184109, 

616.012, 19, 0, 0.184109, 

616.012, 20, 0, 0.184109, 

616.012, 21, 0, 0.184109, 

616.012, 22, 0, 0.184109, 

616.012, 23, 0, 0.184109, 

616.012, 24, 0, 0.184109, 

616.012, 25, 0, 0.184109, 

616.012, 26, 0, 0.184109, 

616.012, 27, 0, 0.184109, 

616.012, 28, 0, 0.184109, 

616.012, 29, 0, 0.184109, 

616.012, 30, 0, 0.184109, 

616.012, 31, 0, 0.184109, 

616.012, 32, 0, 0.184109, 

616.012, 33, 0, 0.184109, 

616.012, 34, 0, 0.184109, 

616.012, 35, 0, 0.184109, 

616.012, 36, 0, 0.184109, 

616.012, 37, 0, 0.184109, 

616.012, 38, 0, 0.184109, 

616.012, 39, 0, 0.184109, 

616.012, 40, 0, 0.184109, 

616.012, 41, 0, 0.184109, 

616.012, 42, 0, 0.184109, 

616.012, 43, 0, 0.184109, 

616.012, 44, 0, 0.184109, 

616.012, 45, 0, 0.184109, 

616.012, 46, 0, 0.184109, 

616.012, 47, 0, 0.184109, 

616.012, 48, 0, 0.184109, 

616.012, 49, 0, 0.184109, 

616.012, 50, 0, 0.184109, 

616.012, 51, 0, 0.184109, 

616.012, 52, 0, 0.184109, 

616.012, 53, 0, 0.184109, 

616.012, 54, 0, 0.184109, 

616.012, 55, 0, 0.184109, 

616.012, 56, 0, 0.184109, 

616.012, 57, 0, 0.184109, 

616.012, 58, 0, 0.184109, 

616.012, 59, 0, 0.184109, 

616.012, 60, 0, 0.184109, 

616.012, 61, 0, 0.184109, 

616.012, 62, 0, 0.184109, 

616.012, 63, 0, 0.184109, 

616.012, 64, 0, 0.184109, 

616.012, 65, 0, 0.184109, 

616.012, 66, 0, 0.184109, 

616.012, 67, 0, 0.184109, 

616.012, 68, 0, 0.184109, 

616.012, 69, 0, 0.184109, 

616.012, 70, 0, 0.184109, 

616.012, 71, 0, 0.184109, 

616.012, 72, 0, 0.184109, 

616.012, 73, 0, 0.184109, 

616.012, 74, 0, 0.184109, 

616.012, 75, 0, 0.184109, 

616.012, 76, 0, 0.184109, 

616.012, 77, 0, 0.184109, 

616.012, 78, 0, 0.184109, 

616.012, 79, 0, 0.184109, 

616.012, 80, 0, 0.184109, 

616.012, 81, 0, 0.184109, 

616.012, 82, 0, 0.184109, 

616.012, 83, 0, 0.184109, 

616.012, 84, 0, 0.184109, 

616.012, 85, 0, 0.184109, 

616.012, 86, 0, 0.184109, 

616.012, 87, 0, 0.184109, 

616.012, 88, 0, 0.184109, 

616.012, 89, 0, 0.184109, 

616.012, 90, 0, 0.184109, 

616.012, 91, 0, 0.184109, 

616.012, 92, 0, 0.184109, 

616.012, 93, 0, 0.184109, 

616.012, 94, 0, 0.184109, 

616.012, 95, 0, 0.184109, 

616.012, 96, 0, 0.184109, 

616.012, 97, 0, 0.184109, 

616.012, 98, 0, 0.184109, 

616.012, 99, 0, 0.184109, 

616.012, 100, 0, 0.184109, 

616.012, 101, 0, 0.184109, 

616.012, 102, 0, 0.184109, 

616.012, 103, 0, 0.184109, 

616.012, 104, 0, 0.184109, 

616.012, 105, 0, 0.184109, 

616.012, 106, 0, 0.184109, 

616.012, 107, 0, 0.184109, 

616.012, 108, 0, 0.184109, 

616.012, 109, 0, 0.184109, 

616.012, 110, 0, 0.184109, 

616.012, 111, 0, 0.184109, 

616.012, 112, 0, 0.184109, 

616.012, 113, 0, 0.184109, 

616.012, 114, 0, 0.184109, 

616.012, 115, 0, 0.184109, 

616.012, 116, 0, 0.184109, 

616.012, 117, 0, 0.184109, 

616.012, 118, 0, 0.184109, 

616.012, 119, 0, 0.184109, 

621.442, 0, 0, 0.184109, 

621.442, 1, 0, 0.184109, 

621.442, 2, 0, 0.184109, 

621.442, 3, 0, 0.184109, 

621.442, 4, 0, 0.184109, 

621.442, 5, 0, 0.184109, 

621.442, 6, 0, 0.184109, 

621.442, 7, 0, 0.184109, 

621.442, 8, 0, 0.184109, 

621.442, 9, 0, 0.184109, 

621.442, 10, 0, 0.184109, 

621.442, 11, 0, 0.184109, 

621.442, 12, 0, 0.184109, 

621.442, 13, 0, 0.184109, 

621.442, 14, 0, 0.184109, 

621.442, 15, 0, 0.184109, 

621.442, 16, 0, 0.184109, 

621.442, 17, 0, 0.184109, 

621.442, 18, 0, 0.184109, 

621.442, 19, 0, 0.184109, 

621.442, 20, 0, 0.184109, 

621.442, 21, 0, 0.184109, 

621.442, 22, 0, 0.184109, 

621.442, 23, 0, 0.184109, 

621.442, 24, 0, 0.184109, 

621.442, 25, 0, 0.184109, 

621.442, 26, 0, 0.184109, 

621.442, 27, 0, 0.184109, 

621.442, 28, 0, 0.184109, 

621.442, 29, 0, 0.184109, 

621.442, 30, 0, 0.184109, 

621.442, 31, 0, 0.184109, 

621.442, 32, 0, 0.184109, 

621.442, 33, 0, 0.184109, 

621.442, 34, 0, 0.184109, 

621.442, 35, 0, 0.184109, 

621.442, 36, 0, 0.184109, 

621.442, 37, 0, 0.184109, 

621.442, 38, 0, 0.184109, 

621.442, 39, 0, 0.184109, 

621.442, 40, 0, 0.184109, 

621.442, 41, 0, 0.184109, 

621.442, 42, 0, 0.184109, 

621.442, 43, 0, 0.184109, 

621.442, 44, 0, 0.184109, 

621.442, 45, 0, 0.184109, 

621.442, 46, 0, 0.184109, 

621.442, 47, 0, 0.184109, 

621.442, 48, 0, 0.184109, 

621.442, 49, 0, 0.184109, 

621.442, 50, 0, 0.184109, 

621.442, 51, 0, 0.184109, 

621.442, 52, 0, 0.184109, 

621.442, 53, 0, 0.184109, 

621.442, 54, 0, 0.184109, 

621.442, 55, 0, 0.184109, 

621.442, 56, 0, 0.184109, 

621.442, 57, 0, 0.184109, 

621.442, 58, 0, 0.184109, 

621.442, 59, 0, 0.184109, 

621.442, 60, 0, 0.184109, 

621.442, 61, 0, 0.184109, 

621.442, 62, 0, 0.184109, 

621.442, 63, 0, 0.184109, 

621.442, 64, 0, 0.184109, 

621.442, 65, 0, 0.184109, 

621.442, 66, 0, 0.184109, 

621.442, 67, 0, 0.184109, 

621.442, 68, 0, 0.184109, 

621.442, 69, 0, 0.184109, 

621.442, 70, 0, 0.184109, 

621.442, 71, 0, 0.184109, 

621.442, 72, 0, 0.184109, 

621.442, 73, 0, 0.184109, 

621.442, 74, 0, 0.184109, 

621.442, 75, 0, 0.184109, 

621.442, 76, 0, 0.184109, 

621.442, 77, 0, 0.184109, 

621.442, 78, 0, 0.184109, 

621.442, 79, 0, 0.184109, 

621.442, 80, 0, 0.184109, 

621.442, 81, 0, 0.184109, 

621.442, 82, 0, 0.184109, 

621.442, 83, 0, 0.184109, 

621.442, 84, 0, 0.184109, 

621.442, 85, 0, 0.184109, 

621.442, 86, 0, 0.184109, 

621.442, 87, 0, 0.184109, 

621.442, 88, 0, 0.184109, 

621.442, 89, 0, 0.184109, 

621.442, 90, 0, 0.184109, 

621.442, 91, 0, 0.184109, 

621.442, 92, 0, 0.184109, 

621.442, 93, 0, 0.184109, 

621.442, 94, 0, 0.184109, 

621.442, 95, 0, 0.184109, 

621.442, 96, 0, 0.184109, 

621.442, 97, 0, 0.184109, 

621.442, 98, 0, 0.184109, 

621.442, 99, 0, 0.184109, 

621.442, 100, 0, 0.184109, 

621.442, 101, 0, 0.184109, 

621.442, 102, 0, 0.184109, 

621.442, 103, 0, 0.184109, 

621.442, 104, 0, 0.184109, 

621.442, 105, 0, 0.184109, 

621.442, 106, 0, 0.184109, 

621.442, 107, 0, 0.184109, 

621.442, 108, 0, 0.184109, 

621.442, 109, 0, 0.184109, 

621.442, 110, 0, 0.184109, 

621.442, 111, 0, 0.184109, 

621.442, 112, 0, 0.184109, 

621.442, 113, 0, 0.184109, 

621.442, 114, 0, 0.184109, 

621.442, 115, 0, 0.184109, 

621.442, 116, 0, 0.184109, 

621.442, 117, 0, 0.184109, 

621.442, 118, 0, 0.184109, 

621.442, 119, 0, 0.184109, 

626.873, 0, 0, 0.184109, 

626.873, 1, 0, 0.184109, 

626.873, 2, 0, 0.184109, 

626.873, 3, 0, 0.184109, 

626.873, 4, 0, 0.184109, 

626.873, 5, 0, 0.184109, 

626.873, 6, 0, 0.184109, 

626.873, 7, 0, 0.184109, 

626.873, 8, 0, 0.184109, 

626.873, 9, 0, 0.184109, 

626.873, 10, 0, 0.184109, 

626.873, 11, 0, 0.184109, 

626.873, 12, 0, 0.184109, 

626.873, 13, 0, 0.184109, 

626.873, 14, 0, 0.184109, 

626.873, 15, 0, 0.184109, 

626.873, 16, 0, 0.184109, 

626.873, 17, 0, 0.184109, 

626.873, 18, 0, 0.184109, 

626.873, 19, 0, 0.184109, 

626.873, 20, 0, 0.184109, 

626.873, 21, 0, 0.184109, 

626.873, 22, 0, 0.184109, 

626.873, 23, 0, 0.184109, 

626.873, 24, 0, 0.184109, 

626.873, 25, 0, 0.184109, 

626.873, 26, 0, 0.184109, 

626.873, 27, 0, 0.184109, 

626.873, 28, 0, 0.184109, 

626.873, 29, 0, 0.184109, 

626.873, 30, 0, 0.184109, 

626.873, 31, 0, 0.184109, 

626.873, 32, 0, 0.184109, 

626.873, 33, 0, 0.184109, 

626.873, 34, 0, 0.184109, 

626.873, 35, 0, 0.184109, 

626.873, 36, 0, 0.184109, 

626.873, 37, 0, 0.184109, 

626.873, 38, 0, 0.184109, 

626.873, 39, 0, 0.184109, 

626.873, 40, 0, 0.184109, 

626.873, 41, 0, 0.184109, 

626.873, 42, 0, 0.184109, 

626.873, 43, 0, 0.184109, 

626.873, 44, 0, 0.184109, 

626.873, 45, 0, 0.184109, 

626.873, 46, 0, 0.184109, 

626.873, 47, 0, 0.184109, 

626.873, 48, 0, 0.184109, 

626.873, 49, 0, 0.184109, 

626.873, 50, 0, 0.184109, 

626.873, 51, 0, 0.184109, 

626.873, 52, 0, 0.184109, 

626.873, 53, 0, 0.184109, 

626.873, 54, 0, 0.184109, 

626.873, 55, 0, 0.184109, 

626.873, 56, 0, 0.184109, 

626.873, 57, 0, 0.184109, 

626.873, 58, 0, 0.184109, 

626.873, 59, 0, 0.184109, 

626.873, 60, 0, 0.184109, 

626.873, 61, 0, 0.184109, 

626.873, 62, 0, 0.184109, 

626.873, 63, 0, 0.184109, 

626.873, 64, 0, 0.184109, 

626.873, 65, 0, 0.184109, 

626.873, 66, 0, 0.184109, 

626.873, 67, 0, 0.184109, 

626.873, 68, 0, 0.184109, 

626.873, 69, 0, 0.184109, 

626.873, 70, 0, 0.184109, 

626.873, 71, 0, 0.184109, 

626.873, 72, 0, 0.184109, 

626.873, 73, 0, 0.184109, 

626.873, 74, 0, 0.184109, 

626.873, 75, 0, 0.184109, 

626.873, 76, 0, 0.184109, 

626.873, 77, 0, 0.184109, 

626.873, 78, 0, 0.184109, 

626.873, 79, 0, 0.184109, 

626.873, 80, 0, 0.184109, 

626.873, 81, 0, 0.184109, 

626.873, 82, 0, 0.184109, 

626.873, 83, 0, 0.184109, 

626.873, 84, 0, 0.184109, 

626.873, 85, 0, 0.184109, 

626.873, 86, 0, 0.184109, 

626.873, 87, 0, 0.184109, 

626.873, 88, 0, 0.184109, 

626.873, 89, 0, 0.184109, 

626.873, 90, 0, 0.184109, 

626.873, 91, 0, 0.184109, 

626.873, 92, 0, 0.184109, 

626.873, 93, 0, 0.184109, 

626.873, 94, 0, 0.184109, 

626.873, 95, 0, 0.184109, 

626.873, 96, 0, 0.184109, 

626.873, 97, 0, 0.184109, 

626.873, 98, 0, 0.184109, 

626.873, 99, 0, 0.184109, 

626.873, 100, 0, 0.184109, 

626.873, 101, 0, 0.184109, 

626.873, 102, 0, 0.184109, 

626.873, 103, 0, 0.184109, 

626.873, 104, 0, 0.184109, 

626.873, 105, 0, 0.184109, 

626.873, 106, 0, 0.184109, 

626.873, 107, 0, 0.184109, 

626.873, 108, 0, 0.184109, 

626.873, 109, 0, 0.184109, 

626.873, 110, 0, 0.184109, 

626.873, 111, 0, 0.184109, 

626.873, 112, 0, 0.184109, 

626.873, 113, 0, 0.184109, 

626.873, 114, 0, 0.184109, 

626.873, 115, 0, 0.184109, 

626.873, 116, 0, 0.184109, 

626.873, 117, 0, 0.184109, 

626.873, 118, 0, 0.184109, 

626.873, 119, 0, 0.184109, 

632.303, 0, 0, 0.184109, 

632.303, 1, 0, 0.184109, 

632.303, 2, 0, 0.184109, 

632.303, 3, 0, 0.184109, 

632.303, 4, 0, 0.184109, 

632.303, 5, 0, 0.184109, 

632.303, 6, 0, 0.184109, 

632.303, 7, 0, 0.184109, 

632.303, 8, 0, 0.184109, 

632.303, 9, 0, 0.184109, 

632.303, 10, 0, 0.184109, 

632.303, 11, 0, 0.184109, 

632.303, 12, 0, 0.184109, 

632.303, 13, 0, 0.184109, 

632.303, 14, 0, 0.184109, 

632.303, 15, 0, 0.184109, 

632.303, 16, 0, 0.184109, 

632.303, 17, 0, 0.184109, 

632.303, 18, 0, 0.184109, 

632.303, 19, 0, 0.184109, 

632.303, 20, 0, 0.184109, 

632.303, 21, 0, 0.184109, 

632.303, 22, 0, 0.184109, 

632.303, 23, 0, 0.184109, 

632.303, 24, 0, 0.184109, 

632.303, 25, 0, 0.184109, 

632.303, 26, 0, 0.184109, 

632.303, 27, 0, 0.184109, 

632.303, 28, 0, 0.184109, 

632.303, 29, 0, 0.184109, 

632.303, 30, 0, 0.184109, 

632.303, 31, 0, 0.184109, 

632.303, 32, 0, 0.184109, 

632.303, 33, 0, 0.184109, 

632.303, 34, 0, 0.184109, 

632.303, 35, 0, 0.184109, 

632.303, 36, 0, 0.184109, 

632.303, 37, 0, 0.184109, 

632.303, 38, 0, 0.184109, 

632.303, 39, 0, 0.184109, 

632.303, 40, 0, 0.184109, 

632.303, 41, 0, 0.184109, 

632.303, 42, 0, 0.184109, 

632.303, 43, 0, 0.184109, 

632.303, 44, 0, 0.184109, 

632.303, 45, 0, 0.184109, 

632.303, 46, 0, 0.184109, 

632.303, 47, 0, 0.184109, 

632.303, 48, 0, 0.184109, 

632.303, 49, 0, 0.184109, 

632.303, 50, 0, 0.184109, 

632.303, 51, 0, 0.184109, 

632.303, 52, 0, 0.184109, 

632.303, 53, 0, 0.184109, 

632.303, 54, 0, 0.184109, 

632.303, 55, 0, 0.184109, 

632.303, 56, 0, 0.184109, 

632.303, 57, 0, 0.184109, 

632.303, 58, 0, 0.184109, 

632.303, 59, 0, 0.184109, 

632.303, 60, 0, 0.184109, 

632.303, 61, 0, 0.184109, 

632.303, 62, 0, 0.184109, 

632.303, 63, 0, 0.184109, 

632.303, 64, 0, 0.184109, 

632.303, 65, 0, 0.184109, 

632.303, 66, 0, 0.184109, 

632.303, 67, 0, 0.184109, 

632.303, 68, 0, 0.184109, 

632.303, 69, 0, 0.184109, 

632.303, 70, 0, 0.184109, 

632.303, 71, 0, 0.184109, 

632.303, 72, 0, 0.184109, 

632.303, 73, 0, 0.184109, 

632.303, 74, 0, 0.184109, 

632.303, 75, 0, 0.184109, 

632.303, 76, 0, 0.184109, 

632.303, 77, 0, 0.184109, 

632.303, 78, 0, 0.184109, 

632.303, 79, 0, 0.184109, 

632.303, 80, 0, 0.184109, 

632.303, 81, 0, 0.184109, 

632.303, 82, 0, 0.184109, 

632.303, 83, 0, 0.184109, 

632.303, 84, 0, 0.184109, 

632.303, 85, 0, 0.184109, 

632.303, 86, 0, 0.184109, 

632.303, 87, 0, 0.184109, 

632.303, 88, 0, 0.184109, 

632.303, 89, 0, 0.184109, 

632.303, 90, 0, 0.184109, 

632.303, 91, 0, 0.184109, 

632.303, 92, 0, 0.184109, 

632.303, 93, 0, 0.184109, 

632.303, 94, 0, 0.184109, 

632.303, 95, 0, 0.184109, 

632.303, 96, 0, 0.184109, 

632.303, 97, 0, 0.184109, 

632.303, 98, 0, 0.184109, 

632.303, 99, 0, 0.184109, 

632.303, 100, 0, 0.184109, 

632.303, 101, 0, 0.184109, 

632.303, 102, 0, 0.184109, 

632.303, 103, 0, 0.184109, 

632.303, 104, 0, 0.184109, 

632.303, 105, 0, 0.184109, 

632.303, 106, 0, 0.184109, 

632.303, 107, 0, 0.184109, 

632.303, 108, 0, 0.184109, 

632.303, 109, 0, 0.184109, 

632.303, 110, 0, 0.184109, 

632.303, 111, 0, 0.184109, 

632.303, 112, 0, 0.184109, 

632.303, 113, 0, 0.184109, 

632.303, 114, 0, 0.184109, 

632.303, 115, 0, 0.184109, 

632.303, 116, 0, 0.184109, 

632.303, 117, 0, 0.184109, 

632.303, 118, 0, 0.184109, 

632.303, 119, 0, 0.184109, 

637.734, 0, 0, 0.184109, 

637.734, 1, 0, 0.184109, 

637.734, 2, 0, 0.184109, 

637.734, 3, 0, 0.184109, 

637.734, 4, 0, 0.184109, 

637.734, 5, 0, 0.184109, 

637.734, 6, 0, 0.184109, 

637.734, 7, 0, 0.184109, 

637.734, 8, 0, 0.184109, 

637.734, 9, 0, 0.184109, 

637.734, 10, 0, 0.184109, 

637.734, 11, 0, 0.184109, 

637.734, 12, 0, 0.184109, 

637.734, 13, 0, 0.184109, 

637.734, 14, 0, 0.184109, 

637.734, 15, 0, 0.184109, 

637.734, 16, 0, 0.184109, 

637.734, 17, 0, 0.184109, 

637.734, 18, 0, 0.184109, 

637.734, 19, 0, 0.184109, 

637.734, 20, 0, 0.184109, 

637.734, 21, 0, 0.184109, 

637.734, 22, 0, 0.184109, 

637.734, 23, 0, 0.184109, 

637.734, 24, 0, 0.184109, 

637.734, 25, 0, 0.184109, 

637.734, 26, 0, 0.184109, 

637.734, 27, 0, 0.184109, 

637.734, 28, 0, 0.184109, 

637.734, 29, 0, 0.184109, 

637.734, 30, 0, 0.184109, 

637.734, 31, 0, 0.184109, 

637.734, 32, 0, 0.184109, 

637.734, 33, 0, 0.184109, 

637.734, 34, 0, 0.184109, 

637.734, 35, 0, 0.184109, 

637.734, 36, 0, 0.184109, 

637.734, 37, 0, 0.184109, 

637.734, 38, 0, 0.184109, 

637.734, 39, 0, 0.184109, 

637.734, 40, 0, 0.184109, 

637.734, 41, 0, 0.184109, 

637.734, 42, 0, 0.184109, 

637.734, 43, 0, 0.184109, 

637.734, 44, 0, 0.184109, 

637.734, 45, 0, 0.184109, 

637.734, 46, 0, 0.184109, 

637.734, 47, 0, 0.184109, 

637.734, 48, 0, 0.184109, 

637.734, 49, 0, 0.184109, 

637.734, 50, 0, 0.184109, 

637.734, 51, 0, 0.184109, 

637.734, 52, 0, 0.184109, 

637.734, 53, 0, 0.184109, 

637.734, 54, 0, 0.184109, 

637.734, 55, 0, 0.184109, 

637.734, 56, 0, 0.184109, 

637.734, 57, 0, 0.184109, 

637.734, 58, 0, 0.184109, 

637.734, 59, 0, 0.184109, 

637.734, 60, 0, 0.184109, 

637.734, 61, 0, 0.184109, 

637.734, 62, 0, 0.184109, 

637.734, 63, 0, 0.184109, 

637.734, 64, 0, 0.184109, 

637.734, 65, 0, 0.184109, 

637.734, 66, 0, 0.184109, 

637.734, 67, 0, 0.184109, 

637.734, 68, 0, 0.184109, 

637.734, 69, 0, 0.184109, 

637.734, 70, 0, 0.184109, 

637.734, 71, 0, 0.184109, 

637.734, 72, 0, 0.184109, 

637.734, 73, 0, 0.184109, 

637.734, 74, 0, 0.184109, 

637.734, 75, 0, 0.184109, 

637.734, 76, 0, 0.184109, 

637.734, 77, 0, 0.184109, 

637.734, 78, 0, 0.184109, 

637.734, 79, 0, 0.184109, 

637.734, 80, 0, 0.184109, 

637.734, 81, 0, 0.184109, 

637.734, 82, 0, 0.184109, 

637.734, 83, 0, 0.184109, 

637.734, 84, 0, 0.184109, 

637.734, 85, 0, 0.184109, 

637.734, 86, 0, 0.184109, 

637.734, 87, 0, 0.184109, 

637.734, 88, 0, 0.184109, 

637.734, 89, 0, 0.184109, 

637.734, 90, 0, 0.184109, 

637.734, 91, 0, 0.184109, 

637.734, 92, 0, 0.184109, 

637.734, 93, 0, 0.184109, 

637.734, 94, 0, 0.184109, 

637.734, 95, 0, 0.184109, 

637.734, 96, 0, 0.184109, 

637.734, 97, 0, 0.184109, 

637.734, 98, 0, 0.184109, 

637.734, 99, 0, 0.184109, 

637.734, 100, 0, 0.184109, 

637.734, 101, 0, 0.184109, 

637.734, 102, 0, 0.184109, 

637.734, 103, 0, 0.184109, 

637.734, 104, 0, 0.184109, 

637.734, 105, 0, 0.184109, 

637.734, 106, 0, 0.184109, 

637.734, 107, 0, 0.184109, 

637.734, 108, 0, 0.184109, 

637.734, 109, 0, 0.184109, 

637.734, 110, 0, 0.184109, 

637.734, 111, 0, 0.184109, 

637.734, 112, 0, 0.184109, 

637.734, 113, 0, 0.184109, 

637.734, 114, 0, 0.184109, 

637.734, 115, 0, 0.184109, 

637.734, 116, 0, 0.184109, 

637.734, 117, 0, 0.184109, 

637.734, 118, 0, 0.184109, 

637.734, 119, 0, 0.184109, 

643.164, 0, 0, 0.184109, 

643.164, 1, 0, 0.184109, 

643.164, 2, 0, 0.184109, 

643.164, 3, 0, 0.184109, 

643.164, 4, 0, 0.184109, 

643.164, 5, 0, 0.184109, 

643.164, 6, 0, 0.184109, 

643.164, 7, 0, 0.184109, 

643.164, 8, 0, 0.184109, 

643.164, 9, 0, 0.184109, 

643.164, 10, 0, 0.184109, 

643.164, 11, 0, 0.184109, 

643.164, 12, 0, 0.184109, 

643.164, 13, 0, 0.184109, 

643.164, 14, 0, 0.184109, 

643.164, 15, 0, 0.184109, 

643.164, 16, 0, 0.184109, 

643.164, 17, 0, 0.184109, 

643.164, 18, 0, 0.184109, 

643.164, 19, 0, 0.184109, 

643.164, 20, 0, 0.184109, 

643.164, 21, 0, 0.184109, 

643.164, 22, 0, 0.184109, 

643.164, 23, 0, 0.184109, 

643.164, 24, 0, 0.184109, 

643.164, 25, 0, 0.184109, 

643.164, 26, 0, 0.184109, 

643.164, 27, 0, 0.184109, 

643.164, 28, 0, 0.184109, 

643.164, 29, 0, 0.184109, 

643.164, 30, 0, 0.184109, 

643.164, 31, 0, 0.184109, 

643.164, 32, 0, 0.184109, 

643.164, 33, 0, 0.184109, 

643.164, 34, 0, 0.184109, 

643.164, 35, 0, 0.184109, 

643.164, 36, 0, 0.184109, 

643.164, 37, 0, 0.184109, 

643.164, 38, 0, 0.184109, 

643.164, 39, 0, 0.184109, 

643.164, 40, 0, 0.184109, 

643.164, 41, 0, 0.184109, 

643.164, 42, 0, 0.184109, 

643.164, 43, 0, 0.184109, 

643.164, 44, 0, 0.184109, 

643.164, 45, 0, 0.184109, 

643.164, 46, 0, 0.184109, 

643.164, 47, 0, 0.184109, 

643.164, 48, 0, 0.184109, 

643.164, 49, 0, 0.184109, 

643.164, 50, 0, 0.184109, 

643.164, 51, 0, 0.184109, 

643.164, 52, 0, 0.184109, 

643.164, 53, 0, 0.184109, 

643.164, 54, 0, 0.184109, 

643.164, 55, 0, 0.184109, 

643.164, 56, 0, 0.184109, 

643.164, 57, 0, 0.184109, 

643.164, 58, 0, 0.184109, 

643.164, 59, 0, 0.184109, 

643.164, 60, 0, 0.184109, 

643.164, 61, 0, 0.184109, 

643.164, 62, 0, 0.184109, 

643.164, 63, 0, 0.184109, 

643.164, 64, 0, 0.184109, 

643.164, 65, 0, 0.184109, 

643.164, 66, 0, 0.184109, 

643.164, 67, 0, 0.184109, 

643.164, 68, 0, 0.184109, 

643.164, 69, 0, 0.184109, 

643.164, 70, 0, 0.184109, 

643.164, 71, 0, 0.184109, 

643.164, 72, 0, 0.184109, 

643.164, 73, 0, 0.184109, 

643.164, 74, 0, 0.184109, 

643.164, 75, 0, 0.184109, 

643.164, 76, 0, 0.184109, 

643.164, 77, 0, 0.184109, 

643.164, 78, 0, 0.184109, 

643.164, 79, 0, 0.184109, 

643.164, 80, 0, 0.184109, 

643.164, 81, 0, 0.184109, 

643.164, 82, 0, 0.184109, 

643.164, 83, 0, 0.184109, 

643.164, 84, 0, 0.184109, 

643.164, 85, 0, 0.184109, 

643.164, 86, 0, 0.184109, 

643.164, 87, 0, 0.184109, 

643.164, 88, 0, 0.184109, 

643.164, 89, 0, 0.184109, 

643.164, 90, 0, 0.184109, 

643.164, 91, 0, 0.184109, 

643.164, 92, 0, 0.184109, 

643.164, 93, 0, 0.184109, 

643.164, 94, 0, 0.184109, 

643.164, 95, 0, 0.184109, 

643.164, 96, 0, 0.184109, 

643.164, 97, 0, 0.184109, 

643.164, 98, 0, 0.184109, 

643.164, 99, 0, 0.184109, 

643.164, 100, 0, 0.184109, 

643.164, 101, 0, 0.184109, 

643.164, 102, 0, 0.184109, 

643.164, 103, 0, 0.184109, 

643.164, 104, 0, 0.184109, 

643.164, 105, 0, 0.184109, 

643.164, 106, 0, 0.184109, 

643.164, 107, 0, 0.184109, 

643.164, 108, 0, 0.184109, 

643.164, 109, 0, 0.184109, 

643.164, 110, 0, 0.184109, 

643.164, 111, 0, 0.184109, 

643.164, 112, 0, 0.184109, 

643.164, 113, 0, 0.184109, 

643.164, 114, 0, 0.184109, 

643.164, 115, 0, 0.184109, 

643.164, 116, 0, 0.184109, 

643.164, 117, 0, 0.184109, 

643.164, 118, 0, 0.184109, 

643.164, 119, 0, 0.184109, 

648.594, 0, 0, 0.184109, 

648.594, 1, 0, 0.184109, 

648.594, 2, 0, 0.184109, 

648.594, 3, 0, 0.184109, 

648.594, 4, 0, 0.184109, 

648.594, 5, 0, 0.184109, 

648.594, 6, 0, 0.184109, 

648.594, 7, 0, 0.184109, 

648.594, 8, 0, 0.184109, 

648.594, 9, 0, 0.184109, 

648.594, 10, 0, 0.184109, 

648.594, 11, 0, 0.184109, 

648.594, 12, 0, 0.184109, 

648.594, 13, 0, 0.184109, 

648.594, 14, 0, 0.184109, 

648.594, 15, 0, 0.184109, 

648.594, 16, 0, 0.184109, 

648.594, 17, 0, 0.184109, 

648.594, 18, 0, 0.184109, 

648.594, 19, 0, 0.184109, 

648.594, 20, 0, 0.184109, 

648.594, 21, 0, 0.184109, 

648.594, 22, 0, 0.184109, 

648.594, 23, 0, 0.184109, 

648.594, 24, 0, 0.184109, 

648.594, 25, 0, 0.184109, 

648.594, 26, 0, 0.184109, 

648.594, 27, 0, 0.184109, 

648.594, 28, 0, 0.184109, 

648.594, 29, 0, 0.184109, 

648.594, 30, 0, 0.184109, 

648.594, 31, 0, 0.184109, 

648.594, 32, 0, 0.184109, 

648.594, 33, 0, 0.184109, 

648.594, 34, 0, 0.184109, 

648.594, 35, 0, 0.184109, 

648.594, 36, 0, 0.184109, 

648.594, 37, 0, 0.184109, 

648.594, 38, 0, 0.184109, 

648.594, 39, 0, 0.184109, 

648.594, 40, 0, 0.184109, 

648.594, 41, 0, 0.184109, 

648.594, 42, 0, 0.184109, 

648.594, 43, 0, 0.184109, 

648.594, 44, 0, 0.184109, 

648.594, 45, 0, 0.184109, 

648.594, 46, 0, 0.184109, 

648.594, 47, 0, 0.184109, 

648.594, 48, 0, 0.184109, 

648.594, 49, 0, 0.184109, 

648.594, 50, 0, 0.184109, 

648.594, 51, 0, 0.184109, 

648.594, 52, 0, 0.184109, 

648.594, 53, 0, 0.184109, 

648.594, 54, 0, 0.184109, 

648.594, 55, 0, 0.184109, 

648.594, 56, 0, 0.184109, 

648.594, 57, 0, 0.184109, 

648.594, 58, 0, 0.184109, 

648.594, 59, 0, 0.184109, 

648.594, 60, 0, 0.184109, 

648.594, 61, 0, 0.184109, 

648.594, 62, 0, 0.184109, 

648.594, 63, 0, 0.184109, 

648.594, 64, 0, 0.184109, 

648.594, 65, 0, 0.184109, 

648.594, 66, 0, 0.184109, 

648.594, 67, 0, 0.184109, 

648.594, 68, 0, 0.184109, 

648.594, 69, 0, 0.184109, 

648.594, 70, 0, 0.184109, 

648.594, 71, 0, 0.184109, 

648.594, 72, 0, 0.184109, 

648.594, 73, 0, 0.184109, 

648.594, 74, 0, 0.184109, 

648.594, 75, 0, 0.184109, 

648.594, 76, 0, 0.184109, 

648.594, 77, 0, 0.184109, 

648.594, 78, 0, 0.184109, 

648.594, 79, 0, 0.184109, 

648.594, 80, 0, 0.184109, 

648.594, 81, 0, 0.184109, 

648.594, 82, 0, 0.184109, 

648.594, 83, 0, 0.184109, 

648.594, 84, 0, 0.184109, 

648.594, 85, 0, 0.184109, 

648.594, 86, 0, 0.184109, 

648.594, 87, 0, 0.184109, 

648.594, 88, 0, 0.184109, 

648.594, 89, 0, 0.184109, 

648.594, 90, 0, 0.184109, 

648.594, 91, 0, 0.184109, 

648.594, 92, 0, 0.184109, 

648.594, 93, 0, 0.184109, 

648.594, 94, 0, 0.184109, 

648.594, 95, 0, 0.184109, 

648.594, 96, 0, 0.184109, 

648.594, 97, 0, 0.184109, 

648.594, 98, 0, 0.184109, 

648.594, 99, 0, 0.184109, 

648.594, 100, 0, 0.184109, 

648.594, 101, 0, 0.184109, 

648.594, 102, 0, 0.184109, 

648.594, 103, 0, 0.184109, 

648.594, 104, 0, 0.184109, 

648.594, 105, 0, 0.184109, 

648.594, 106, 0, 0.184109, 

648.594, 107, 0, 0.184109, 

648.594, 108, 0, 0.184109, 

648.594, 109, 0, 0.184109, 

648.594, 110, 0, 0.184109, 

648.594, 111, 0, 0.184109, 

648.594, 112, 0, 0.184109, 

648.594, 113, 0, 0.184109, 

648.594, 114, 0, 0.184109, 

648.594, 115, 0, 0.184109, 

648.594, 116, 0, 0.184109, 

648.594, 117, 0, 0.184109, 

648.594, 118, 0, 0.184109, 

648.594, 119, 0, 0.184109, 

654.025, 0, 0, 0.184109, 

654.025, 1, 0, 0.184109, 

654.025, 2, 0, 0.184109, 

654.025, 3, 0, 0.184109, 

654.025, 4, 0, 0.184109, 

654.025, 5, 0, 0.184109, 

654.025, 6, 0, 0.184109, 

654.025, 7, 0, 0.184109, 

654.025, 8, 0, 0.184109, 

654.025, 9, 0, 0.184109, 

654.025, 10, 0, 0.184109, 

654.025, 11, 0, 0.184109, 

654.025, 12, 0, 0.184109, 

654.025, 13, 0, 0.184109, 

654.025, 14, 0, 0.184109, 

654.025, 15, 0, 0.184109, 

654.025, 16, 0, 0.184109, 

654.025, 17, 0, 0.184109, 

654.025, 18, 0, 0.184109, 

654.025, 19, 0, 0.184109, 

654.025, 20, 0, 0.184109, 

654.025, 21, 0, 0.184109, 

654.025, 22, 0, 0.184109, 

654.025, 23, 0, 0.184109, 

654.025, 24, 0, 0.184109, 

654.025, 25, 0, 0.184109, 

654.025, 26, 0, 0.184109, 

654.025, 27, 0, 0.184109, 

654.025, 28, 0, 0.184109, 

654.025, 29, 0, 0.184109, 

654.025, 30, 0, 0.184109, 

654.025, 31, 0, 0.184109, 

654.025, 32, 0, 0.184109, 

654.025, 33, 0, 0.184109, 

654.025, 34, 0, 0.184109, 

654.025, 35, 0, 0.184109, 

654.025, 36, 0, 0.184109, 

654.025, 37, 0, 0.184109, 

654.025, 38, 0, 0.184109, 

654.025, 39, 0, 0.184109, 

654.025, 40, 0, 0.184109, 

654.025, 41, 0, 0.184109, 

654.025, 42, 0, 0.184109, 

654.025, 43, 0, 0.184109, 

654.025, 44, 0, 0.184109, 

654.025, 45, 0, 0.184109, 

654.025, 46, 0, 0.184109, 

654.025, 47, 0, 0.184109, 

654.025, 48, 0, 0.184109, 

654.025, 49, 0, 0.184109, 

654.025, 50, 0, 0.184109, 

654.025, 51, 0, 0.184109, 

654.025, 52, 0, 0.184109, 

654.025, 53, 0, 0.184109, 

654.025, 54, 0, 0.184109, 

654.025, 55, 0, 0.184109, 

654.025, 56, 0, 0.184109, 

654.025, 57, 0, 0.184109, 

654.025, 58, 0, 0.184109, 

654.025, 59, 0, 0.184109, 

654.025, 60, 0, 0.184109, 

654.025, 61, 0, 0.184109, 

654.025, 62, 0, 0.184109, 

654.025, 63, 0, 0.184109, 

654.025, 64, 0, 0.184109, 

654.025, 65, 0, 0.184109, 

654.025, 66, 0, 0.184109, 

654.025, 67, 0, 0.184109, 

654.025, 68, 0, 0.184109, 

654.025, 69, 0, 0.184109, 

654.025, 70, 0, 0.184109, 

654.025, 71, 0, 0.184109, 

654.025, 72, 0, 0.184109, 

654.025, 73, 0, 0.184109, 

654.025, 74, 0, 0.184109, 

654.025, 75, 0, 0.184109, 

654.025, 76, 0, 0.184109, 

654.025, 77, 0, 0.184109, 

654.025, 78, 0, 0.184109, 

654.025, 79, 0, 0.184109, 

654.025, 80, 0, 0.184109, 

654.025, 81, 0, 0.184109, 

654.025, 82, 0, 0.184109, 

654.025, 83, 0, 0.184109, 

654.025, 84, 0, 0.184109, 

654.025, 85, 0, 0.184109, 

654.025, 86, 0, 0.184109, 

654.025, 87, 0, 0.184109, 

654.025, 88, 0, 0.184109, 

654.025, 89, 0, 0.184109, 

654.025, 90, 0, 0.184109, 

654.025, 91, 0, 0.184109, 

654.025, 92, 0, 0.184109, 

654.025, 93, 0, 0.184109, 

654.025, 94, 0, 0.184109, 

654.025, 95, 0, 0.184109, 

654.025, 96, 0, 0.184109, 

654.025, 97, 0, 0.184109, 

654.025, 98, 0, 0.184109, 

654.025, 99, 0, 0.184109, 

654.025, 100, 0, 0.184109, 

654.025, 101, 0, 0.184109, 

654.025, 102, 0, 0.184109, 

654.025, 103, 0, 0.184109, 

654.025, 104, 0, 0.184109, 

654.025, 105, 0, 0.184109, 

654.025, 106, 0, 0.184109, 

654.025, 107, 0, 0.184109, 

654.025, 108, 0, 0.184109, 

654.025, 109, 0, 0.184109, 

654.025, 110, 0, 0.184109, 

654.025, 111, 0, 0.184109, 

654.025, 112, 0, 0.184109, 

654.025, 113, 0, 0.184109, 

654.025, 114, 0, 0.184109, 

654.025, 115, 0, 0.184109, 

654.025, 116, 0, 0.184109, 

654.025, 117, 0, 0.184109, 

654.025, 118, 0, 0.184109, 

654.025, 119, 0, 0.184109, 

659.455, 0, 0, 0.184109, 

659.455, 1, 0, 0.184109, 

659.455, 2, 0, 0.184109, 

659.455, 3, 0, 0.184109, 

659.455, 4, 0, 0.184109, 

659.455, 5, 0, 0.184109, 

659.455, 6, 0, 0.184109, 

659.455, 7, 0, 0.184109, 

659.455, 8, 0, 0.184109, 

659.455, 9, 0, 0.184109, 

659.455, 10, 0, 0.184109, 

659.455, 11, 0, 0.184109, 

659.455, 12, 0, 0.184109, 

659.455, 13, 0, 0.184109, 

659.455, 14, 0, 0.184109, 

659.455, 15, 0, 0.184109, 

659.455, 16, 0, 0.184109, 

659.455, 17, 0, 0.184109, 

659.455, 18, 0, 0.184109, 

659.455, 19, 0, 0.184109, 

659.455, 20, 0, 0.184109, 

659.455, 21, 0, 0.184109, 

659.455, 22, 0, 0.184109, 

659.455, 23, 0, 0.184109, 

659.455, 24, 0, 0.184109, 

659.455, 25, 0, 0.184109, 

659.455, 26, 0, 0.184109, 

659.455, 27, 0, 0.184109, 

659.455, 28, 0, 0.184109, 

659.455, 29, 0, 0.184109, 

659.455, 30, 0, 0.184109, 

659.455, 31, 0, 0.184109, 

659.455, 32, 0, 0.184109, 

659.455, 33, 0, 0.184109, 

659.455, 34, 0, 0.184109, 

659.455, 35, 0, 0.184109, 

659.455, 36, 0, 0.184109, 

659.455, 37, 0, 0.184109, 

659.455, 38, 0, 0.184109, 

659.455, 39, 0, 0.184109, 

659.455, 40, 0, 0.184109, 

659.455, 41, 0, 0.184109, 

659.455, 42, 0, 0.184109, 

659.455, 43, 0, 0.184109, 

659.455, 44, 0, 0.184109, 

659.455, 45, 0, 0.184109, 

659.455, 46, 0, 0.184109, 

659.455, 47, 0, 0.184109, 

659.455, 48, 0, 0.184109, 

659.455, 49, 0, 0.184109, 

659.455, 50, 0, 0.184109, 

659.455, 51, 0, 0.184109, 

659.455, 52, 0, 0.184109, 

659.455, 53, 0, 0.184109, 

659.455, 54, 0, 0.184109, 

659.455, 55, 0, 0.184109, 

659.455, 56, 0, 0.184109, 

659.455, 57, 0, 0.184109, 

659.455, 58, 0, 0.184109, 

659.455, 59, 0, 0.184109, 

659.455, 60, 0, 0.184109, 

659.455, 61, 0, 0.184109, 

659.455, 62, 0, 0.184109, 

659.455, 63, 0, 0.184109, 

659.455, 64, 0, 0.184109, 

659.455, 65, 0, 0.184109, 

659.455, 66, 0, 0.184109, 

659.455, 67, 0, 0.184109, 

659.455, 68, 0, 0.184109, 

659.455, 69, 0, 0.184109, 

659.455, 70, 0, 0.184109, 

659.455, 71, 0, 0.184109, 

659.455, 72, 0, 0.184109, 

659.455, 73, 0, 0.184109, 

659.455, 74, 0, 0.184109, 

659.455, 75, 0, 0.184109, 

659.455, 76, 0, 0.184109, 

659.455, 77, 0, 0.184109, 

659.455, 78, 0, 0.184109, 

659.455, 79, 0, 0.184109, 

659.455, 80, 0, 0.184109, 

659.455, 81, 0, 0.184109, 

659.455, 82, 0, 0.184109, 

659.455, 83, 0, 0.184109, 

659.455, 84, 0, 0.184109, 

659.455, 85, 0, 0.184109, 

659.455, 86, 0, 0.184109, 

659.455, 87, 0, 0.184109, 

659.455, 88, 0, 0.184109, 

659.455, 89, 0, 0.184109, 

659.455, 90, 0, 0.184109, 

659.455, 91, 0, 0.184109, 

659.455, 92, 0, 0.184109, 

659.455, 93, 0, 0.184109, 

659.455, 94, 0, 0.184109, 

659.455, 95, 0, 0.184109, 

659.455, 96, 0, 0.184109, 

659.455, 97, 0, 0.184109, 

659.455, 98, 0, 0.184109, 

659.455, 99, 0, 0.184109, 

659.455, 100, 0, 0.184109, 

659.455, 101, 0, 0.184109, 

659.455, 102, 0, 0.184109, 

659.455, 103, 0, 0.184109, 

659.455, 104, 0, 0.184109, 

659.455, 105, 0, 0.184109, 

659.455, 106, 0, 0.184109, 

659.455, 107, 0, 0.184109, 

659.455, 108, 0, 0.184109, 

659.455, 109, 0, 0.184109, 

659.455, 110, 0, 0.184109, 

659.455, 111, 0, 0.184109, 

659.455, 112, 0, 0.184109, 

659.455, 113, 0, 0.184109, 

659.455, 114, 0, 0.184109, 

659.455, 115, 0, 0.184109, 

659.455, 116, 0, 0.184109, 

659.455, 117, 0, 0.184109, 

659.455, 118, 0, 0.184109, 

659.455, 119, 0, 0.184109, 

664.885, 0, 0, 0.184109, 

664.885, 1, 0, 0.184109, 

664.885, 2, 0, 0.184109, 

664.885, 3, 0, 0.184109, 

664.885, 4, 0, 0.184109, 

664.885, 5, 0, 0.184109, 

664.885, 6, 0, 0.184109, 

664.885, 7, 0, 0.184109, 

664.885, 8, 0, 0.184109, 

664.885, 9, 0, 0.184109, 

664.885, 10, 0, 0.184109, 

664.885, 11, 0, 0.184109, 

664.885, 12, 0, 0.184109, 

664.885, 13, 0, 0.184109, 

664.885, 14, 0, 0.184109, 

664.885, 15, 0, 0.184109, 

664.885, 16, 0, 0.184109, 

664.885, 17, 0, 0.184109, 

664.885, 18, 0, 0.184109, 

664.885, 19, 0, 0.184109, 

664.885, 20, 0, 0.184109, 

664.885, 21, 0, 0.184109, 

664.885, 22, 0, 0.184109, 

664.885, 23, 0, 0.184109, 

664.885, 24, 0, 0.184109, 

664.885, 25, 0, 0.184109, 

664.885, 26, 0, 0.184109, 

664.885, 27, 0, 0.184109, 

664.885, 28, 0, 0.184109, 

664.885, 29, 0, 0.184109, 

664.885, 30, 0, 0.184109, 

664.885, 31, 0, 0.184109, 

664.885, 32, 0, 0.184109, 

664.885, 33, 0, 0.184109, 

664.885, 34, 0, 0.184109, 

664.885, 35, 0, 0.184109, 

664.885, 36, 0, 0.184109, 

664.885, 37, 0, 0.184109, 

664.885, 38, 0, 0.184109, 

664.885, 39, 0, 0.184109, 

664.885, 40, 0, 0.184109, 

664.885, 41, 0, 0.184109, 

664.885, 42, 0, 0.184109, 

664.885, 43, 0, 0.184109, 

664.885, 44, 0, 0.184109, 

664.885, 45, 0, 0.184109, 

664.885, 46, 0, 0.184109, 

664.885, 47, 0, 0.184109, 

664.885, 48, 0, 0.184109, 

664.885, 49, 0, 0.184109, 

664.885, 50, 0, 0.184109, 

664.885, 51, 0, 0.184109, 

664.885, 52, 0, 0.184109, 

664.885, 53, 0, 0.184109, 

664.885, 54, 0, 0.184109, 

664.885, 55, 0, 0.184109, 

664.885, 56, 0, 0.184109, 

664.885, 57, 0, 0.184109, 

664.885, 58, 0, 0.184109, 

664.885, 59, 0, 0.184109, 

664.885, 60, 0, 0.184109, 

664.885, 61, 0, 0.184109, 

664.885, 62, 0, 0.184109, 

664.885, 63, 0, 0.184109, 

664.885, 64, 0, 0.184109, 

664.885, 65, 0, 0.184109, 

664.885, 66, 0, 0.184109, 

664.885, 67, 0, 0.184109, 

664.885, 68, 0, 0.184109, 

664.885, 69, 0, 0.184109, 

664.885, 70, 0, 0.184109, 

664.885, 71, 0, 0.184109, 

664.885, 72, 0, 0.184109, 

664.885, 73, 0, 0.184109, 

664.885, 74, 0, 0.184109, 

664.885, 75, 0, 0.184109, 

664.885, 76, 0, 0.184109, 

664.885, 77, 0, 0.184109, 

664.885, 78, 0, 0.184109, 

664.885, 79, 0, 0.184109, 

664.885, 80, 0, 0.184109, 

664.885, 81, 0, 0.184109, 

664.885, 82, 0, 0.184109, 

664.885, 83, 0, 0.184109, 

664.885, 84, 0, 0.184109, 

664.885, 85, 0, 0.184109, 

664.885, 86, 0, 0.184109, 

664.885, 87, 0, 0.184109, 

664.885, 88, 0, 0.184109, 

664.885, 89, 0, 0.184109, 

664.885, 90, 0, 0.184109, 

664.885, 91, 0, 0.184109, 

664.885, 92, 0, 0.184109, 

664.885, 93, 0, 0.184109, 

664.885, 94, 0, 0.184109, 

664.885, 95, 0, 0.184109, 

664.885, 96, 0, 0.184109, 

664.885, 97, 0, 0.184109, 

664.885, 98, 0, 0.184109, 

664.885, 99, 0, 0.184109, 

664.885, 100, 0, 0.184109, 

664.885, 101, 0, 0.184109, 

664.885, 102, 0, 0.184109, 

664.885, 103, 0, 0.184109, 

664.885, 104, 0, 0.184109, 

664.885, 105, 0, 0.184109, 

664.885, 106, 0, 0.184109, 

664.885, 107, 0, 0.184109, 

664.885, 108, 0, 0.184109, 

664.885, 109, 0, 0.184109, 

664.885, 110, 0, 0.184109, 

664.885, 111, 0, 0.184109, 

664.885, 112, 0, 0.184109, 

664.885, 113, 0, 0.184109, 

664.885, 114, 0, 0.184109, 

664.885, 115, 0, 0.184109, 

664.885, 116, 0, 0.184109, 

664.885, 117, 0, 0.184109, 

664.885, 118, 0, 0.184109, 

664.885, 119, 0, 0.184109, 

670.316, 0, 0, 0.184109, 

670.316, 1, 0, 0.184109, 

670.316, 2, 0, 0.184109, 

670.316, 3, 0, 0.184109, 

670.316, 4, 0, 0.184109, 

670.316, 5, 0, 0.184109, 

670.316, 6, 0, 0.184109, 

670.316, 7, 0, 0.184109, 

670.316, 8, 0, 0.184109, 

670.316, 9, 0, 0.184109, 

670.316, 10, 0, 0.184109, 

670.316, 11, 0, 0.184109, 

670.316, 12, 0, 0.184109, 

670.316, 13, 0, 0.184109, 

670.316, 14, 0, 0.184109, 

670.316, 15, 0, 0.184109, 

670.316, 16, 0, 0.184109, 

670.316, 17, 0, 0.184109, 

670.316, 18, 0, 0.184109, 

670.316, 19, 0, 0.184109, 

670.316, 20, 0, 0.184109, 

670.316, 21, 0, 0.184109, 

670.316, 22, 0, 0.184109, 

670.316, 23, 0, 0.184109, 

670.316, 24, 0, 0.184109, 

670.316, 25, 0, 0.184109, 

670.316, 26, 0, 0.184109, 

670.316, 27, 0, 0.184109, 

670.316, 28, 0, 0.184109, 

670.316, 29, 0, 0.184109, 

670.316, 30, 0, 0.184109, 

670.316, 31, 0, 0.184109, 

670.316, 32, 0, 0.184109, 

670.316, 33, 0, 0.184109, 

670.316, 34, 0, 0.184109, 

670.316, 35, 0, 0.184109, 

670.316, 36, 0, 0.184109, 

670.316, 37, 0, 0.184109, 

670.316, 38, 0, 0.184109, 

670.316, 39, 0, 0.184109, 

670.316, 40, 0, 0.184109, 

670.316, 41, 0, 0.184109, 

670.316, 42, 0, 0.184109, 

670.316, 43, 0, 0.184109, 

670.316, 44, 0, 0.184109, 

670.316, 45, 0, 0.184109, 

670.316, 46, 0, 0.184109, 

670.316, 47, 0, 0.184109, 

670.316, 48, 0, 0.184109, 

670.316, 49, 0, 0.184109, 

670.316, 50, 0, 0.184109, 

670.316, 51, 0, 0.184109, 

670.316, 52, 0, 0.184109, 

670.316, 53, 0, 0.184109, 

670.316, 54, 0, 0.184109, 

670.316, 55, 0, 0.184109, 

670.316, 56, 0, 0.184109, 

670.316, 57, 0, 0.184109, 

670.316, 58, 0, 0.184109, 

670.316, 59, 0, 0.184109, 

670.316, 60, 0, 0.184109, 

670.316, 61, 0, 0.184109, 

670.316, 62, 0, 0.184109, 

670.316, 63, 0, 0.184109, 

670.316, 64, 0, 0.184109, 

670.316, 65, 0, 0.184109, 

670.316, 66, 0, 0.184109, 

670.316, 67, 0, 0.184109, 

670.316, 68, 0, 0.184109, 

670.316, 69, 0, 0.184109, 

670.316, 70, 0, 0.184109, 

670.316, 71, 0, 0.184109, 

670.316, 72, 0, 0.184109, 

670.316, 73, 0, 0.184109, 

670.316, 74, 0, 0.184109, 

670.316, 75, 0, 0.184109, 

670.316, 76, 0, 0.184109, 

670.316, 77, 0, 0.184109, 

670.316, 78, 0, 0.184109, 

670.316, 79, 0, 0.184109, 

670.316, 80, 0, 0.184109, 

670.316, 81, 0, 0.184109, 

670.316, 82, 0, 0.184109, 

670.316, 83, 0, 0.184109, 

670.316, 84, 0, 0.184109, 

670.316, 85, 0, 0.184109, 

670.316, 86, 0, 0.184109, 

670.316, 87, 0, 0.184109, 

670.316, 88, 0, 0.184109, 

670.316, 89, 0, 0.184109, 

670.316, 90, 0, 0.184109, 

670.316, 91, 0, 0.184109, 

670.316, 92, 0, 0.184109, 

670.316, 93, 0, 0.184109, 

670.316, 94, 0, 0.184109, 

670.316, 95, 0, 0.184109, 

670.316, 96, 0, 0.184109, 

670.316, 97, 0, 0.184109, 

670.316, 98, 0, 0.184109, 

670.316, 99, 0, 0.184109, 

670.316, 100, 0, 0.184109, 

670.316, 101, 0, 0.184109, 

670.316, 102, 0, 0.184109, 

670.316, 103, 0, 0.184109, 

670.316, 104, 0, 0.184109, 

670.316, 105, 0, 0.184109, 

670.316, 106, 0, 0.184109, 

670.316, 107, 0, 0.184109, 

670.316, 108, 0, 0.184109, 

670.316, 109, 0, 0.184109, 

670.316, 110, 0, 0.184109, 

670.316, 111, 0, 0.184109, 

670.316, 112, 0, 0.184109, 

670.316, 113, 0, 0.184109, 

670.316, 114, 0, 0.184109, 

670.316, 115, 0, 0.184109, 

670.316, 116, 0, 0.184109, 

670.316, 117, 0, 0.184109, 

670.316, 118, 0, 0.184109, 

670.316, 119, 0, 0.184109, 

675.746, 0, 0, 0.184109, 

675.746, 1, 0, 0.184109, 

675.746, 2, 0, 0.184109, 

675.746, 3, 0, 0.184109, 

675.746, 4, 0, 0.184109, 

675.746, 5, 0, 0.184109, 

675.746, 6, 0, 0.184109, 

675.746, 7, 0, 0.184109, 

675.746, 8, 0, 0.184109, 

675.746, 9, 0, 0.184109, 

675.746, 10, 0, 0.184109, 

675.746, 11, 0, 0.184109, 

675.746, 12, 0, 0.184109, 

675.746, 13, 0, 0.184109, 

675.746, 14, 0, 0.184109, 

675.746, 15, 0, 0.184109, 

675.746, 16, 0, 0.184109, 

675.746, 17, 0, 0.184109, 

675.746, 18, 0, 0.184109, 

675.746, 19, 0, 0.184109, 

675.746, 20, 0, 0.184109, 

675.746, 21, 0, 0.184109, 

675.746, 22, 0, 0.184109, 

675.746, 23, 0, 0.184109, 

675.746, 24, 0, 0.184109, 

675.746, 25, 0, 0.184109, 

675.746, 26, 0, 0.184109, 

675.746, 27, 0, 0.184109, 

675.746, 28, 0, 0.184109, 

675.746, 29, 0, 0.184109, 

675.746, 30, 0, 0.184109, 

675.746, 31, 0, 0.184109, 

675.746, 32, 0, 0.184109, 

675.746, 33, 0, 0.184109, 

675.746, 34, 0, 0.184109, 

675.746, 35, 0, 0.184109, 

675.746, 36, 0, 0.184109, 

675.746, 37, 0, 0.184109, 

675.746, 38, 0, 0.184109, 

675.746, 39, 0, 0.184109, 

675.746, 40, 0, 0.184109, 

675.746, 41, 0, 0.184109, 

675.746, 42, 0, 0.184109, 

675.746, 43, 0, 0.184109, 

675.746, 44, 0, 0.184109, 

675.746, 45, 0, 0.184109, 

675.746, 46, 0, 0.184109, 

675.746, 47, 0, 0.184109, 

675.746, 48, 0, 0.184109, 

675.746, 49, 0, 0.184109, 

675.746, 50, 0, 0.184109, 

675.746, 51, 0, 0.184109, 

675.746, 52, 0, 0.184109, 

675.746, 53, 0, 0.184109, 

675.746, 54, 0, 0.184109, 

675.746, 55, 0, 0.184109, 

675.746, 56, 0, 0.184109, 

675.746, 57, 0, 0.184109, 

675.746, 58, 0, 0.184109, 

675.746, 59, 0, 0.184109, 

675.746, 60, 0, 0.184109, 

675.746, 61, 0, 0.184109, 

675.746, 62, 0, 0.184109, 

675.746, 63, 0, 0.184109, 

675.746, 64, 0, 0.184109, 

675.746, 65, 0, 0.184109, 

675.746, 66, 0, 0.184109, 

675.746, 67, 0, 0.184109, 

675.746, 68, 0, 0.184109, 

675.746, 69, 0, 0.184109, 

675.746, 70, 0, 0.184109, 

675.746, 71, 0, 0.184109, 

675.746, 72, 0, 0.184109, 

675.746, 73, 0, 0.184109, 

675.746, 74, 0, 0.184109, 

675.746, 75, 0, 0.184109, 

675.746, 76, 0, 0.184109, 

675.746, 77, 0, 0.184109, 

675.746, 78, 0, 0.184109, 

675.746, 79, 0, 0.184109, 

675.746, 80, 0, 0.184109, 

675.746, 81, 0, 0.184109, 

675.746, 82, 0, 0.184109, 

675.746, 83, 0, 0.184109, 

675.746, 84, 0, 0.184109, 

675.746, 85, 0, 0.184109, 

675.746, 86, 0, 0.184109, 

675.746, 87, 0, 0.184109, 

675.746, 88, 0, 0.184109, 

675.746, 89, 0, 0.184109, 

675.746, 90, 0, 0.184109, 

675.746, 91, 0, 0.184109, 

675.746, 92, 0, 0.184109, 

675.746, 93, 0, 0.184109, 

675.746, 94, 0, 0.184109, 

675.746, 95, 0, 0.184109, 

675.746, 96, 0, 0.184109, 

675.746, 97, 0, 0.184109, 

675.746, 98, 0, 0.184109, 

675.746, 99, 0, 0.184109, 

675.746, 100, 0, 0.184109, 

675.746, 101, 0, 0.184109, 

675.746, 102, 0, 0.184109, 

675.746, 103, 0, 0.184109, 

675.746, 104, 0, 0.184109, 

675.746, 105, 0, 0.184109, 

675.746, 106, 0, 0.184109, 

675.746, 107, 0, 0.184109, 

675.746, 108, 0, 0.184109, 

675.746, 109, 0, 0.184109, 

675.746, 110, 0, 0.184109, 

675.746, 111, 0, 0.184109, 

675.746, 112, 0, 0.184109, 

675.746, 113, 0, 0.184109, 

675.746, 114, 0, 0.184109, 

675.746, 115, 0, 0.184109, 

675.746, 116, 0, 0.184109, 

675.746, 117, 0, 0.184109, 

675.746, 118, 0, 0.184109, 

675.746, 119, 0, 0.184109, 

681.177, 0, 0, 0.184109, 

681.177, 1, 0, 0.184109, 

681.177, 2, 0, 0.184109, 

681.177, 3, 0, 0.184109, 

681.177, 4, 0, 0.184109, 

681.177, 5, 0, 0.184109, 

681.177, 6, 0, 0.184109, 

681.177, 7, 0, 0.184109, 

681.177, 8, 0, 0.184109, 

681.177, 9, 0, 0.184109, 

681.177, 10, 0, 0.184109, 

681.177, 11, 0, 0.184109, 

681.177, 12, 0, 0.184109, 

681.177, 13, 0, 0.184109, 

681.177, 14, 0, 0.184109, 

681.177, 15, 0, 0.184109, 

681.177, 16, 0, 0.184109, 

681.177, 17, 0, 0.184109, 

681.177, 18, 0, 0.184109, 

681.177, 19, 0, 0.184109, 

681.177, 20, 0, 0.184109, 

681.177, 21, 0, 0.184109, 

681.177, 22, 0, 0.184109, 

681.177, 23, 0, 0.184109, 

681.177, 24, 0, 0.184109, 

681.177, 25, 0, 0.184109, 

681.177, 26, 0, 0.184109, 

681.177, 27, 0, 0.184109, 

681.177, 28, 0, 0.184109, 

681.177, 29, 0, 0.184109, 

681.177, 30, 0, 0.184109, 

681.177, 31, 0, 0.184109, 

681.177, 32, 0, 0.184109, 

681.177, 33, 0, 0.184109, 

681.177, 34, 0, 0.184109, 

681.177, 35, 0, 0.184109, 

681.177, 36, 0, 0.184109, 

681.177, 37, 0, 0.184109, 

681.177, 38, 0, 0.184109, 

681.177, 39, 0, 0.184109, 

681.177, 40, 0, 0.184109, 

681.177, 41, 0, 0.184109, 

681.177, 42, 0, 0.184109, 

681.177, 43, 0, 0.184109, 

681.177, 44, 0, 0.184109, 

681.177, 45, 0, 0.184109, 

681.177, 46, 0, 0.184109, 

681.177, 47, 0, 0.184109, 

681.177, 48, 0, 0.184109, 

681.177, 49, 0, 0.184109, 

681.177, 50, 0, 0.184109, 

681.177, 51, 0, 0.184109, 

681.177, 52, 0, 0.184109, 

681.177, 53, 0, 0.184109, 

681.177, 54, 0, 0.184109, 

681.177, 55, 0, 0.184109, 

681.177, 56, 0, 0.184109, 

681.177, 57, 0, 0.184109, 

681.177, 58, 0, 0.184109, 

681.177, 59, 0, 0.184109, 

681.177, 60, 0, 0.184109, 

681.177, 61, 0, 0.184109, 

681.177, 62, 0, 0.184109, 

681.177, 63, 0, 0.184109, 

681.177, 64, 0, 0.184109, 

681.177, 65, 0, 0.184109, 

681.177, 66, 0, 0.184109, 

681.177, 67, 0, 0.184109, 

681.177, 68, 0, 0.184109, 

681.177, 69, 0, 0.184109, 

681.177, 70, 0, 0.184109, 

681.177, 71, 0, 0.184109, 

681.177, 72, 0, 0.184109, 

681.177, 73, 0, 0.184109, 

681.177, 74, 0, 0.184109, 

681.177, 75, 0, 0.184109, 

681.177, 76, 0, 0.184109, 

681.177, 77, 0, 0.184109, 

681.177, 78, 0, 0.184109, 

681.177, 79, 0, 0.184109, 

681.177, 80, 0, 0.184109, 

681.177, 81, 0, 0.184109, 

681.177, 82, 0, 0.184109, 

681.177, 83, 0, 0.184109, 

681.177, 84, 0, 0.184109, 

681.177, 85, 0, 0.184109, 

681.177, 86, 0, 0.184109, 

681.177, 87, 0, 0.184109, 

681.177, 88, 0, 0.184109, 

681.177, 89, 0, 0.184109, 

681.177, 90, 0, 0.184109, 

681.177, 91, 0, 0.184109, 

681.177, 92, 0, 0.184109, 

681.177, 93, 0, 0.184109, 

681.177, 94, 0, 0.184109, 

681.177, 95, 0, 0.184109, 

681.177, 96, 0, 0.184109, 

681.177, 97, 0, 0.184109, 

681.177, 98, 0, 0.184109, 

681.177, 99, 0, 0.184109, 

681.177, 100, 0, 0.184109, 

681.177, 101, 0, 0.184109, 

681.177, 102, 0, 0.184109, 

681.177, 103, 0, 0.184109, 

681.177, 104, 0, 0.184109, 

681.177, 105, 0, 0.184109, 

681.177, 106, 0, 0.184109, 

681.177, 107, 0, 0.184109, 

681.177, 108, 0, 0.184109, 

681.177, 109, 0, 0.184109, 

681.177, 110, 0, 0.184109, 

681.177, 111, 0, 0.184109, 

681.177, 112, 0, 0.184109, 

681.177, 113, 0, 0.184109, 

681.177, 114, 0, 0.184109, 

681.177, 115, 0, 0.184109, 

681.177, 116, 0, 0.184109, 

681.177, 117, 0, 0.184109, 

681.177, 118, 0, 0.184109, 

681.177, 119, 0, 0.184109, 

686.607, 0, 0, 0.184109, 

686.607, 1, 0, 0.184109, 

686.607, 2, 0, 0.184109, 

686.607, 3, 0, 0.184109, 

686.607, 4, 0, 0.184109, 

686.607, 5, 0, 0.184109, 

686.607, 6, 0, 0.184109, 

686.607, 7, 0, 0.184109, 

686.607, 8, 0, 0.184109, 

686.607, 9, 0, 0.184109, 

686.607, 10, 0, 0.184109, 

686.607, 11, 0, 0.184109, 

686.607, 12, 0, 0.184109, 

686.607, 13, 0, 0.184109, 

686.607, 14, 0, 0.184109, 

686.607, 15, 0, 0.184109, 

686.607, 16, 0, 0.184109, 

686.607, 17, 0, 0.184109, 

686.607, 18, 0, 0.184109, 

686.607, 19, 0, 0.184109, 

686.607, 20, 0, 0.184109, 

686.607, 21, 0, 0.184109, 

686.607, 22, 0, 0.184109, 

686.607, 23, 0, 0.184109, 

686.607, 24, 0, 0.184109, 

686.607, 25, 0, 0.184109, 

686.607, 26, 0, 0.184109, 

686.607, 27, 0, 0.184109, 

686.607, 28, 0, 0.184109, 

686.607, 29, 0, 0.184109, 

686.607, 30, 0, 0.184109, 

686.607, 31, 0, 0.184109, 

686.607, 32, 0, 0.184109, 

686.607, 33, 0, 0.184109, 

686.607, 34, 0, 0.184109, 

686.607, 35, 0, 0.184109, 

686.607, 36, 0, 0.184109, 

686.607, 37, 0, 0.184109, 

686.607, 38, 0, 0.184109, 

686.607, 39, 0, 0.184109, 

686.607, 40, 0, 0.184109, 

686.607, 41, 0, 0.184109, 

686.607, 42, 0, 0.184109, 

686.607, 43, 0, 0.184109, 

686.607, 44, 0, 0.184109, 

686.607, 45, 0, 0.184109, 

686.607, 46, 0, 0.184109, 

686.607, 47, 0, 0.184109, 

686.607, 48, 0, 0.184109, 

686.607, 49, 0, 0.184109, 

686.607, 50, 0, 0.184109, 

686.607, 51, 0, 0.184109, 

686.607, 52, 0, 0.184109, 

686.607, 53, 0, 0.184109, 

686.607, 54, 0, 0.184109, 

686.607, 55, 0, 0.184109, 

686.607, 56, 0, 0.184109, 

686.607, 57, 0, 0.184109, 

686.607, 58, 0, 0.184109, 

686.607, 59, 0, 0.184109, 

686.607, 60, 0, 0.184109, 

686.607, 61, 0, 0.184109, 

686.607, 62, 0, 0.184109, 

686.607, 63, 0, 0.184109, 

686.607, 64, 0, 0.184109, 

686.607, 65, 0, 0.184109, 

686.607, 66, 0, 0.184109, 

686.607, 67, 0, 0.184109, 

686.607, 68, 0, 0.184109, 

686.607, 69, 0, 0.184109, 

686.607, 70, 0, 0.184109, 

686.607, 71, 0, 0.184109, 

686.607, 72, 0, 0.184109, 

686.607, 73, 0, 0.184109, 

686.607, 74, 0, 0.184109, 

686.607, 75, 0, 0.184109, 

686.607, 76, 0, 0.184109, 

686.607, 77, 0, 0.184109, 

686.607, 78, 0, 0.184109, 

686.607, 79, 0, 0.184109, 

686.607, 80, 0, 0.184109, 

686.607, 81, 0, 0.184109, 

686.607, 82, 0, 0.184109, 

686.607, 83, 0, 0.184109, 

686.607, 84, 0, 0.184109, 

686.607, 85, 0, 0.184109, 

686.607, 86, 0, 0.184109, 

686.607, 87, 0, 0.184109, 

686.607, 88, 0, 0.184109, 

686.607, 89, 0, 0.184109, 

686.607, 90, 0, 0.184109, 

686.607, 91, 0, 0.184109, 

686.607, 92, 0, 0.184109, 

686.607, 93, 0, 0.184109, 

686.607, 94, 0, 0.184109, 

686.607, 95, 0, 0.184109, 

686.607, 96, 0, 0.184109, 

686.607, 97, 0, 0.184109, 

686.607, 98, 0, 0.184109, 

686.607, 99, 0, 0.184109, 

686.607, 100, 0, 0.184109, 

686.607, 101, 0, 0.184109, 

686.607, 102, 0, 0.184109, 

686.607, 103, 0, 0.184109, 

686.607, 104, 0, 0.184109, 

686.607, 105, 0, 0.184109, 

686.607, 106, 0, 0.184109, 

686.607, 107, 0, 0.184109, 

686.607, 108, 0, 0.184109, 

686.607, 109, 0, 0.184109, 

686.607, 110, 0, 0.184109, 

686.607, 111, 0, 0.184109, 

686.607, 112, 0, 0.184109, 

686.607, 113, 0, 0.184109, 

686.607, 114, 0, 0.184109, 

686.607, 115, 0, 0.184109, 

686.607, 116, 0, 0.184109, 

686.607, 117, 0, 0.184109, 

686.607, 118, 0, 0.184109, 

686.607, 119, 0, 0.184109, 

692.037, 0, 0, 0.184109, 

692.037, 1, 0, 0.184109, 

692.037, 2, 0, 0.184109, 

692.037, 3, 0, 0.184109, 

692.037, 4, 0, 0.184109, 

692.037, 5, 0, 0.184109, 

692.037, 6, 0, 0.184109, 

692.037, 7, 0, 0.184109, 

692.037, 8, 0, 0.184109, 

692.037, 9, 0, 0.184109, 

692.037, 10, 0, 0.184109, 

692.037, 11, 0, 0.184109, 

692.037, 12, 0, 0.184109, 

692.037, 13, 0, 0.184109, 

692.037, 14, 0, 0.184109, 

692.037, 15, 0, 0.184109, 

692.037, 16, 0, 0.184109, 

692.037, 17, 0, 0.184109, 

692.037, 18, 0, 0.184109, 

692.037, 19, 0, 0.184109, 

692.037, 20, 0, 0.184109, 

692.037, 21, 0, 0.184109, 

692.037, 22, 0, 0.184109, 

692.037, 23, 0, 0.184109, 

692.037, 24, 0, 0.184109, 

692.037, 25, 0, 0.184109, 

692.037, 26, 0, 0.184109, 

692.037, 27, 0, 0.184109, 

692.037, 28, 0, 0.184109, 

692.037, 29, 0, 0.184109, 

692.037, 30, 0, 0.184109, 

692.037, 31, 0, 0.184109, 

692.037, 32, 0, 0.184109, 

692.037, 33, 0, 0.184109, 

692.037, 34, 0, 0.184109, 

692.037, 35, 0, 0.184109, 

692.037, 36, 0, 0.184109, 

692.037, 37, 0, 0.184109, 

692.037, 38, 0, 0.184109, 

692.037, 39, 0, 0.184109, 

692.037, 40, 0, 0.184109, 

692.037, 41, 0, 0.184109, 

692.037, 42, 0, 0.184109, 

692.037, 43, 0, 0.184109, 

692.037, 44, 0, 0.184109, 

692.037, 45, 0, 0.184109, 

692.037, 46, 0, 0.184109, 

692.037, 47, 0, 0.184109, 

692.037, 48, 0, 0.184109, 

692.037, 49, 0, 0.184109, 

692.037, 50, 0, 0.184109, 

692.037, 51, 0, 0.184109, 

692.037, 52, 0, 0.184109, 

692.037, 53, 0, 0.184109, 

692.037, 54, 0, 0.184109, 

692.037, 55, 0, 0.184109, 

692.037, 56, 0, 0.184109, 

692.037, 57, 0, 0.184109, 

692.037, 58, 0, 0.184109, 

692.037, 59, 0, 0.184109, 

692.037, 60, 0, 0.184109, 

692.037, 61, 0, 0.184109, 

692.037, 62, 0, 0.184109, 

692.037, 63, 0, 0.184109, 

692.037, 64, 0, 0.184109, 

692.037, 65, 0, 0.184109, 

692.037, 66, 0, 0.184109, 

692.037, 67, 0, 0.184109, 

692.037, 68, 0, 0.184109, 

692.037, 69, 0, 0.184109, 

692.037, 70, 0, 0.184109, 

692.037, 71, 0, 0.184109, 

692.037, 72, 0, 0.184109, 

692.037, 73, 0, 0.184109, 

692.037, 74, 0, 0.184109, 

692.037, 75, 0, 0.184109, 

692.037, 76, 0, 0.184109, 

692.037, 77, 0, 0.184109, 

692.037, 78, 0, 0.184109, 

692.037, 79, 0, 0.184109, 

692.037, 80, 0, 0.184109, 

692.037, 81, 0, 0.184109, 

692.037, 82, 0, 0.184109, 

692.037, 83, 0, 0.184109, 

692.037, 84, 0, 0.184109, 

692.037, 85, 0, 0.184109, 

692.037, 86, 0, 0.184109, 

692.037, 87, 0, 0.184109, 

692.037, 88, 0, 0.184109, 

692.037, 89, 0, 0.184109, 

692.037, 90, 0, 0.184109, 

692.037, 91, 0, 0.184109, 

692.037, 92, 0, 0.184109, 

692.037, 93, 0, 0.184109, 

692.037, 94, 0, 0.184109, 

692.037, 95, 0, 0.184109, 

692.037, 96, 0, 0.184109, 

692.037, 97, 0, 0.184109, 

692.037, 98, 0, 0.184109, 

692.037, 99, 0, 0.184109, 

692.037, 100, 0, 0.184109, 

692.037, 101, 0, 0.184109, 

692.037, 102, 0, 0.184109, 

692.037, 103, 0, 0.184109, 

692.037, 104, 0, 0.184109, 

692.037, 105, 0, 0.184109, 

692.037, 106, 0, 0.184109, 

692.037, 107, 0, 0.184109, 

692.037, 108, 0, 0.184109, 

692.037, 109, 0, 0.184109, 

692.037, 110, 0, 0.184109, 

692.037, 111, 0, 0.184109, 

692.037, 112, 0, 0.184109, 

692.037, 113, 0, 0.184109, 

692.037, 114, 0, 0.184109, 

692.037, 115, 0, 0.184109, 

692.037, 116, 0, 0.184109, 

692.037, 117, 0, 0.184109, 

692.037, 118, 0, 0.184109, 

692.037, 119, 0, 0.184109, 

697.468, 0, 0, 0.184109, 

697.468, 1, 0, 0.184109, 

697.468, 2, 0, 0.184109, 

697.468, 3, 0, 0.184109, 

697.468, 4, 0, 0.184109, 

697.468, 5, 0, 0.184109, 

697.468, 6, 0, 0.184109, 

697.468, 7, 0, 0.184109, 

697.468, 8, 0, 0.184109, 

697.468, 9, 0, 0.184109, 

697.468, 10, 0, 0.184109, 

697.468, 11, 0, 0.184109, 

697.468, 12, 0, 0.184109, 

697.468, 13, 0, 0.184109, 

697.468, 14, 0, 0.184109, 

697.468, 15, 0, 0.184109, 

697.468, 16, 0, 0.184109, 

697.468, 17, 0, 0.184109, 

697.468, 18, 0, 0.184109, 

697.468, 19, 0, 0.184109, 

697.468, 20, 0, 0.184109, 

697.468, 21, 0, 0.184109, 

697.468, 22, 0, 0.184109, 

697.468, 23, 0, 0.184109, 

697.468, 24, 0, 0.184109, 

697.468, 25, 0, 0.184109, 

697.468, 26, 0, 0.184109, 

697.468, 27, 0, 0.184109, 

697.468, 28, 0, 0.184109, 

697.468, 29, 0, 0.184109, 

697.468, 30, 0, 0.184109, 

697.468, 31, 0, 0.184109, 

697.468, 32, 0, 0.184109, 

697.468, 33, 0, 0.184109, 

697.468, 34, 0, 0.184109, 

697.468, 35, 0, 0.184109, 

697.468, 36, 0, 0.184109, 

697.468, 37, 0, 0.184109, 

697.468, 38, 0, 0.184109, 

697.468, 39, 0, 0.184109, 

697.468, 40, 0, 0.184109, 

697.468, 41, 0, 0.184109, 

697.468, 42, 0, 0.184109, 

697.468, 43, 0, 0.184109, 

697.468, 44, 0, 0.184109, 

697.468, 45, 0, 0.184109, 

697.468, 46, 0, 0.184109, 

697.468, 47, 0, 0.184109, 

697.468, 48, 0, 0.184109, 

697.468, 49, 0, 0.184109, 

697.468, 50, 0, 0.184109, 

697.468, 51, 0, 0.184109, 

697.468, 52, 0, 0.184109, 

697.468, 53, 0, 0.184109, 

697.468, 54, 0, 0.184109, 

697.468, 55, 0, 0.184109, 

697.468, 56, 0, 0.184109, 

697.468, 57, 0, 0.184109, 

697.468, 58, 0, 0.184109, 

697.468, 59, 0, 0.184109, 

697.468, 60, 0, 0.184109, 

697.468, 61, 0, 0.184109, 

697.468, 62, 0, 0.184109, 

697.468, 63, 0, 0.184109, 

697.468, 64, 0, 0.184109, 

697.468, 65, 0, 0.184109, 

697.468, 66, 0, 0.184109, 

697.468, 67, 0, 0.184109, 

697.468, 68, 0, 0.184109, 

697.468, 69, 0, 0.184109, 

697.468, 70, 0, 0.184109, 

697.468, 71, 0, 0.184109, 

697.468, 72, 0, 0.184109, 

697.468, 73, 0, 0.184109, 

697.468, 74, 0, 0.184109, 

697.468, 75, 0, 0.184109, 

697.468, 76, 0, 0.184109, 

697.468, 77, 0, 0.184109, 

697.468, 78, 0, 0.184109, 

697.468, 79, 0, 0.184109, 

697.468, 80, 0, 0.184109, 

697.468, 81, 0, 0.184109, 

697.468, 82, 0, 0.184109, 

697.468, 83, 0, 0.184109, 

697.468, 84, 0, 0.184109, 

697.468, 85, 0, 0.184109, 

697.468, 86, 0, 0.184109, 

697.468, 87, 0, 0.184109, 

697.468, 88, 0, 0.184109, 

697.468, 89, 0, 0.184109, 

697.468, 90, 0, 0.184109, 

697.468, 91, 0, 0.184109, 

697.468, 92, 0, 0.184109, 

697.468, 93, 0, 0.184109, 

697.468, 94, 0, 0.184109, 

697.468, 95, 0, 0.184109, 

697.468, 96, 0, 0.184109, 

697.468, 97, 0, 0.184109, 

697.468, 98, 0, 0.184109, 

697.468, 99, 0, 0.184109, 

697.468, 100, 0, 0.184109, 

697.468, 101, 0, 0.184109, 

697.468, 102, 0, 0.184109, 

697.468, 103, 0, 0.184109, 

697.468, 104, 0, 0.184109, 

697.468, 105, 0, 0.184109, 

697.468, 106, 0, 0.184109, 

697.468, 107, 0, 0.184109, 

697.468, 108, 0, 0.184109, 

697.468, 109, 0, 0.184109, 

697.468, 110, 0, 0.184109, 

697.468, 111, 0, 0.184109, 

697.468, 112, 0, 0.184109, 

697.468, 113, 0, 0.184109, 

697.468, 114, 0, 0.184109, 

697.468, 115, 0, 0.184109, 

697.468, 116, 0, 0.184109, 

697.468, 117, 0, 0.184109, 

697.468, 118, 0, 0.184109, 

697.468, 119, 0, 0.184109, 

702.898, 0, 0, 0.184109, 

702.898, 1, 0, 0.184109, 

702.898, 2, 0, 0.184109, 

702.898, 3, 0, 0.184109, 

702.898, 4, 0, 0.184109, 

702.898, 5, 0, 0.184109, 

702.898, 6, 0, 0.184109, 

702.898, 7, 0, 0.184109, 

702.898, 8, 0, 0.184109, 

702.898, 9, 0, 0.184109, 

702.898, 10, 0, 0.184109, 

702.898, 11, 0, 0.184109, 

702.898, 12, 0, 0.184109, 

702.898, 13, 0, 0.184109, 

702.898, 14, 0, 0.184109, 

702.898, 15, 0, 0.184109, 

702.898, 16, 0, 0.184109, 

702.898, 17, 0, 0.184109, 

702.898, 18, 0, 0.184109, 

702.898, 19, 0, 0.184109, 

702.898, 20, 0, 0.184109, 

702.898, 21, 0, 0.184109, 

702.898, 22, 0, 0.184109, 

702.898, 23, 0, 0.184109, 

702.898, 24, 0, 0.184109, 

702.898, 25, 0, 0.184109, 

702.898, 26, 0, 0.184109, 

702.898, 27, 0, 0.184109, 

702.898, 28, 0, 0.184109, 

702.898, 29, 0, 0.184109, 

702.898, 30, 0, 0.184109, 

702.898, 31, 0, 0.184109, 

702.898, 32, 0, 0.184109, 

702.898, 33, 0, 0.184109, 

702.898, 34, 0, 0.184109, 

702.898, 35, 0, 0.184109, 

702.898, 36, 0, 0.184109, 

702.898, 37, 0, 0.184109, 

702.898, 38, 0, 0.184109, 

702.898, 39, 0, 0.184109, 

702.898, 40, 0, 0.184109, 

702.898, 41, 0, 0.184109, 

702.898, 42, 0, 0.184109, 

702.898, 43, 0, 0.184109, 

702.898, 44, 0, 0.184109, 

702.898, 45, 0, 0.184109, 

702.898, 46, 0, 0.184109, 

702.898, 47, 0, 0.184109, 

702.898, 48, 0, 0.184109, 

702.898, 49, 0, 0.184109, 

702.898, 50, 0, 0.184109, 

702.898, 51, 0, 0.184109, 

702.898, 52, 0, 0.184109, 

702.898, 53, 0, 0.184109, 

702.898, 54, 0, 0.184109, 

702.898, 55, 0, 0.184109, 

702.898, 56, 0, 0.184109, 

702.898, 57, 0, 0.184109, 

702.898, 58, 0, 0.184109, 

702.898, 59, 0, 0.184109, 

702.898, 60, 0, 0.184109, 

702.898, 61, 0, 0.184109, 

702.898, 62, 0, 0.184109, 

702.898, 63, 0, 0.184109, 

702.898, 64, 0, 0.184109, 

702.898, 65, 0, 0.184109, 

702.898, 66, 0, 0.184109, 

702.898, 67, 0, 0.184109, 

702.898, 68, 0, 0.184109, 

702.898, 69, 0, 0.184109, 

702.898, 70, 0, 0.184109, 

702.898, 71, 0, 0.184109, 

702.898, 72, 0, 0.184109, 

702.898, 73, 0, 0.184109, 

702.898, 74, 0, 0.184109, 

702.898, 75, 0, 0.184109, 

702.898, 76, 0, 0.184109, 

702.898, 77, 0, 0.184109, 

702.898, 78, 0, 0.184109, 

702.898, 79, 0, 0.184109, 

702.898, 80, 0, 0.184109, 

702.898, 81, 0, 0.184109, 

702.898, 82, 0, 0.184109, 

702.898, 83, 0, 0.184109, 

702.898, 84, 0, 0.184109, 

702.898, 85, 0, 0.184109, 

702.898, 86, 0, 0.184109, 

702.898, 87, 0, 0.184109, 

702.898, 88, 0, 0.184109, 

702.898, 89, 0, 0.184109, 

702.898, 90, 0, 0.184109, 

702.898, 91, 0, 0.184109, 

702.898, 92, 0, 0.184109, 

702.898, 93, 0, 0.184109, 

702.898, 94, 0, 0.184109, 

702.898, 95, 0, 0.184109, 

702.898, 96, 0, 0.184109, 

702.898, 97, 0, 0.184109, 

702.898, 98, 0, 0.184109, 

702.898, 99, 0, 0.184109, 

702.898, 100, 0, 0.184109, 

702.898, 101, 0, 0.184109, 

702.898, 102, 0, 0.184109, 

702.898, 103, 0, 0.184109, 

702.898, 104, 0, 0.184109, 

702.898, 105, 0, 0.184109, 

702.898, 106, 0, 0.184109, 

702.898, 107, 0, 0.184109, 

702.898, 108, 0, 0.184109, 

702.898, 109, 0, 0.184109, 

702.898, 110, 0, 0.184109, 

702.898, 111, 0, 0.184109, 

702.898, 112, 0, 0.184109, 

702.898, 113, 0, 0.184109, 

702.898, 114, 0, 0.184109, 

702.898, 115, 0, 0.184109, 

702.898, 116, 0, 0.184109, 

702.898, 117, 0, 0.184109, 

702.898, 118, 0, 0.184109, 

702.898, 119, 0, 0.184109, 

708.328, 0, 0, 0.184109, 

708.328, 1, 0, 0.184109, 

708.328, 2, 0, 0.184109, 

708.328, 3, 0, 0.184109, 

708.328, 4, 0, 0.184109, 

708.328, 5, 0, 0.184109, 

708.328, 6, 0, 0.184109, 

708.328, 7, 0, 0.184109, 

708.328, 8, 0, 0.184109, 

708.328, 9, 0, 0.184109, 

708.328, 10, 0, 0.184109, 

708.328, 11, 0, 0.184109, 

708.328, 12, 0, 0.184109, 

708.328, 13, 0, 0.184109, 

708.328, 14, 0, 0.184109, 

708.328, 15, 0, 0.184109, 

708.328, 16, 0, 0.184109, 

708.328, 17, 0, 0.184109, 

708.328, 18, 0, 0.184109, 

708.328, 19, 0, 0.184109, 

708.328, 20, 0, 0.184109, 

708.328, 21, 0, 0.184109, 

708.328, 22, 0, 0.184109, 

708.328, 23, 0, 0.184109, 

708.328, 24, 0, 0.184109, 

708.328, 25, 0, 0.184109, 

708.328, 26, 0, 0.184109, 

708.328, 27, 0, 0.184109, 

708.328, 28, 0, 0.184109, 

708.328, 29, 0, 0.184109, 

708.328, 30, 0, 0.184109, 

708.328, 31, 0, 0.184109, 

708.328, 32, 0, 0.184109, 

708.328, 33, 0, 0.184109, 

708.328, 34, 0, 0.184109, 

708.328, 35, 0, 0.184109, 

708.328, 36, 0, 0.184109, 

708.328, 37, 0, 0.184109, 

708.328, 38, 0, 0.184109, 

708.328, 39, 0, 0.184109, 

708.328, 40, 0, 0.184109, 

708.328, 41, 0, 0.184109, 

708.328, 42, 0, 0.184109, 

708.328, 43, 0, 0.184109, 

708.328, 44, 0, 0.184109, 

708.328, 45, 0, 0.184109, 

708.328, 46, 0, 0.184109, 

708.328, 47, 0, 0.184109, 

708.328, 48, 0, 0.184109, 

708.328, 49, 0, 0.184109, 

708.328, 50, 0, 0.184109, 

708.328, 51, 0, 0.184109, 

708.328, 52, 0, 0.184109, 

708.328, 53, 0, 0.184109, 

708.328, 54, 0, 0.184109, 

708.328, 55, 0, 0.184109, 

708.328, 56, 0, 0.184109, 

708.328, 57, 0, 0.184109, 

708.328, 58, 0, 0.184109, 

708.328, 59, 0, 0.184109, 

708.328, 60, 0, 0.184109, 

708.328, 61, 0, 0.184109, 

708.328, 62, 0, 0.184109, 

708.328, 63, 0, 0.184109, 

708.328, 64, 0, 0.184109, 

708.328, 65, 0, 0.184109, 

708.328, 66, 0, 0.184109, 

708.328, 67, 0, 0.184109, 

708.328, 68, 0, 0.184109, 

708.328, 69, 0, 0.184109, 

708.328, 70, 0, 0.184109, 

708.328, 71, 0, 0.184109, 

708.328, 72, 0, 0.184109, 

708.328, 73, 0, 0.184109, 

708.328, 74, 0, 0.184109, 

708.328, 75, 0, 0.184109, 

708.328, 76, 0, 0.184109, 

708.328, 77, 0, 0.184109, 

708.328, 78, 0, 0.184109, 

708.328, 79, 0, 0.184109, 

708.328, 80, 0, 0.184109, 

708.328, 81, 0, 0.184109, 

708.328, 82, 0, 0.184109, 

708.328, 83, 0, 0.184109, 

708.328, 84, 0, 0.184109, 

708.328, 85, 0, 0.184109, 

708.328, 86, 0, 0.184109, 

708.328, 87, 0, 0.184109, 

708.328, 88, 0, 0.184109, 

708.328, 89, 0, 0.184109, 

708.328, 90, 0, 0.184109, 

708.328, 91, 0, 0.184109, 

708.328, 92, 0, 0.184109, 

708.328, 93, 0, 0.184109, 

708.328, 94, 0, 0.184109, 

708.328, 95, 0, 0.184109, 

708.328, 96, 0, 0.184109, 

708.328, 97, 0, 0.184109, 

708.328, 98, 0, 0.184109, 

708.328, 99, 0, 0.184109, 

708.328, 100, 0, 0.184109, 

708.328, 101, 0, 0.184109, 

708.328, 102, 0, 0.184109, 

708.328, 103, 0, 0.184109, 

708.328, 104, 0, 0.184109, 

708.328, 105, 0, 0.184109, 

708.328, 106, 0, 0.184109, 

708.328, 107, 0, 0.184109, 

708.328, 108, 0, 0.184109, 

708.328, 109, 0, 0.184109, 

708.328, 110, 0, 0.184109, 

708.328, 111, 0, 0.184109, 

708.328, 112, 0, 0.184109, 

708.328, 113, 0, 0.184109, 

708.328, 114, 0, 0.184109, 

708.328, 115, 0, 0.184109, 

708.328, 116, 0, 0.184109, 

708.328, 117, 0, 0.184109, 

708.328, 118, 0, 0.184109, 

708.328, 119, 0, 0.184109, 

713.759, 0, 0, 0.184109, 

713.759, 1, 0, 0.184109, 

713.759, 2, 0, 0.184109, 

713.759, 3, 0, 0.184109, 

713.759, 4, 0, 0.184109, 

713.759, 5, 0, 0.184109, 

713.759, 6, 0, 0.184109, 

713.759, 7, 0, 0.184109, 

713.759, 8, 0, 0.184109, 

713.759, 9, 0, 0.184109, 

713.759, 10, 0, 0.184109, 

713.759, 11, 0, 0.184109, 

713.759, 12, 0, 0.184109, 

713.759, 13, 0, 0.184109, 

713.759, 14, 0, 0.184109, 

713.759, 15, 0, 0.184109, 

713.759, 16, 0, 0.184109, 

713.759, 17, 0, 0.184109, 

713.759, 18, 0, 0.184109, 

713.759, 19, 0, 0.184109, 

713.759, 20, 0, 0.184109, 

713.759, 21, 0, 0.184109, 

713.759, 22, 0, 0.184109, 

713.759, 23, 0, 0.184109, 

713.759, 24, 0, 0.184109, 

713.759, 25, 0, 0.184109, 

713.759, 26, 0, 0.184109, 

713.759, 27, 0, 0.184109, 

713.759, 28, 0, 0.184109, 

713.759, 29, 0, 0.184109, 

713.759, 30, 0, 0.184109, 

713.759, 31, 0, 0.184109, 

713.759, 32, 0, 0.184109, 

713.759, 33, 0, 0.184109, 

713.759, 34, 0, 0.184109, 

713.759, 35, 0, 0.184109, 

713.759, 36, 0, 0.184109, 

713.759, 37, 0, 0.184109, 

713.759, 38, 0, 0.184109, 

713.759, 39, 0, 0.184109, 

713.759, 40, 0, 0.184109, 

713.759, 41, 0, 0.184109, 

713.759, 42, 0, 0.184109, 

713.759, 43, 0, 0.184109, 

713.759, 44, 0, 0.184109, 

713.759, 45, 0, 0.184109, 

713.759, 46, 0, 0.184109, 

713.759, 47, 0, 0.184109, 

713.759, 48, 0, 0.184109, 

713.759, 49, 0, 0.184109, 

713.759, 50, 0, 0.184109, 

713.759, 51, 0, 0.184109, 

713.759, 52, 0, 0.184109, 

713.759, 53, 0, 0.184109, 

713.759, 54, 0, 0.184109, 

713.759, 55, 0, 0.184109, 

713.759, 56, 0, 0.184109, 

713.759, 57, 0, 0.184109, 

713.759, 58, 0, 0.184109, 

713.759, 59, 0, 0.184109, 

713.759, 60, 0, 0.184109, 

713.759, 61, 0, 0.184109, 

713.759, 62, 0, 0.184109, 

713.759, 63, 0, 0.184109, 

713.759, 64, 0, 0.184109, 

713.759, 65, 0, 0.184109, 

713.759, 66, 0, 0.184109, 

713.759, 67, 0, 0.184109, 

713.759, 68, 0, 0.184109, 

713.759, 69, 0, 0.184109, 

713.759, 70, 0, 0.184109, 

713.759, 71, 0, 0.184109, 

713.759, 72, 0, 0.184109, 

713.759, 73, 0, 0.184109, 

713.759, 74, 0, 0.184109, 

713.759, 75, 0, 0.184109, 

713.759, 76, 0, 0.184109, 

713.759, 77, 0, 0.184109, 

713.759, 78, 0, 0.184109, 

713.759, 79, 0, 0.184109, 

713.759, 80, 0, 0.184109, 

713.759, 81, 0, 0.184109, 

713.759, 82, 0, 0.184109, 

713.759, 83, 0, 0.184109, 

713.759, 84, 0, 0.184109, 

713.759, 85, 0, 0.184109, 

713.759, 86, 0, 0.184109, 

713.759, 87, 0, 0.184109, 

713.759, 88, 0, 0.184109, 

713.759, 89, 0, 0.184109, 

713.759, 90, 0, 0.184109, 

713.759, 91, 0, 0.184109, 

713.759, 92, 0, 0.184109, 

713.759, 93, 0, 0.184109, 

713.759, 94, 0, 0.184109, 

713.759, 95, 0, 0.184109, 

713.759, 96, 0, 0.184109, 

713.759, 97, 0, 0.184109, 

713.759, 98, 0, 0.184109, 

713.759, 99, 0, 0.184109, 

713.759, 100, 0, 0.184109, 

713.759, 101, 0, 0.184109, 

713.759, 102, 0, 0.184109, 

713.759, 103, 0, 0.184109, 

713.759, 104, 0, 0.184109, 

713.759, 105, 0, 0.184109, 

713.759, 106, 0, 0.184109, 

713.759, 107, 0, 0.184109, 

713.759, 108, 0, 0.184109, 

713.759, 109, 0, 0.184109, 

713.759, 110, 0, 0.184109, 

713.759, 111, 0, 0.184109, 

713.759, 112, 0, 0.184109, 

713.759, 113, 0, 0.184109, 

713.759, 114, 0, 0.184109, 

713.759, 115, 0, 0.184109, 

713.759, 116, 0, 0.184109, 

713.759, 117, 0, 0.184109, 

713.759, 118, 0, 0.184109, 

713.759, 119, 0, 0.184109, 

719.189, 0, 0, 0.184109, 

719.189, 1, 0, 0.184109, 

719.189, 2, 0, 0.184109, 

719.189, 3, 0, 0.184109, 

719.189, 4, 0, 0.184109, 

719.189, 5, 0, 0.184109, 

719.189, 6, 0, 0.184109, 

719.189, 7, 0, 0.184109, 

719.189, 8, 0, 0.184109, 

719.189, 9, 0, 0.184109, 

719.189, 10, 0, 0.184109, 

719.189, 11, 0, 0.184109, 

719.189, 12, 0, 0.184109, 

719.189, 13, 0, 0.184109, 

719.189, 14, 0, 0.184109, 

719.189, 15, 0, 0.184109, 

719.189, 16, 0, 0.184109, 

719.189, 17, 0, 0.184109, 

719.189, 18, 0, 0.184109, 

719.189, 19, 0, 0.184109, 

719.189, 20, 0, 0.184109, 

719.189, 21, 0, 0.184109, 

719.189, 22, 0, 0.184109, 

719.189, 23, 0, 0.184109, 

719.189, 24, 0, 0.184109, 

719.189, 25, 0, 0.184109, 

719.189, 26, 0, 0.184109, 

719.189, 27, 0, 0.184109, 

719.189, 28, 0, 0.184109, 

719.189, 29, 0, 0.184109, 

719.189, 30, 0, 0.184109, 

719.189, 31, 0, 0.184109, 

719.189, 32, 0, 0.184109, 

719.189, 33, 0, 0.184109, 

719.189, 34, 0, 0.184109, 

719.189, 35, 0, 0.184109, 

719.189, 36, 0, 0.184109, 

719.189, 37, 0, 0.184109, 

719.189, 38, 0, 0.184109, 

719.189, 39, 0, 0.184109, 

719.189, 40, 0, 0.184109, 

719.189, 41, 0, 0.184109, 

719.189, 42, 0, 0.184109, 

719.189, 43, 0, 0.184109, 

719.189, 44, 0, 0.184109, 

719.189, 45, 0, 0.184109, 

719.189, 46, 0, 0.184109, 

719.189, 47, 0, 0.184109, 

719.189, 48, 0, 0.184109, 

719.189, 49, 0, 0.184109, 

719.189, 50, 0, 0.184109, 

719.189, 51, 0, 0.184109, 

719.189, 52, 0, 0.184109, 

719.189, 53, 0, 0.184109, 

719.189, 54, 0, 0.184109, 

719.189, 55, 0, 0.184109, 

719.189, 56, 0, 0.184109, 

719.189, 57, 0, 0.184109, 

719.189, 58, 0, 0.184109, 

719.189, 59, 0, 0.184109, 

719.189, 60, 0, 0.184109, 

719.189, 61, 0, 0.184109, 

719.189, 62, 0, 0.184109, 

719.189, 63, 0, 0.184109, 

719.189, 64, 0, 0.184109, 

719.189, 65, 0, 0.184109, 

719.189, 66, 0, 0.184109, 

719.189, 67, 0, 0.184109, 

719.189, 68, 0, 0.184109, 

719.189, 69, 0, 0.184109, 

719.189, 70, 0, 0.184109, 

719.189, 71, 0, 0.184109, 

719.189, 72, 0, 0.184109, 

719.189, 73, 0, 0.184109, 

719.189, 74, 0, 0.184109, 

719.189, 75, 0, 0.184109, 

719.189, 76, 0, 0.184109, 

719.189, 77, 0, 0.184109, 

719.189, 78, 0, 0.184109, 

719.189, 79, 0, 0.184109, 

719.189, 80, 0, 0.184109, 

719.189, 81, 0, 0.184109, 

719.189, 82, 0, 0.184109, 

719.189, 83, 0, 0.184109, 

719.189, 84, 0, 0.184109, 

719.189, 85, 0, 0.184109, 

719.189, 86, 0, 0.184109, 

719.189, 87, 0, 0.184109, 

719.189, 88, 0, 0.184109, 

719.189, 89, 0, 0.184109, 

719.189, 90, 0, 0.184109, 

719.189, 91, 0, 0.184109, 

719.189, 92, 0, 0.184109, 

719.189, 93, 0, 0.184109, 

719.189, 94, 0, 0.184109, 

719.189, 95, 0, 0.184109, 

719.189, 96, 0, 0.184109, 

719.189, 97, 0, 0.184109, 

719.189, 98, 0, 0.184109, 

719.189, 99, 0, 0.184109, 

719.189, 100, 0, 0.184109, 

719.189, 101, 0, 0.184109, 

719.189, 102, 0, 0.184109, 

719.189, 103, 0, 0.184109, 

719.189, 104, 0, 0.184109, 

719.189, 105, 0, 0.184109, 

719.189, 106, 0, 0.184109, 

719.189, 107, 0, 0.184109, 

719.189, 108, 0, 0.184109, 

719.189, 109, 0, 0.184109, 

719.189, 110, 0, 0.184109, 

719.189, 111, 0, 0.184109, 

719.189, 112, 0, 0.184109, 

719.189, 113, 0, 0.184109, 

719.189, 114, 0, 0.184109, 

719.189, 115, 0, 0.184109, 

719.189, 116, 0, 0.184109, 

719.189, 117, 0, 0.184109, 

719.189, 118, 0, 0.184109, 

719.189, 119, 0, 0.184109, 

724.62, 0, 0, 0.184109, 

724.62, 1, 0, 0.184109, 

724.62, 2, 0, 0.184109, 

724.62, 3, 0, 0.184109, 

724.62, 4, 0, 0.184109, 

724.62, 5, 0, 0.184109, 

724.62, 6, 0, 0.184109, 

724.62, 7, 0, 0.184109, 

724.62, 8, 0, 0.184109, 

724.62, 9, 0, 0.184109, 

724.62, 10, 0, 0.184109, 

724.62, 11, 0, 0.184109, 

724.62, 12, 0, 0.184109, 

724.62, 13, 0, 0.184109, 

724.62, 14, 0, 0.184109, 

724.62, 15, 0, 0.184109, 

724.62, 16, 0, 0.184109, 

724.62, 17, 0, 0.184109, 

724.62, 18, 0, 0.184109, 

724.62, 19, 0, 0.184109, 

724.62, 20, 0, 0.184109, 

724.62, 21, 0, 0.184109, 

724.62, 22, 0, 0.184109, 

724.62, 23, 0, 0.184109, 

724.62, 24, 0, 0.184109, 

724.62, 25, 0, 0.184109, 

724.62, 26, 0, 0.184109, 

724.62, 27, 0, 0.184109, 

724.62, 28, 0, 0.184109, 

724.62, 29, 0, 0.184109, 

724.62, 30, 0, 0.184109, 

724.62, 31, 0, 0.184109, 

724.62, 32, 0, 0.184109, 

724.62, 33, 0, 0.184109, 

724.62, 34, 0, 0.184109, 

724.62, 35, 0, 0.184109, 

724.62, 36, 0, 0.184109, 

724.62, 37, 0, 0.184109, 

724.62, 38, 0, 0.184109, 

724.62, 39, 0, 0.184109, 

724.62, 40, 0, 0.184109, 

724.62, 41, 0, 0.184109, 

724.62, 42, 0, 0.184109, 

724.62, 43, 0, 0.184109, 

724.62, 44, 0, 0.184109, 

724.62, 45, 0, 0.184109, 

724.62, 46, 0, 0.184109, 

724.62, 47, 0, 0.184109, 

724.62, 48, 0, 0.184109, 

724.62, 49, 0, 0.184109, 

724.62, 50, 0, 0.184109, 

724.62, 51, 0, 0.184109, 

724.62, 52, 0, 0.184109, 

724.62, 53, 0, 0.184109, 

724.62, 54, 0, 0.184109, 

724.62, 55, 0, 0.184109, 

724.62, 56, 0, 0.184109, 

724.62, 57, 0, 0.184109, 

724.62, 58, 0, 0.184109, 

724.62, 59, 0, 0.184109, 

724.62, 60, 0, 0.184109, 

724.62, 61, 0, 0.184109, 

724.62, 62, 0, 0.184109, 

724.62, 63, 0, 0.184109, 

724.62, 64, 0, 0.184109, 

724.62, 65, 0, 0.184109, 

724.62, 66, 0, 0.184109, 

724.62, 67, 0, 0.184109, 

724.62, 68, 0, 0.184109, 

724.62, 69, 0, 0.184109, 

724.62, 70, 0, 0.184109, 

724.62, 71, 0, 0.184109, 

724.62, 72, 0, 0.184109, 

724.62, 73, 0, 0.184109, 

724.62, 74, 0, 0.184109, 

724.62, 75, 0, 0.184109, 

724.62, 76, 0, 0.184109, 

724.62, 77, 0, 0.184109, 

724.62, 78, 0, 0.184109, 

724.62, 79, 0, 0.184109, 

724.62, 80, 0, 0.184109, 

724.62, 81, 0, 0.184109, 

724.62, 82, 0, 0.184109, 

724.62, 83, 0, 0.184109, 

724.62, 84, 0, 0.184109, 

724.62, 85, 0, 0.184109, 

724.62, 86, 0, 0.184109, 

724.62, 87, 0, 0.184109, 

724.62, 88, 0, 0.184109, 

724.62, 89, 0, 0.184109, 

724.62, 90, 0, 0.184109, 

724.62, 91, 0, 0.184109, 

724.62, 92, 0, 0.184109, 

724.62, 93, 0, 0.184109, 

724.62, 94, 0, 0.184109, 

724.62, 95, 0, 0.184109, 

724.62, 96, 0, 0.184109, 

724.62, 97, 0, 0.184109, 

724.62, 98, 0, 0.184109, 

724.62, 99, 0, 0.184109, 

724.62, 100, 0, 0.184109, 

724.62, 101, 0, 0.184109, 

724.62, 102, 0, 0.184109, 

724.62, 103, 0, 0.184109, 

724.62, 104, 0, 0.184109, 

724.62, 105, 0, 0.184109, 

724.62, 106, 0, 0.184109, 

724.62, 107, 0, 0.184109, 

724.62, 108, 0, 0.184109, 

724.62, 109, 0, 0.184109, 

724.62, 110, 0, 0.184109, 

724.62, 111, 0, 0.184109, 

724.62, 112, 0, 0.184109, 

724.62, 113, 0, 0.184109, 

724.62, 114, 0, 0.184109, 

724.62, 115, 0, 0.184109, 

724.62, 116, 0, 0.184109, 

724.62, 117, 0, 0.184109, 

724.62, 118, 0, 0.184109, 

724.62, 119, 0, 0.184109, 

730.05, 0, 0, 0.184109, 

730.05, 1, 0, 0.184109, 

730.05, 2, 0, 0.184109, 

730.05, 3, 0, 0.184109, 

730.05, 4, 0, 0.184109, 

730.05, 5, 0, 0.184109, 

730.05, 6, 0, 0.184109, 

730.05, 7, 0, 0.184109, 

730.05, 8, 0, 0.184109, 

730.05, 9, 0, 0.184109, 

730.05, 10, 0, 0.184109, 

730.05, 11, 0, 0.184109, 

730.05, 12, 0, 0.184109, 

730.05, 13, 0, 0.184109, 

730.05, 14, 0, 0.184109, 

730.05, 15, 0, 0.184109, 

730.05, 16, 0, 0.184109, 

730.05, 17, 0, 0.184109, 

730.05, 18, 0, 0.184109, 

730.05, 19, 0, 0.184109, 

730.05, 20, 0, 0.184109, 

730.05, 21, 0, 0.184109, 

730.05, 22, 0, 0.184109, 

730.05, 23, 0, 0.184109, 

730.05, 24, 0, 0.184109, 

730.05, 25, 0, 0.184109, 

730.05, 26, 0, 0.184109, 

730.05, 27, 0, 0.184109, 

730.05, 28, 0, 0.184109, 

730.05, 29, 0, 0.184109, 

730.05, 30, 0, 0.184109, 

730.05, 31, 0, 0.184109, 

730.05, 32, 0, 0.184109, 

730.05, 33, 0, 0.184109, 

730.05, 34, 0, 0.184109, 

730.05, 35, 0, 0.184109, 

730.05, 36, 0, 0.184109, 

730.05, 37, 0, 0.184109, 

730.05, 38, 0, 0.184109, 

730.05, 39, 0, 0.184109, 

730.05, 40, 0, 0.184109, 

730.05, 41, 0, 0.184109, 

730.05, 42, 0, 0.184109, 

730.05, 43, 0, 0.184109, 

730.05, 44, 0, 0.184109, 

730.05, 45, 0, 0.184109, 

730.05, 46, 0, 0.184109, 

730.05, 47, 0, 0.184109, 

730.05, 48, 0, 0.184109, 

730.05, 49, 0, 0.184109, 

730.05, 50, 0, 0.184109, 

730.05, 51, 0, 0.184109, 

730.05, 52, 0, 0.184109, 

730.05, 53, 0, 0.184109, 

730.05, 54, 0, 0.184109, 

730.05, 55, 0, 0.184109, 

730.05, 56, 0, 0.184109, 

730.05, 57, 0, 0.184109, 

730.05, 58, 0, 0.184109, 

730.05, 59, 0, 0.184109, 

730.05, 60, 0, 0.184109, 

730.05, 61, 0, 0.184109, 

730.05, 62, 0, 0.184109, 

730.05, 63, 0, 0.184109, 

730.05, 64, 0, 0.184109, 

730.05, 65, 0, 0.184109, 

730.05, 66, 0, 0.184109, 

730.05, 67, 0, 0.184109, 

730.05, 68, 0, 0.184109, 

730.05, 69, 0, 0.184109, 

730.05, 70, 0, 0.184109, 

730.05, 71, 0, 0.184109, 

730.05, 72, 0, 0.184109, 

730.05, 73, 0, 0.184109, 

730.05, 74, 0, 0.184109, 

730.05, 75, 0, 0.184109, 

730.05, 76, 0, 0.184109, 

730.05, 77, 0, 0.184109, 

730.05, 78, 0, 0.184109, 

730.05, 79, 0, 0.184109, 

730.05, 80, 0, 0.184109, 

730.05, 81, 0, 0.184109, 

730.05, 82, 0, 0.184109, 

730.05, 83, 0, 0.184109, 

730.05, 84, 0, 0.184109, 

730.05, 85, 0, 0.184109, 

730.05, 86, 0, 0.184109, 

730.05, 87, 0, 0.184109, 

730.05, 88, 0, 0.184109, 

730.05, 89, 0, 0.184109, 

730.05, 90, 0, 0.184109, 

730.05, 91, 0, 0.184109, 

730.05, 92, 0, 0.184109, 

730.05, 93, 0, 0.184109, 

730.05, 94, 0, 0.184109, 

730.05, 95, 0, 0.184109, 

730.05, 96, 0, 0.184109, 

730.05, 97, 0, 0.184109, 

730.05, 98, 0, 0.184109, 

730.05, 99, 0, 0.184109, 

730.05, 100, 0, 0.184109, 

730.05, 101, 0, 0.184109, 

730.05, 102, 0, 0.184109, 

730.05, 103, 0, 0.184109, 

730.05, 104, 0, 0.184109, 

730.05, 105, 0, 0.184109, 

730.05, 106, 0, 0.184109, 

730.05, 107, 0, 0.184109, 

730.05, 108, 0, 0.184109, 

730.05, 109, 0, 0.184109, 

730.05, 110, 0, 0.184109, 

730.05, 111, 0, 0.184109, 

730.05, 112, 0, 0.184109, 

730.05, 113, 0, 0.184109, 

730.05, 114, 0, 0.184109, 

730.05, 115, 0, 0.184109, 

730.05, 116, 0, 0.184109, 

730.05, 117, 0, 0.184109, 

730.05, 118, 0, 0.184109, 

730.05, 119, 0, 0.184109, 

735.48, 0, 0, 0.184109, 

735.48, 1, 0, 0.184109, 

735.48, 2, 0, 0.184109, 

735.48, 3, 0, 0.184109, 

735.48, 4, 0, 0.184109, 

735.48, 5, 0, 0.184109, 

735.48, 6, 0, 0.184109, 

735.48, 7, 0, 0.184109, 

735.48, 8, 0, 0.184109, 

735.48, 9, 0, 0.184109, 

735.48, 10, 0, 0.184109, 

735.48, 11, 0, 0.184109, 

735.48, 12, 0, 0.184109, 

735.48, 13, 0, 0.184109, 

735.48, 14, 0, 0.184109, 

735.48, 15, 0, 0.184109, 

735.48, 16, 0, 0.184109, 

735.48, 17, 0, 0.184109, 

735.48, 18, 0, 0.184109, 

735.48, 19, 0, 0.184109, 

735.48, 20, 0, 0.184109, 

735.48, 21, 0, 0.184109, 

735.48, 22, 0, 0.184109, 

735.48, 23, 0, 0.184109, 

735.48, 24, 0, 0.184109, 

735.48, 25, 0, 0.184109, 

735.48, 26, 0, 0.184109, 

735.48, 27, 0, 0.184109, 

735.48, 28, 0, 0.184109, 

735.48, 29, 0, 0.184109, 

735.48, 30, 0, 0.184109, 

735.48, 31, 0, 0.184109, 

735.48, 32, 0, 0.184109, 

735.48, 33, 0, 0.184109, 

735.48, 34, 0, 0.184109, 

735.48, 35, 0, 0.184109, 

735.48, 36, 0, 0.184109, 

735.48, 37, 0, 0.184109, 

735.48, 38, 0, 0.184109, 

735.48, 39, 0, 0.184109, 

735.48, 40, 0, 0.184109, 

735.48, 41, 0, 0.184109, 

735.48, 42, 0, 0.184109, 

735.48, 43, 0, 0.184109, 

735.48, 44, 0, 0.184109, 

735.48, 45, 0, 0.184109, 

735.48, 46, 0, 0.184109, 

735.48, 47, 0, 0.184109, 

735.48, 48, 0, 0.184109, 

735.48, 49, 0, 0.184109, 

735.48, 50, 0, 0.184109, 

735.48, 51, 0, 0.184109, 

735.48, 52, 0, 0.184109, 

735.48, 53, 0, 0.184109, 

735.48, 54, 0, 0.184109, 

735.48, 55, 0, 0.184109, 

735.48, 56, 0, 0.184109, 

735.48, 57, 0, 0.184109, 

735.48, 58, 0, 0.184109, 

735.48, 59, 0, 0.184109, 

735.48, 60, 0, 0.184109, 

735.48, 61, 0, 0.184109, 

735.48, 62, 0, 0.184109, 

735.48, 63, 0, 0.184109, 

735.48, 64, 0, 0.184109, 

735.48, 65, 0, 0.184109, 

735.48, 66, 0, 0.184109, 

735.48, 67, 0, 0.184109, 

735.48, 68, 0, 0.184109, 

735.48, 69, 0, 0.184109, 

735.48, 70, 0, 0.184109, 

735.48, 71, 0, 0.184109, 

735.48, 72, 0, 0.184109, 

735.48, 73, 0, 0.184109, 

735.48, 74, 0, 0.184109, 

735.48, 75, 0, 0.184109, 

735.48, 76, 0, 0.184109, 

735.48, 77, 0, 0.184109, 

735.48, 78, 0, 0.184109, 

735.48, 79, 0, 0.184109, 

735.48, 80, 0, 0.184109, 

735.48, 81, 0, 0.184109, 

735.48, 82, 0, 0.184109, 

735.48, 83, 0, 0.184109, 

735.48, 84, 0, 0.184109, 

735.48, 85, 0, 0.184109, 

735.48, 86, 0, 0.184109, 

735.48, 87, 0, 0.184109, 

735.48, 88, 0, 0.184109, 

735.48, 89, 0, 0.184109, 

735.48, 90, 0, 0.184109, 

735.48, 91, 0, 0.184109, 

735.48, 92, 0, 0.184109, 

735.48, 93, 0, 0.184109, 

735.48, 94, 0, 0.184109, 

735.48, 95, 0, 0.184109, 

735.48, 96, 0, 0.184109, 

735.48, 97, 0, 0.184109, 

735.48, 98, 0, 0.184109, 

735.48, 99, 0, 0.184109, 

735.48, 100, 0, 0.184109, 

735.48, 101, 0, 0.184109, 

735.48, 102, 0, 0.184109, 

735.48, 103, 0, 0.184109, 

735.48, 104, 0, 0.184109, 

735.48, 105, 0, 0.184109, 

735.48, 106, 0, 0.184109, 

735.48, 107, 0, 0.184109, 

735.48, 108, 0, 0.184109, 

735.48, 109, 0, 0.184109, 

735.48, 110, 0, 0.184109, 

735.48, 111, 0, 0.184109, 

735.48, 112, 0, 0.184109, 

735.48, 113, 0, 0.184109, 

735.48, 114, 0, 0.184109, 

735.48, 115, 0, 0.184109, 

735.48, 116, 0, 0.184109, 

735.48, 117, 0, 0.184109, 

735.48, 118, 0, 0.184109, 

735.48, 119, 0, 0.184109, 

740.911, 0, 0, 0.184109, 

740.911, 1, 0, 0.184109, 

740.911, 2, 0, 0.184109, 

740.911, 3, 0, 0.184109, 

740.911, 4, 0, 0.184109, 

740.911, 5, 0, 0.184109, 

740.911, 6, 0, 0.184109, 

740.911, 7, 0, 0.184109, 

740.911, 8, 0, 0.184109, 

740.911, 9, 0, 0.184109, 

740.911, 10, 0, 0.184109, 

740.911, 11, 0, 0.184109, 

740.911, 12, 0, 0.184109, 

740.911, 13, 0, 0.184109, 

740.911, 14, 0, 0.184109, 

740.911, 15, 0, 0.184109, 

740.911, 16, 0, 0.184109, 

740.911, 17, 0, 0.184109, 

740.911, 18, 0, 0.184109, 

740.911, 19, 0, 0.184109, 

740.911, 20, 0, 0.184109, 

740.911, 21, 0, 0.184109, 

740.911, 22, 0, 0.184109, 

740.911, 23, 0, 0.184109, 

740.911, 24, 0, 0.184109, 

740.911, 25, 0, 0.184109, 

740.911, 26, 0, 0.184109, 

740.911, 27, 0, 0.184109, 

740.911, 28, 0, 0.184109, 

740.911, 29, 0, 0.184109, 

740.911, 30, 0, 0.184109, 

740.911, 31, 0, 0.184109, 

740.911, 32, 0, 0.184109, 

740.911, 33, 0, 0.184109, 

740.911, 34, 0, 0.184109, 

740.911, 35, 0, 0.184109, 

740.911, 36, 0, 0.184109, 

740.911, 37, 0, 0.184109, 

740.911, 38, 0, 0.184109, 

740.911, 39, 0, 0.184109, 

740.911, 40, 0, 0.184109, 

740.911, 41, 0, 0.184109, 

740.911, 42, 0, 0.184109, 

740.911, 43, 0, 0.184109, 

740.911, 44, 0, 0.184109, 

740.911, 45, 0, 0.184109, 

740.911, 46, 0, 0.184109, 

740.911, 47, 0, 0.184109, 

740.911, 48, 0, 0.184109, 

740.911, 49, 0, 0.184109, 

740.911, 50, 0, 0.184109, 

740.911, 51, 0, 0.184109, 

740.911, 52, 0, 0.184109, 

740.911, 53, 0, 0.184109, 

740.911, 54, 0, 0.184109, 

740.911, 55, 0, 0.184109, 

740.911, 56, 0, 0.184109, 

740.911, 57, 0, 0.184109, 

740.911, 58, 0, 0.184109, 

740.911, 59, 0, 0.184109, 

740.911, 60, 0, 0.184109, 

740.911, 61, 0, 0.184109, 

740.911, 62, 0, 0.184109, 

740.911, 63, 0, 0.184109, 

740.911, 64, 0, 0.184109, 

740.911, 65, 0, 0.184109, 

740.911, 66, 0, 0.184109, 

740.911, 67, 0, 0.184109, 

740.911, 68, 0, 0.184109, 

740.911, 69, 0, 0.184109, 

740.911, 70, 0, 0.184109, 

740.911, 71, 0, 0.184109, 

740.911, 72, 0, 0.184109, 

740.911, 73, 0, 0.184109, 

740.911, 74, 0, 0.184109, 

740.911, 75, 0, 0.184109, 

740.911, 76, 0, 0.184109, 

740.911, 77, 0, 0.184109, 

740.911, 78, 0, 0.184109, 

740.911, 79, 0, 0.184109, 

740.911, 80, 0, 0.184109, 

740.911, 81, 0, 0.184109, 

740.911, 82, 0, 0.184109, 

740.911, 83, 0, 0.184109, 

740.911, 84, 0, 0.184109, 

740.911, 85, 0, 0.184109, 

740.911, 86, 0, 0.184109, 

740.911, 87, 0, 0.184109, 

740.911, 88, 0, 0.184109, 

740.911, 89, 0, 0.184109, 

740.911, 90, 0, 0.184109, 

740.911, 91, 0, 0.184109, 

740.911, 92, 0, 0.184109, 

740.911, 93, 0, 0.184109, 

740.911, 94, 0, 0.184109, 

740.911, 95, 0, 0.184109, 

740.911, 96, 0, 0.184109, 

740.911, 97, 0, 0.184109, 

740.911, 98, 0, 0.184109, 

740.911, 99, 0, 0.184109, 

740.911, 100, 0, 0.184109, 

740.911, 101, 0, 0.184109, 

740.911, 102, 0, 0.184109, 

740.911, 103, 0, 0.184109, 

740.911, 104, 0, 0.184109, 

740.911, 105, 0, 0.184109, 

740.911, 106, 0, 0.184109, 

740.911, 107, 0, 0.184109, 

740.911, 108, 0, 0.184109, 

740.911, 109, 0, 0.184109, 

740.911, 110, 0, 0.184109, 

740.911, 111, 0, 0.184109, 

740.911, 112, 0, 0.184109, 

740.911, 113, 0, 0.184109, 

740.911, 114, 0, 0.184109, 

740.911, 115, 0, 0.184109, 

740.911, 116, 0, 0.184109, 

740.911, 117, 0, 0.184109, 

740.911, 118, 0, 0.184109, 

740.911, 119, 0, 0.184109, 

746.341, 0, 0, 0.184109, 

746.341, 1, 0, 0.184109, 

746.341, 2, 0, 0.184109, 

746.341, 3, 0, 0.184109, 

746.341, 4, 0, 0.184109, 

746.341, 5, 0, 0.184109, 

746.341, 6, 0, 0.184109, 

746.341, 7, 0, 0.184109, 

746.341, 8, 0, 0.184109, 

746.341, 9, 0, 0.184109, 

746.341, 10, 0, 0.184109, 

746.341, 11, 0, 0.184109, 

746.341, 12, 0, 0.184109, 

746.341, 13, 0, 0.184109, 

746.341, 14, 0, 0.184109, 

746.341, 15, 0, 0.184109, 

746.341, 16, 0, 0.184109, 

746.341, 17, 0, 0.184109, 

746.341, 18, 0, 0.184109, 

746.341, 19, 0, 0.184109, 

746.341, 20, 0, 0.184109, 

746.341, 21, 0, 0.184109, 

746.341, 22, 0, 0.184109, 

746.341, 23, 0, 0.184109, 

746.341, 24, 0, 0.184109, 

746.341, 25, 0, 0.184109, 

746.341, 26, 0, 0.184109, 

746.341, 27, 0, 0.184109, 

746.341, 28, 0, 0.184109, 

746.341, 29, 0, 0.184109, 

746.341, 30, 0, 0.184109, 

746.341, 31, 0, 0.184109, 

746.341, 32, 0, 0.184109, 

746.341, 33, 0, 0.184109, 

746.341, 34, 0, 0.184109, 

746.341, 35, 0, 0.184109, 

746.341, 36, 0, 0.184109, 

746.341, 37, 0, 0.184109, 

746.341, 38, 0, 0.184109, 

746.341, 39, 0, 0.184109, 

746.341, 40, 0, 0.184109, 

746.341, 41, 0, 0.184109, 

746.341, 42, 0, 0.184109, 

746.341, 43, 0, 0.184109, 

746.341, 44, 0, 0.184109, 

746.341, 45, 0, 0.184109, 

746.341, 46, 0, 0.184109, 

746.341, 47, 0, 0.184109, 

746.341, 48, 0, 0.184109, 

746.341, 49, 0, 0.184109, 

746.341, 50, 0, 0.184109, 

746.341, 51, 0, 0.184109, 

746.341, 52, 0, 0.184109, 

746.341, 53, 0, 0.184109, 

746.341, 54, 0, 0.184109, 

746.341, 55, 0, 0.184109, 

746.341, 56, 0, 0.184109, 

746.341, 57, 0, 0.184109, 

746.341, 58, 0, 0.184109, 

746.341, 59, 0, 0.184109, 

746.341, 60, 0, 0.184109, 

746.341, 61, 0, 0.184109, 

746.341, 62, 0, 0.184109, 

746.341, 63, 0, 0.184109, 

746.341, 64, 0, 0.184109, 

746.341, 65, 0, 0.184109, 

746.341, 66, 0, 0.184109, 

746.341, 67, 0, 0.184109, 

746.341, 68, 0, 0.184109, 

746.341, 69, 0, 0.184109, 

746.341, 70, 0, 0.184109, 

746.341, 71, 0, 0.184109, 

746.341, 72, 0, 0.184109, 

746.341, 73, 0, 0.184109, 

746.341, 74, 0, 0.184109, 

746.341, 75, 0, 0.184109, 

746.341, 76, 0, 0.184109, 

746.341, 77, 0, 0.184109, 

746.341, 78, 0, 0.184109, 

746.341, 79, 0, 0.184109, 

746.341, 80, 0, 0.184109, 

746.341, 81, 0, 0.184109, 

746.341, 82, 0, 0.184109, 

746.341, 83, 0, 0.184109, 

746.341, 84, 0, 0.184109, 

746.341, 85, 0, 0.184109, 

746.341, 86, 0, 0.184109, 

746.341, 87, 0, 0.184109, 

746.341, 88, 0, 0.184109, 

746.341, 89, 0, 0.184109, 

746.341, 90, 0, 0.184109, 

746.341, 91, 0, 0.184109, 

746.341, 92, 0, 0.184109, 

746.341, 93, 0, 0.184109, 

746.341, 94, 0, 0.184109, 

746.341, 95, 0, 0.184109, 

746.341, 96, 0, 0.184109, 

746.341, 97, 0, 0.184109, 

746.341, 98, 0, 0.184109, 

746.341, 99, 0, 0.184109, 

746.341, 100, 0, 0.184109, 

746.341, 101, 0, 0.184109, 

746.341, 102, 0, 0.184109, 

746.341, 103, 0, 0.184109, 

746.341, 104, 0, 0.184109, 

746.341, 105, 0, 0.184109, 

746.341, 106, 0, 0.184109, 

746.341, 107, 0, 0.184109, 

746.341, 108, 0, 0.184109, 

746.341, 109, 0, 0.184109, 

746.341, 110, 0, 0.184109, 

746.341, 111, 0, 0.184109, 

746.341, 112, 0, 0.184109, 

746.341, 113, 0, 0.184109, 

746.341, 114, 0, 0.184109, 

746.341, 115, 0, 0.184109, 

746.341, 116, 0, 0.184109, 

746.341, 117, 0, 0.184109, 

746.341, 118, 0, 0.184109, 

746.341, 119, 0, 0.184109, 

751.771, 0, 0, 0.184109, 

751.771, 1, 0, 0.184109, 

751.771, 2, 0, 0.184109, 

751.771, 3, 0, 0.184109, 

751.771, 4, 0, 0.184109, 

751.771, 5, 0, 0.184109, 

751.771, 6, 0, 0.184109, 

751.771, 7, 0, 0.184109, 

751.771, 8, 0, 0.184109, 

751.771, 9, 0, 0.184109, 

751.771, 10, 0, 0.184109, 

751.771, 11, 0, 0.184109, 

751.771, 12, 0, 0.184109, 

751.771, 13, 0, 0.184109, 

751.771, 14, 0, 0.184109, 

751.771, 15, 0, 0.184109, 

751.771, 16, 0, 0.184109, 

751.771, 17, 0, 0.184109, 

751.771, 18, 0, 0.184109, 

751.771, 19, 0, 0.184109, 

751.771, 20, 0, 0.184109, 

751.771, 21, 0, 0.184109, 

751.771, 22, 0, 0.184109, 

751.771, 23, 0, 0.184109, 

751.771, 24, 0, 0.184109, 

751.771, 25, 0, 0.184109, 

751.771, 26, 0, 0.184109, 

751.771, 27, 0, 0.184109, 

751.771, 28, 0, 0.184109, 

751.771, 29, 0, 0.184109, 

751.771, 30, 0, 0.184109, 

751.771, 31, 0, 0.184109, 

751.771, 32, 0, 0.184109, 

751.771, 33, 0, 0.184109, 

751.771, 34, 0, 0.184109, 

751.771, 35, 0, 0.184109, 

751.771, 36, 0, 0.184109, 

751.771, 37, 0, 0.184109, 

751.771, 38, 0, 0.184109, 

751.771, 39, 0, 0.184109, 

751.771, 40, 0, 0.184109, 

751.771, 41, 0, 0.184109, 

751.771, 42, 0, 0.184109, 

751.771, 43, 0, 0.184109, 

751.771, 44, 0, 0.184109, 

751.771, 45, 0, 0.184109, 

751.771, 46, 0, 0.184109, 

751.771, 47, 0, 0.184109, 

751.771, 48, 0, 0.184109, 

751.771, 49, 0, 0.184109, 

751.771, 50, 0, 0.184109, 

751.771, 51, 0, 0.184109, 

751.771, 52, 0, 0.184109, 

751.771, 53, 0, 0.184109, 

751.771, 54, 0, 0.184109, 

751.771, 55, 0, 0.184109, 

751.771, 56, 0, 0.184109, 

751.771, 57, 0, 0.184109, 

751.771, 58, 0, 0.184109, 

751.771, 59, 0, 0.184109, 

751.771, 60, 0, 0.184109, 

751.771, 61, 0, 0.184109, 

751.771, 62, 0, 0.184109, 

751.771, 63, 0, 0.184109, 

751.771, 64, 0, 0.184109, 

751.771, 65, 0, 0.184109, 

751.771, 66, 0, 0.184109, 

751.771, 67, 0, 0.184109, 

751.771, 68, 0, 0.184109, 

751.771, 69, 0, 0.184109, 

751.771, 70, 0, 0.184109, 

751.771, 71, 0, 0.184109, 

751.771, 72, 0, 0.184109, 

751.771, 73, 0, 0.184109, 

751.771, 74, 0, 0.184109, 

751.771, 75, 0, 0.184109, 

751.771, 76, 0, 0.184109, 

751.771, 77, 0, 0.184109, 

751.771, 78, 0, 0.184109, 

751.771, 79, 0, 0.184109, 

751.771, 80, 0, 0.184109, 

751.771, 81, 0, 0.184109, 

751.771, 82, 0, 0.184109, 

751.771, 83, 0, 0.184109, 

751.771, 84, 0, 0.184109, 

751.771, 85, 0, 0.184109, 

751.771, 86, 0, 0.184109, 

751.771, 87, 0, 0.184109, 

751.771, 88, 0, 0.184109, 

751.771, 89, 0, 0.184109, 

751.771, 90, 0, 0.184109, 

751.771, 91, 0, 0.184109, 

751.771, 92, 0, 0.184109, 

751.771, 93, 0, 0.184109, 

751.771, 94, 0, 0.184109, 

751.771, 95, 0, 0.184109, 

751.771, 96, 0, 0.184109, 

751.771, 97, 0, 0.184109, 

751.771, 98, 0, 0.184109, 

751.771, 99, 0, 0.184109, 

751.771, 100, 0, 0.184109, 

751.771, 101, 0, 0.184109, 

751.771, 102, 0, 0.184109, 

751.771, 103, 0, 0.184109, 

751.771, 104, 0, 0.184109, 

751.771, 105, 0, 0.184109, 

751.771, 106, 0, 0.184109, 

751.771, 107, 0, 0.184109, 

751.771, 108, 0, 0.184109, 

751.771, 109, 0, 0.184109, 

751.771, 110, 0, 0.184109, 

751.771, 111, 0, 0.184109, 

751.771, 112, 0, 0.184109, 

751.771, 113, 0, 0.184109, 

751.771, 114, 0, 0.184109, 

751.771, 115, 0, 0.184109, 

751.771, 116, 0, 0.184109, 

751.771, 117, 0, 0.184109, 

751.771, 118, 0, 0.184109, 

751.771, 119, 0, 0.184109, 

757.202, 0, 0, 0.184109, 

757.202, 1, 0, 0.184109, 

757.202, 2, 0, 0.184109, 

757.202, 3, 0, 0.184109, 

757.202, 4, 0, 0.184109, 

757.202, 5, 0, 0.184109, 

757.202, 6, 0, 0.184109, 

757.202, 7, 0, 0.184109, 

757.202, 8, 0, 0.184109, 

757.202, 9, 0, 0.184109, 

757.202, 10, 0, 0.184109, 

757.202, 11, 0, 0.184109, 

757.202, 12, 0, 0.184109, 

757.202, 13, 0, 0.184109, 

757.202, 14, 0, 0.184109, 

757.202, 15, 0, 0.184109, 

757.202, 16, 0, 0.184109, 

757.202, 17, 0, 0.184109, 

757.202, 18, 0, 0.184109, 

757.202, 19, 0, 0.184109, 

757.202, 20, 0, 0.184109, 

757.202, 21, 0, 0.184109, 

757.202, 22, 0, 0.184109, 

757.202, 23, 0, 0.184109, 

757.202, 24, 0, 0.184109, 

757.202, 25, 0, 0.184109, 

757.202, 26, 0, 0.184109, 

757.202, 27, 0, 0.184109, 

757.202, 28, 0, 0.184109, 

757.202, 29, 0, 0.184109, 

757.202, 30, 0, 0.184109, 

757.202, 31, 0, 0.184109, 

757.202, 32, 0, 0.184109, 

757.202, 33, 0, 0.184109, 

757.202, 34, 0, 0.184109, 

757.202, 35, 0, 0.184109, 

757.202, 36, 0, 0.184109, 

757.202, 37, 0, 0.184109, 

757.202, 38, 0, 0.184109, 

757.202, 39, 0, 0.184109, 

757.202, 40, 0, 0.184109, 

757.202, 41, 0, 0.184109, 

757.202, 42, 0, 0.184109, 

757.202, 43, 0, 0.184109, 

757.202, 44, 0, 0.184109, 

757.202, 45, 0, 0.184109, 

757.202, 46, 0, 0.184109, 

757.202, 47, 0, 0.184109, 

757.202, 48, 0, 0.184109, 

757.202, 49, 0, 0.184109, 

757.202, 50, 0, 0.184109, 

757.202, 51, 0, 0.184109, 

757.202, 52, 0, 0.184109, 

757.202, 53, 0, 0.184109, 

757.202, 54, 0, 0.184109, 

757.202, 55, 0, 0.184109, 

757.202, 56, 0, 0.184109, 

757.202, 57, 0, 0.184109, 

757.202, 58, 0, 0.184109, 

757.202, 59, 0, 0.184109, 

757.202, 60, 0, 0.184109, 

757.202, 61, 0, 0.184109, 

757.202, 62, 0, 0.184109, 

757.202, 63, 0, 0.184109, 

757.202, 64, 0, 0.184109, 

757.202, 65, 0, 0.184109, 

757.202, 66, 0, 0.184109, 

757.202, 67, 0, 0.184109, 

757.202, 68, 0, 0.184109, 

757.202, 69, 0, 0.184109, 

757.202, 70, 0, 0.184109, 

757.202, 71, 0, 0.184109, 

757.202, 72, 0, 0.184109, 

757.202, 73, 0, 0.184109, 

757.202, 74, 0, 0.184109, 

757.202, 75, 0, 0.184109, 

757.202, 76, 0, 0.184109, 

757.202, 77, 0, 0.184109, 

757.202, 78, 0, 0.184109, 

757.202, 79, 0, 0.184109, 

757.202, 80, 0, 0.184109, 

757.202, 81, 0, 0.184109, 

757.202, 82, 0, 0.184109, 

757.202, 83, 0, 0.184109, 

757.202, 84, 0, 0.184109, 

757.202, 85, 0, 0.184109, 

757.202, 86, 0, 0.184109, 

757.202, 87, 0, 0.184109, 

757.202, 88, 0, 0.184109, 

757.202, 89, 0, 0.184109, 

757.202, 90, 0, 0.184109, 

757.202, 91, 0, 0.184109, 

757.202, 92, 0, 0.184109, 

757.202, 93, 0, 0.184109, 

757.202, 94, 0, 0.184109, 

757.202, 95, 0, 0.184109, 

757.202, 96, 0, 0.184109, 

757.202, 97, 0, 0.184109, 

757.202, 98, 0, 0.184109, 

757.202, 99, 0, 0.184109, 

757.202, 100, 0, 0.184109, 

757.202, 101, 0, 0.184109, 

757.202, 102, 0, 0.184109, 

757.202, 103, 0, 0.184109, 

757.202, 104, 0, 0.184109, 

757.202, 105, 0, 0.184109, 

757.202, 106, 0, 0.184109, 

757.202, 107, 0, 0.184109, 

757.202, 108, 0, 0.184109, 

757.202, 109, 0, 0.184109, 

757.202, 110, 0, 0.184109, 

757.202, 111, 0, 0.184109, 

757.202, 112, 0, 0.184109, 

757.202, 113, 0, 0.184109, 

757.202, 114, 0, 0.184109, 

757.202, 115, 0, 0.184109, 

757.202, 116, 0, 0.184109, 

757.202, 117, 0, 0.184109, 

757.202, 118, 0, 0.184109, 

757.202, 119, 0, 0.184109, 

762.632, 0, 0, 0.184109, 

762.632, 1, 0, 0.184109, 

762.632, 2, 0, 0.184109, 

762.632, 3, 0, 0.184109, 

762.632, 4, 0, 0.184109, 

762.632, 5, 0, 0.184109, 

762.632, 6, 0, 0.184109, 

762.632, 7, 0, 0.184109, 

762.632, 8, 0, 0.184109, 

762.632, 9, 0, 0.184109, 

762.632, 10, 0, 0.184109, 

762.632, 11, 0, 0.184109, 

762.632, 12, 0, 0.184109, 

762.632, 13, 0, 0.184109, 

762.632, 14, 0, 0.184109, 

762.632, 15, 0, 0.184109, 

762.632, 16, 0, 0.184109, 

762.632, 17, 0, 0.184109, 

762.632, 18, 0, 0.184109, 

762.632, 19, 0, 0.184109, 

762.632, 20, 0, 0.184109, 

762.632, 21, 0, 0.184109, 

762.632, 22, 0, 0.184109, 

762.632, 23, 0, 0.184109, 

762.632, 24, 0, 0.184109, 

762.632, 25, 0, 0.184109, 

762.632, 26, 0, 0.184109, 

762.632, 27, 0, 0.184109, 

762.632, 28, 0, 0.184109, 

762.632, 29, 0, 0.184109, 

762.632, 30, 0, 0.184109, 

762.632, 31, 0, 0.184109, 

762.632, 32, 0, 0.184109, 

762.632, 33, 0, 0.184109, 

762.632, 34, 0, 0.184109, 

762.632, 35, 0, 0.184109, 

762.632, 36, 0, 0.184109, 

762.632, 37, 0, 0.184109, 

762.632, 38, 0, 0.184109, 

762.632, 39, 0, 0.184109, 

762.632, 40, 0, 0.184109, 

762.632, 41, 0, 0.184109, 

762.632, 42, 0, 0.184109, 

762.632, 43, 0, 0.184109, 

762.632, 44, 0, 0.184109, 

762.632, 45, 0, 0.184109, 

762.632, 46, 0, 0.184109, 

762.632, 47, 0, 0.184109, 

762.632, 48, 0, 0.184109, 

762.632, 49, 0, 0.184109, 

762.632, 50, 0, 0.184109, 

762.632, 51, 0, 0.184109, 

762.632, 52, 0, 0.184109, 

762.632, 53, 0, 0.184109, 

762.632, 54, 0, 0.184109, 

762.632, 55, 0, 0.184109, 

762.632, 56, 0, 0.184109, 

762.632, 57, 0, 0.184109, 

762.632, 58, 0, 0.184109, 

762.632, 59, 0, 0.184109, 

762.632, 60, 0, 0.184109, 

762.632, 61, 0, 0.184109, 

762.632, 62, 0, 0.184109, 

762.632, 63, 0, 0.184109, 

762.632, 64, 0, 0.184109, 

762.632, 65, 0, 0.184109, 

762.632, 66, 0, 0.184109, 

762.632, 67, 0, 0.184109, 

762.632, 68, 0, 0.184109, 

762.632, 69, 0, 0.184109, 

762.632, 70, 0, 0.184109, 

762.632, 71, 0, 0.184109, 

762.632, 72, 0, 0.184109, 

762.632, 73, 0, 0.184109, 

762.632, 74, 0, 0.184109, 

762.632, 75, 0, 0.184109, 

762.632, 76, 0, 0.184109, 

762.632, 77, 0, 0.184109, 

762.632, 78, 0, 0.184109, 

762.632, 79, 0, 0.184109, 

762.632, 80, 0, 0.184109, 

762.632, 81, 0, 0.184109, 

762.632, 82, 0, 0.184109, 

762.632, 83, 0, 0.184109, 

762.632, 84, 0, 0.184109, 

762.632, 85, 0, 0.184109, 

762.632, 86, 0, 0.184109, 

762.632, 87, 0, 0.184109, 

762.632, 88, 0, 0.184109, 

762.632, 89, 0, 0.184109, 

762.632, 90, 0, 0.184109, 

762.632, 91, 0, 0.184109, 

762.632, 92, 0, 0.184109, 

762.632, 93, 0, 0.184109, 

762.632, 94, 0, 0.184109, 

762.632, 95, 0, 0.184109, 

762.632, 96, 0, 0.184109, 

762.632, 97, 0, 0.184109, 

762.632, 98, 0, 0.184109, 

762.632, 99, 0, 0.184109, 

762.632, 100, 0, 0.184109, 

762.632, 101, 0, 0.184109, 

762.632, 102, 0, 0.184109, 

762.632, 103, 0, 0.184109, 

762.632, 104, 0, 0.184109, 

762.632, 105, 0, 0.184109, 

762.632, 106, 0, 0.184109, 

762.632, 107, 0, 0.184109, 

762.632, 108, 0, 0.184109, 

762.632, 109, 0, 0.184109, 

762.632, 110, 0, 0.184109, 

762.632, 111, 0, 0.184109, 

762.632, 112, 0, 0.184109, 

762.632, 113, 0, 0.184109, 

762.632, 114, 0, 0.184109, 

762.632, 115, 0, 0.184109, 

762.632, 116, 0, 0.184109, 

762.632, 117, 0, 0.184109, 

762.632, 118, 0, 0.184109, 

762.632, 119, 0, 0.184109, 

768.063, 0, 0, 0.184109, 

768.063, 1, 0, 0.184109, 

768.063, 2, 0, 0.184109, 

768.063, 3, 0, 0.184109, 

768.063, 4, 0, 0.184109, 

768.063, 5, 0, 0.184109, 

768.063, 6, 0, 0.184109, 

768.063, 7, 0, 0.184109, 

768.063, 8, 0, 0.184109, 

768.063, 9, 0, 0.184109, 

768.063, 10, 0, 0.184109, 

768.063, 11, 0, 0.184109, 

768.063, 12, 0, 0.184109, 

768.063, 13, 0, 0.184109, 

768.063, 14, 0, 0.184109, 

768.063, 15, 0, 0.184109, 

768.063, 16, 0, 0.184109, 

768.063, 17, 0, 0.184109, 

768.063, 18, 0, 0.184109, 

768.063, 19, 0, 0.184109, 

768.063, 20, 0, 0.184109, 

768.063, 21, 0, 0.184109, 

768.063, 22, 0, 0.184109, 

768.063, 23, 0, 0.184109, 

768.063, 24, 0, 0.184109, 

768.063, 25, 0, 0.184109, 

768.063, 26, 0, 0.184109, 

768.063, 27, 0, 0.184109, 

768.063, 28, 0, 0.184109, 

768.063, 29, 0, 0.184109, 

768.063, 30, 0, 0.184109, 

768.063, 31, 0, 0.184109, 

768.063, 32, 0, 0.184109, 

768.063, 33, 0, 0.184109, 

768.063, 34, 0, 0.184109, 

768.063, 35, 0, 0.184109, 

768.063, 36, 0, 0.184109, 

768.063, 37, 0, 0.184109, 

768.063, 38, 0, 0.184109, 

768.063, 39, 0, 0.184109, 

768.063, 40, 0, 0.184109, 

768.063, 41, 0, 0.184109, 

768.063, 42, 0, 0.184109, 

768.063, 43, 0, 0.184109, 

768.063, 44, 0, 0.184109, 

768.063, 45, 0, 0.184109, 

768.063, 46, 0, 0.184109, 

768.063, 47, 0, 0.184109, 

768.063, 48, 0, 0.184109, 

768.063, 49, 0, 0.184109, 

768.063, 50, 0, 0.184109, 

768.063, 51, 0, 0.184109, 

768.063, 52, 0, 0.184109, 

768.063, 53, 0, 0.184109, 

768.063, 54, 0, 0.184109, 

768.063, 55, 0, 0.184109, 

768.063, 56, 0, 0.184109, 

768.063, 57, 0, 0.184109, 

768.063, 58, 0, 0.184109, 

768.063, 59, 0, 0.184109, 

768.063, 60, 0, 0.184109, 

768.063, 61, 0, 0.184109, 

768.063, 62, 0, 0.184109, 

768.063, 63, 0, 0.184109, 

768.063, 64, 0, 0.184109, 

768.063, 65, 0, 0.184109, 

768.063, 66, 0, 0.184109, 

768.063, 67, 0, 0.184109, 

768.063, 68, 0, 0.184109, 

768.063, 69, 0, 0.184109, 

768.063, 70, 0, 0.184109, 

768.063, 71, 0, 0.184109, 

768.063, 72, 0, 0.184109, 

768.063, 73, 0, 0.184109, 

768.063, 74, 0, 0.184109, 

768.063, 75, 0, 0.184109, 

768.063, 76, 0, 0.184109, 

768.063, 77, 0, 0.184109, 

768.063, 78, 0, 0.184109, 

768.063, 79, 0, 0.184109, 

768.063, 80, 0, 0.184109, 

768.063, 81, 0, 0.184109, 

768.063, 82, 0, 0.184109, 

768.063, 83, 0, 0.184109, 

768.063, 84, 0, 0.184109, 

768.063, 85, 0, 0.184109, 

768.063, 86, 0, 0.184109, 

768.063, 87, 0, 0.184109, 

768.063, 88, 0, 0.184109, 

768.063, 89, 0, 0.184109, 

768.063, 90, 0, 0.184109, 

768.063, 91, 0, 0.184109, 

768.063, 92, 0, 0.184109, 

768.063, 93, 0, 0.184109, 

768.063, 94, 0, 0.184109, 

768.063, 95, 0, 0.184109, 

768.063, 96, 0, 0.184109, 

768.063, 97, 0, 0.184109, 

768.063, 98, 0, 0.184109, 

768.063, 99, 0, 0.184109, 

768.063, 100, 0, 0.184109, 

768.063, 101, 0, 0.184109, 

768.063, 102, 0, 0.184109, 

768.063, 103, 0, 0.184109, 

768.063, 104, 0, 0.184109, 

768.063, 105, 0, 0.184109, 

768.063, 106, 0, 0.184109, 

768.063, 107, 0, 0.184109, 

768.063, 108, 0, 0.184109, 

768.063, 109, 0, 0.184109, 

768.063, 110, 0, 0.184109, 

768.063, 111, 0, 0.184109, 

768.063, 112, 0, 0.184109, 

768.063, 113, 0, 0.184109, 

768.063, 114, 0, 0.184109, 

768.063, 115, 0, 0.184109, 

768.063, 116, 0, 0.184109, 

768.063, 117, 0, 0.184109, 

768.063, 118, 0, 0.184109, 

768.063, 119, 0, 0.184109, 

773.493, 0, 0, 0.184109, 

773.493, 1, 0, 0.184109, 

773.493, 2, 0, 0.184109, 

773.493, 3, 0, 0.184109, 

773.493, 4, 0, 0.184109, 

773.493, 5, 0, 0.184109, 

773.493, 6, 0, 0.184109, 

773.493, 7, 0, 0.184109, 

773.493, 8, 0, 0.184109, 

773.493, 9, 0, 0.184109, 

773.493, 10, 0, 0.184109, 

773.493, 11, 0, 0.184109, 

773.493, 12, 0, 0.184109, 

773.493, 13, 0, 0.184109, 

773.493, 14, 0, 0.184109, 

773.493, 15, 0, 0.184109, 

773.493, 16, 0, 0.184109, 

773.493, 17, 0, 0.184109, 

773.493, 18, 0, 0.184109, 

773.493, 19, 0, 0.184109, 

773.493, 20, 0, 0.184109, 

773.493, 21, 0, 0.184109, 

773.493, 22, 0, 0.184109, 

773.493, 23, 0, 0.184109, 

773.493, 24, 0, 0.184109, 

773.493, 25, 0, 0.184109, 

773.493, 26, 0, 0.184109, 

773.493, 27, 0, 0.184109, 

773.493, 28, 0, 0.184109, 

773.493, 29, 0, 0.184109, 

773.493, 30, 0, 0.184109, 

773.493, 31, 0, 0.184109, 

773.493, 32, 0, 0.184109, 

773.493, 33, 0, 0.184109, 

773.493, 34, 0, 0.184109, 

773.493, 35, 0, 0.184109, 

773.493, 36, 0, 0.184109, 

773.493, 37, 0, 0.184109, 

773.493, 38, 0, 0.184109, 

773.493, 39, 0, 0.184109, 

773.493, 40, 0, 0.184109, 

773.493, 41, 0, 0.184109, 

773.493, 42, 0, 0.184109, 

773.493, 43, 0, 0.184109, 

773.493, 44, 0, 0.184109, 

773.493, 45, 0, 0.184109, 

773.493, 46, 0, 0.184109, 

773.493, 47, 0, 0.184109, 

773.493, 48, 0, 0.184109, 

773.493, 49, 0, 0.184109, 

773.493, 50, 0, 0.184109, 

773.493, 51, 0, 0.184109, 

773.493, 52, 0, 0.184109, 

773.493, 53, 0, 0.184109, 

773.493, 54, 0, 0.184109, 

773.493, 55, 0, 0.184109, 

773.493, 56, 0, 0.184109, 

773.493, 57, 0, 0.184109, 

773.493, 58, 0, 0.184109, 

773.493, 59, 0, 0.184109, 

773.493, 60, 0, 0.184109, 

773.493, 61, 0, 0.184109, 

773.493, 62, 0, 0.184109, 

773.493, 63, 0, 0.184109, 

773.493, 64, 0, 0.184109, 

773.493, 65, 0, 0.184109, 

773.493, 66, 0, 0.184109, 

773.493, 67, 0, 0.184109, 

773.493, 68, 0, 0.184109, 

773.493, 69, 0, 0.184109, 

773.493, 70, 0, 0.184109, 

773.493, 71, 0, 0.184109, 

773.493, 72, 0, 0.184109, 

773.493, 73, 0, 0.184109, 

773.493, 74, 0, 0.184109, 

773.493, 75, 0, 0.184109, 

773.493, 76, 0, 0.184109, 

773.493, 77, 0, 0.184109, 

773.493, 78, 0, 0.184109, 

773.493, 79, 0, 0.184109, 

773.493, 80, 0, 0.184109, 

773.493, 81, 0, 0.184109, 

773.493, 82, 0, 0.184109, 

773.493, 83, 0, 0.184109, 

773.493, 84, 0, 0.184109, 

773.493, 85, 0, 0.184109, 

773.493, 86, 0, 0.184109, 

773.493, 87, 0, 0.184109, 

773.493, 88, 0, 0.184109, 

773.493, 89, 0, 0.184109, 

773.493, 90, 0, 0.184109, 

773.493, 91, 0, 0.184109, 

773.493, 92, 0, 0.184109, 

773.493, 93, 0, 0.184109, 

773.493, 94, 0, 0.184109, 

773.493, 95, 0, 0.184109, 

773.493, 96, 0, 0.184109, 

773.493, 97, 0, 0.184109, 

773.493, 98, 0, 0.184109, 

773.493, 99, 0, 0.184109, 

773.493, 100, 0, 0.184109, 

773.493, 101, 0, 0.184109, 

773.493, 102, 0, 0.184109, 

773.493, 103, 0, 0.184109, 

773.493, 104, 0, 0.184109, 

773.493, 105, 0, 0.184109, 

773.493, 106, 0, 0.184109, 

773.493, 107, 0, 0.184109, 

773.493, 108, 0, 0.184109, 

773.493, 109, 0, 0.184109, 

773.493, 110, 0, 0.184109, 

773.493, 111, 0, 0.184109, 

773.493, 112, 0, 0.184109, 

773.493, 113, 0, 0.184109, 

773.493, 114, 0, 0.184109, 

773.493, 115, 0, 0.184109, 

773.493, 116, 0, 0.184109, 

773.493, 117, 0, 0.184109, 

773.493, 118, 0, 0.184109, 

773.493, 119, 0, 0.184109, 

778.923, 0, 0, 0.184109, 

778.923, 1, 0, 0.184109, 

778.923, 2, 0, 0.184109, 

778.923, 3, 0, 0.184109, 

778.923, 4, 0, 0.184109, 

778.923, 5, 0, 0.184109, 

778.923, 6, 0, 0.184109, 

778.923, 7, 0, 0.184109, 

778.923, 8, 0, 0.184109, 

778.923, 9, 0, 0.184109, 

778.923, 10, 0, 0.184109, 

778.923, 11, 0, 0.184109, 

778.923, 12, 0, 0.184109, 

778.923, 13, 0, 0.184109, 

778.923, 14, 0, 0.184109, 

778.923, 15, 0, 0.184109, 

778.923, 16, 0, 0.184109, 

778.923, 17, 0, 0.184109, 

778.923, 18, 0, 0.184109, 

778.923, 19, 0, 0.184109, 

778.923, 20, 0, 0.184109, 

778.923, 21, 0, 0.184109, 

778.923, 22, 0, 0.184109, 

778.923, 23, 0, 0.184109, 

778.923, 24, 0, 0.184109, 

778.923, 25, 0, 0.184109, 

778.923, 26, 0, 0.184109, 

778.923, 27, 0, 0.184109, 

778.923, 28, 0, 0.184109, 

778.923, 29, 0, 0.184109, 

778.923, 30, 0, 0.184109, 

778.923, 31, 0, 0.184109, 

778.923, 32, 0, 0.184109, 

778.923, 33, 0, 0.184109, 

778.923, 34, 0, 0.184109, 

778.923, 35, 0, 0.184109, 

778.923, 36, 0, 0.184109, 

778.923, 37, 0, 0.184109, 

778.923, 38, 0, 0.184109, 

778.923, 39, 0, 0.184109, 

778.923, 40, 0, 0.184109, 

778.923, 41, 0, 0.184109, 

778.923, 42, 0, 0.184109, 

778.923, 43, 0, 0.184109, 

778.923, 44, 0, 0.184109, 

778.923, 45, 0, 0.184109, 

778.923, 46, 0, 0.184109, 

778.923, 47, 0, 0.184109, 

778.923, 48, 0, 0.184109, 

778.923, 49, 0, 0.184109, 

778.923, 50, 0, 0.184109, 

778.923, 51, 0, 0.184109, 

778.923, 52, 0, 0.184109, 

778.923, 53, 0, 0.184109, 

778.923, 54, 0, 0.184109, 

778.923, 55, 0, 0.184109, 

778.923, 56, 0, 0.184109, 

778.923, 57, 0, 0.184109, 

778.923, 58, 0, 0.184109, 

778.923, 59, 0, 0.184109, 

778.923, 60, 0, 0.184109, 

778.923, 61, 0, 0.184109, 

778.923, 62, 0, 0.184109, 

778.923, 63, 0, 0.184109, 

778.923, 64, 0, 0.184109, 

778.923, 65, 0, 0.184109, 

778.923, 66, 0, 0.184109, 

778.923, 67, 0, 0.184109, 

778.923, 68, 0, 0.184109, 

778.923, 69, 0, 0.184109, 

778.923, 70, 0, 0.184109, 

778.923, 71, 0, 0.184109, 

778.923, 72, 0, 0.184109, 

778.923, 73, 0, 0.184109, 

778.923, 74, 0, 0.184109, 

778.923, 75, 0, 0.184109, 

778.923, 76, 0, 0.184109, 

778.923, 77, 0, 0.184109, 

778.923, 78, 0, 0.184109, 

778.923, 79, 0, 0.184109, 

778.923, 80, 0, 0.184109, 

778.923, 81, 0, 0.184109, 

778.923, 82, 0, 0.184109, 

778.923, 83, 0, 0.184109, 

778.923, 84, 0, 0.184109, 

778.923, 85, 0, 0.184109, 

778.923, 86, 0, 0.184109, 

778.923, 87, 0, 0.184109, 

778.923, 88, 0, 0.184109, 

778.923, 89, 0, 0.184109, 

778.923, 90, 0, 0.184109, 

778.923, 91, 0, 0.184109, 

778.923, 92, 0, 0.184109, 

778.923, 93, 0, 0.184109, 

778.923, 94, 0, 0.184109, 

778.923, 95, 0, 0.184109, 

778.923, 96, 0, 0.184109, 

778.923, 97, 0, 0.184109, 

778.923, 98, 0, 0.184109, 

778.923, 99, 0, 0.184109, 

778.923, 100, 0, 0.184109, 

778.923, 101, 0, 0.184109, 

778.923, 102, 0, 0.184109, 

778.923, 103, 0, 0.184109, 

778.923, 104, 0, 0.184109, 

778.923, 105, 0, 0.184109, 

778.923, 106, 0, 0.184109, 

778.923, 107, 0, 0.184109, 

778.923, 108, 0, 0.184109, 

778.923, 109, 0, 0.184109, 

778.923, 110, 0, 0.184109, 

778.923, 111, 0, 0.184109, 

778.923, 112, 0, 0.184109, 

778.923, 113, 0, 0.184109, 

778.923, 114, 0, 0.184109, 

778.923, 115, 0, 0.184109, 

778.923, 116, 0, 0.184109, 

778.923, 117, 0, 0.184109, 

778.923, 118, 0, 0.184109, 

778.923, 119, 0, 0.184109, 

784.354, 0, 0, 0.184109, 

784.354, 1, 0, 0.184109, 

784.354, 2, 0, 0.184109, 

784.354, 3, 0, 0.184109, 

784.354, 4, 0, 0.184109, 

784.354, 5, 0, 0.184109, 

784.354, 6, 0, 0.184109, 

784.354, 7, 0, 0.184109, 

784.354, 8, 0, 0.184109, 

784.354, 9, 0, 0.184109, 

784.354, 10, 0, 0.184109, 

784.354, 11, 0, 0.184109, 

784.354, 12, 0, 0.184109, 

784.354, 13, 0, 0.184109, 

784.354, 14, 0, 0.184109, 

784.354, 15, 0, 0.184109, 

784.354, 16, 0, 0.184109, 

784.354, 17, 0, 0.184109, 

784.354, 18, 0, 0.184109, 

784.354, 19, 0, 0.184109, 

784.354, 20, 0, 0.184109, 

784.354, 21, 0, 0.184109, 

784.354, 22, 0, 0.184109, 

784.354, 23, 0, 0.184109, 

784.354, 24, 0, 0.184109, 

784.354, 25, 0, 0.184109, 

784.354, 26, 0, 0.184109, 

784.354, 27, 0, 0.184109, 

784.354, 28, 0, 0.184109, 

784.354, 29, 0, 0.184109, 

784.354, 30, 0, 0.184109, 

784.354, 31, 0, 0.184109, 

784.354, 32, 0, 0.184109, 

784.354, 33, 0, 0.184109, 

784.354, 34, 0, 0.184109, 

784.354, 35, 0, 0.184109, 

784.354, 36, 0, 0.184109, 

784.354, 37, 0, 0.184109, 

784.354, 38, 0, 0.184109, 

784.354, 39, 0, 0.184109, 

784.354, 40, 0, 0.184109, 

784.354, 41, 0, 0.184109, 

784.354, 42, 0, 0.184109, 

784.354, 43, 0, 0.184109, 

784.354, 44, 0, 0.184109, 

784.354, 45, 0, 0.184109, 

784.354, 46, 0, 0.184109, 

784.354, 47, 0, 0.184109, 

784.354, 48, 0, 0.184109, 

784.354, 49, 0, 0.184109, 

784.354, 50, 0, 0.184109, 

784.354, 51, 0, 0.184109, 

784.354, 52, 0, 0.184109, 

784.354, 53, 0, 0.184109, 

784.354, 54, 0, 0.184109, 

784.354, 55, 0, 0.184109, 

784.354, 56, 0, 0.184109, 

784.354, 57, 0, 0.184109, 

784.354, 58, 0, 0.184109, 

784.354, 59, 0, 0.184109, 

784.354, 60, 0, 0.184109, 

784.354, 61, 0, 0.184109, 

784.354, 62, 0, 0.184109, 

784.354, 63, 0, 0.184109, 

784.354, 64, 0, 0.184109, 

784.354, 65, 0, 0.184109, 

784.354, 66, 0, 0.184109, 

784.354, 67, 0, 0.184109, 

784.354, 68, 0, 0.184109, 

784.354, 69, 0, 0.184109, 

784.354, 70, 0, 0.184109, 

784.354, 71, 0, 0.184109, 

784.354, 72, 0, 0.184109, 

784.354, 73, 0, 0.184109, 

784.354, 74, 0, 0.184109, 

784.354, 75, 0, 0.184109, 

784.354, 76, 0, 0.184109, 

784.354, 77, 0, 0.184109, 

784.354, 78, 0, 0.184109, 

784.354, 79, 0, 0.184109, 

784.354, 80, 0, 0.184109, 

784.354, 81, 0, 0.184109, 

784.354, 82, 0, 0.184109, 

784.354, 83, 0, 0.184109, 

784.354, 84, 0, 0.184109, 

784.354, 85, 0, 0.184109, 

784.354, 86, 0, 0.184109, 

784.354, 87, 0, 0.184109, 

784.354, 88, 0, 0.184109, 

784.354, 89, 0, 0.184109, 

784.354, 90, 0, 0.184109, 

784.354, 91, 0, 0.184109, 

784.354, 92, 0, 0.184109, 

784.354, 93, 0, 0.184109, 

784.354, 94, 0, 0.184109, 

784.354, 95, 0, 0.184109, 

784.354, 96, 0, 0.184109, 

784.354, 97, 0, 0.184109, 

784.354, 98, 0, 0.184109, 

784.354, 99, 0, 0.184109, 

784.354, 100, 0, 0.184109, 

784.354, 101, 0, 0.184109, 

784.354, 102, 0, 0.184109, 

784.354, 103, 0, 0.184109, 

784.354, 104, 0, 0.184109, 

784.354, 105, 0, 0.184109, 

784.354, 106, 0, 0.184109, 

784.354, 107, 0, 0.184109, 

784.354, 108, 0, 0.184109, 

784.354, 109, 0, 0.184109, 

784.354, 110, 0, 0.184109, 

784.354, 111, 0, 0.184109, 

784.354, 112, 0, 0.184109, 

784.354, 113, 0, 0.184109, 

784.354, 114, 0, 0.184109, 

784.354, 115, 0, 0.184109, 

784.354, 116, 0, 0.184109, 

784.354, 117, 0, 0.184109, 

784.354, 118, 0, 0.184109, 

784.354, 119, 0, 0.184109, 

789.784, 0, 0, 0.184109, 

789.784, 1, 0, 0.184109, 

789.784, 2, 0, 0.184109, 

789.784, 3, 0, 0.184109, 

789.784, 4, 0, 0.184109, 

789.784, 5, 0, 0.184109, 

789.784, 6, 0, 0.184109, 

789.784, 7, 0, 0.184109, 

789.784, 8, 0, 0.184109, 

789.784, 9, 0, 0.184109, 

789.784, 10, 0, 0.184109, 

789.784, 11, 0, 0.184109, 

789.784, 12, 0, 0.184109, 

789.784, 13, 0, 0.184109, 

789.784, 14, 0, 0.184109, 

789.784, 15, 0, 0.184109, 

789.784, 16, 0, 0.184109, 

789.784, 17, 0, 0.184109, 

789.784, 18, 0, 0.184109, 

789.784, 19, 0, 0.184109, 

789.784, 20, 0, 0.184109, 

789.784, 21, 0, 0.184109, 

789.784, 22, 0, 0.184109, 

789.784, 23, 0, 0.184109, 

789.784, 24, 0, 0.184109, 

789.784, 25, 0, 0.184109, 

789.784, 26, 0, 0.184109, 

789.784, 27, 0, 0.184109, 

789.784, 28, 0, 0.184109, 

789.784, 29, 0, 0.184109, 

789.784, 30, 0, 0.184109, 

789.784, 31, 0, 0.184109, 

789.784, 32, 0, 0.184109, 

789.784, 33, 0, 0.184109, 

789.784, 34, 0, 0.184109, 

789.784, 35, 0, 0.184109, 

789.784, 36, 0, 0.184109, 

789.784, 37, 0, 0.184109, 

789.784, 38, 0, 0.184109, 

789.784, 39, 0, 0.184109, 

789.784, 40, 0, 0.184109, 

789.784, 41, 0, 0.184109, 

789.784, 42, 0, 0.184109, 

789.784, 43, 0, 0.184109, 

789.784, 44, 0, 0.184109, 

789.784, 45, 0, 0.184109, 

789.784, 46, 0, 0.184109, 

789.784, 47, 0, 0.184109, 

789.784, 48, 0, 0.184109, 

789.784, 49, 0, 0.184109, 

789.784, 50, 0, 0.184109, 

789.784, 51, 0, 0.184109, 

789.784, 52, 0, 0.184109, 

789.784, 53, 0, 0.184109, 

789.784, 54, 0, 0.184109, 

789.784, 55, 0, 0.184109, 

789.784, 56, 0, 0.184109, 

789.784, 57, 0, 0.184109, 

789.784, 58, 0, 0.184109, 

789.784, 59, 0, 0.184109, 

789.784, 60, 0, 0.184109, 

789.784, 61, 0, 0.184109, 

789.784, 62, 0, 0.184109, 

789.784, 63, 0, 0.184109, 

789.784, 64, 0, 0.184109, 

789.784, 65, 0, 0.184109, 

789.784, 66, 0, 0.184109, 

789.784, 67, 0, 0.184109, 

789.784, 68, 0, 0.184109, 

789.784, 69, 0, 0.184109, 

789.784, 70, 0, 0.184109, 

789.784, 71, 0, 0.184109, 

789.784, 72, 0, 0.184109, 

789.784, 73, 0, 0.184109, 

789.784, 74, 0, 0.184109, 

789.784, 75, 0, 0.184109, 

789.784, 76, 0, 0.184109, 

789.784, 77, 0, 0.184109, 

789.784, 78, 0, 0.184109, 

789.784, 79, 0, 0.184109, 

789.784, 80, 0, 0.184109, 

789.784, 81, 0, 0.184109, 

789.784, 82, 0, 0.184109, 

789.784, 83, 0, 0.184109, 

789.784, 84, 0, 0.184109, 

789.784, 85, 0, 0.184109, 

789.784, 86, 0, 0.184109, 

789.784, 87, 0, 0.184109, 

789.784, 88, 0, 0.184109, 

789.784, 89, 0, 0.184109, 

789.784, 90, 0, 0.184109, 

789.784, 91, 0, 0.184109, 

789.784, 92, 0, 0.184109, 

789.784, 93, 0, 0.184109, 

789.784, 94, 0, 0.184109, 

789.784, 95, 0, 0.184109, 

789.784, 96, 0, 0.184109, 

789.784, 97, 0, 0.184109, 

789.784, 98, 0, 0.184109, 

789.784, 99, 0, 0.184109, 

789.784, 100, 0, 0.184109, 

789.784, 101, 0, 0.184109, 

789.784, 102, 0, 0.184109, 

789.784, 103, 0, 0.184109, 

789.784, 104, 0, 0.184109, 

789.784, 105, 0, 0.184109, 

789.784, 106, 0, 0.184109, 

789.784, 107, 0, 0.184109, 

789.784, 108, 0, 0.184109, 

789.784, 109, 0, 0.184109, 

789.784, 110, 0, 0.184109, 

789.784, 111, 0, 0.184109, 

789.784, 112, 0, 0.184109, 

789.784, 113, 0, 0.184109, 

789.784, 114, 0, 0.184109, 

789.784, 115, 0, 0.184109, 

789.784, 116, 0, 0.184109, 

789.784, 117, 0, 0.184109, 

789.784, 118, 0, 0.184109, 

789.784, 119, 0, 0.184109, 

795.214, 0, 0, 0.184109, 

795.214, 1, 0, 0.184109, 

795.214, 2, 0, 0.184109, 

795.214, 3, 0, 0.184109, 

795.214, 4, 0, 0.184109, 

795.214, 5, 0, 0.184109, 

795.214, 6, 0, 0.184109, 

795.214, 7, 0, 0.184109, 

795.214, 8, 0, 0.184109, 

795.214, 9, 0, 0.184109, 

795.214, 10, 0, 0.184109, 

795.214, 11, 0, 0.184109, 

795.214, 12, 0, 0.184109, 

795.214, 13, 0, 0.184109, 

795.214, 14, 0, 0.184109, 

795.214, 15, 0, 0.184109, 

795.214, 16, 0, 0.184109, 

795.214, 17, 0, 0.184109, 

795.214, 18, 0, 0.184109, 

795.214, 19, 0, 0.184109, 

795.214, 20, 0, 0.184109, 

795.214, 21, 0, 0.184109, 

795.214, 22, 0, 0.184109, 

795.214, 23, 0, 0.184109, 

795.214, 24, 0, 0.184109, 

795.214, 25, 0, 0.184109, 

795.214, 26, 0, 0.184109, 

795.214, 27, 0, 0.184109, 

795.214, 28, 0, 0.184109, 

795.214, 29, 0, 0.184109, 

795.214, 30, 0, 0.184109, 

795.214, 31, 0, 0.184109, 

795.214, 32, 0, 0.184109, 

795.214, 33, 0, 0.184109, 

795.214, 34, 0, 0.184109, 

795.214, 35, 0, 0.184109, 

795.214, 36, 0, 0.184109, 

795.214, 37, 0, 0.184109, 

795.214, 38, 0, 0.184109, 

795.214, 39, 0, 0.184109, 

795.214, 40, 0, 0.184109, 

795.214, 41, 0, 0.184109, 

795.214, 42, 0, 0.184109, 

795.214, 43, 0, 0.184109, 

795.214, 44, 0, 0.184109, 

795.214, 45, 0, 0.184109, 

795.214, 46, 0, 0.184109, 

795.214, 47, 0, 0.184109, 

795.214, 48, 0, 0.184109, 

795.214, 49, 0, 0.184109, 

795.214, 50, 0, 0.184109, 

795.214, 51, 0, 0.184109, 

795.214, 52, 0, 0.184109, 

795.214, 53, 0, 0.184109, 

795.214, 54, 0, 0.184109, 

795.214, 55, 0, 0.184109, 

795.214, 56, 0, 0.184109, 

795.214, 57, 0, 0.184109, 

795.214, 58, 0, 0.184109, 

795.214, 59, 0, 0.184109, 

795.214, 60, 0, 0.184109, 

795.214, 61, 0, 0.184109, 

795.214, 62, 0, 0.184109, 

795.214, 63, 0, 0.184109, 

795.214, 64, 0, 0.184109, 

795.214, 65, 0, 0.184109, 

795.214, 66, 0, 0.184109, 

795.214, 67, 0, 0.184109, 

795.214, 68, 0, 0.184109, 

795.214, 69, 0, 0.184109, 

795.214, 70, 0, 0.184109, 

795.214, 71, 0, 0.184109, 

795.214, 72, 0, 0.184109, 

795.214, 73, 0, 0.184109, 

795.214, 74, 0, 0.184109, 

795.214, 75, 0, 0.184109, 

795.214, 76, 0, 0.184109, 

795.214, 77, 0, 0.184109, 

795.214, 78, 0, 0.184109, 

795.214, 79, 0, 0.184109, 

795.214, 80, 0, 0.184109, 

795.214, 81, 0, 0.184109, 

795.214, 82, 0, 0.184109, 

795.214, 83, 0, 0.184109, 

795.214, 84, 0, 0.184109, 

795.214, 85, 0, 0.184109, 

795.214, 86, 0, 0.184109, 

795.214, 87, 0, 0.184109, 

795.214, 88, 0, 0.184109, 

795.214, 89, 0, 0.184109, 

795.214, 90, 0, 0.184109, 

795.214, 91, 0, 0.184109, 

795.214, 92, 0, 0.184109, 

795.214, 93, 0, 0.184109, 

795.214, 94, 0, 0.184109, 

795.214, 95, 0, 0.184109, 

795.214, 96, 0, 0.184109, 

795.214, 97, 0, 0.184109, 

795.214, 98, 0, 0.184109, 

795.214, 99, 0, 0.184109, 

795.214, 100, 0, 0.184109, 

795.214, 101, 0, 0.184109, 

795.214, 102, 0, 0.184109, 

795.214, 103, 0, 0.184109, 

795.214, 104, 0, 0.184109, 

795.214, 105, 0, 0.184109, 

795.214, 106, 0, 0.184109, 

795.214, 107, 0, 0.184109, 

795.214, 108, 0, 0.184109, 

795.214, 109, 0, 0.184109, 

795.214, 110, 0, 0.184109, 

795.214, 111, 0, 0.184109, 

795.214, 112, 0, 0.184109, 

795.214, 113, 0, 0.184109, 

795.214, 114, 0, 0.184109, 

795.214, 115, 0, 0.184109, 

795.214, 116, 0, 0.184109, 

795.214, 117, 0, 0.184109, 

795.214, 118, 0, 0.184109, 

795.214, 119, 0, 0.184109, 

800.645, 0, 0, 0.184109, 

800.645, 1, 0, 0.184109, 

800.645, 2, 0, 0.184109, 

800.645, 3, 0, 0.184109, 

800.645, 4, 0, 0.184109, 

800.645, 5, 0, 0.184109, 

800.645, 6, 0, 0.184109, 

800.645, 7, 0, 0.184109, 

800.645, 8, 0, 0.184109, 

800.645, 9, 0, 0.184109, 

800.645, 10, 0, 0.184109, 

800.645, 11, 0, 0.184109, 

800.645, 12, 0, 0.184109, 

800.645, 13, 0, 0.184109, 

800.645, 14, 0, 0.184109, 

800.645, 15, 0, 0.184109, 

800.645, 16, 0, 0.184109, 

800.645, 17, 0, 0.184109, 

800.645, 18, 0, 0.184109, 

800.645, 19, 0, 0.184109, 

800.645, 20, 0, 0.184109, 

800.645, 21, 0, 0.184109, 

800.645, 22, 0, 0.184109, 

800.645, 23, 0, 0.184109, 

800.645, 24, 0, 0.184109, 

800.645, 25, 0, 0.184109, 

800.645, 26, 0, 0.184109, 

800.645, 27, 0, 0.184109, 

800.645, 28, 0, 0.184109, 

800.645, 29, 0, 0.184109, 

800.645, 30, 0, 0.184109, 

800.645, 31, 0, 0.184109, 

800.645, 32, 0, 0.184109, 

800.645, 33, 0, 0.184109, 

800.645, 34, 0, 0.184109, 

800.645, 35, 0, 0.184109, 

800.645, 36, 0, 0.184109, 

800.645, 37, 0, 0.184109, 

800.645, 38, 0, 0.184109, 

800.645, 39, 0, 0.184109, 

800.645, 40, 0, 0.184109, 

800.645, 41, 0, 0.184109, 

800.645, 42, 0, 0.184109, 

800.645, 43, 0, 0.184109, 

800.645, 44, 0, 0.184109, 

800.645, 45, 0, 0.184109, 

800.645, 46, 0, 0.184109, 

800.645, 47, 0, 0.184109, 

800.645, 48, 0, 0.184109, 

800.645, 49, 0, 0.184109, 

800.645, 50, 0, 0.184109, 

800.645, 51, 0, 0.184109, 

800.645, 52, 0, 0.184109, 

800.645, 53, 0, 0.184109, 

800.645, 54, 0, 0.184109, 

800.645, 55, 0, 0.184109, 

800.645, 56, 0, 0.184109, 

800.645, 57, 0, 0.184109, 

800.645, 58, 0, 0.184109, 

800.645, 59, 0, 0.184109, 

800.645, 60, 0, 0.184109, 

800.645, 61, 0, 0.184109, 

800.645, 62, 0, 0.184109, 

800.645, 63, 0, 0.184109, 

800.645, 64, 0, 0.184109, 

800.645, 65, 0, 0.184109, 

800.645, 66, 0, 0.184109, 

800.645, 67, 0, 0.184109, 

800.645, 68, 0, 0.184109, 

800.645, 69, 0, 0.184109, 

800.645, 70, 0, 0.184109, 

800.645, 71, 0, 0.184109, 

800.645, 72, 0, 0.184109, 

800.645, 73, 0, 0.184109, 

800.645, 74, 0, 0.184109, 

800.645, 75, 0, 0.184109, 

800.645, 76, 0, 0.184109, 

800.645, 77, 0, 0.184109, 

800.645, 78, 0, 0.184109, 

800.645, 79, 0, 0.184109, 

800.645, 80, 0, 0.184109, 

800.645, 81, 0, 0.184109, 

800.645, 82, 0, 0.184109, 

800.645, 83, 0, 0.184109, 

800.645, 84, 0, 0.184109, 

800.645, 85, 0, 0.184109, 

800.645, 86, 0, 0.184109, 

800.645, 87, 0, 0.184109, 

800.645, 88, 0, 0.184109, 

800.645, 89, 0, 0.184109, 

800.645, 90, 0, 0.184109, 

800.645, 91, 0, 0.184109, 

800.645, 92, 0, 0.184109, 

800.645, 93, 0, 0.184109, 

800.645, 94, 0, 0.184109, 

800.645, 95, 0, 0.184109, 

800.645, 96, 0, 0.184109, 

800.645, 97, 0, 0.184109, 

800.645, 98, 0, 0.184109, 

800.645, 99, 0, 0.184109, 

800.645, 100, 0, 0.184109, 

800.645, 101, 0, 0.184109, 

800.645, 102, 0, 0.184109, 

800.645, 103, 0, 0.184109, 

800.645, 104, 0, 0.184109, 

800.645, 105, 0, 0.184109, 

800.645, 106, 0, 0.184109, 

800.645, 107, 0, 0.184109, 

800.645, 108, 0, 0.184109, 

800.645, 109, 0, 0.184109, 

800.645, 110, 0, 0.184109, 

800.645, 111, 0, 0.184109, 

800.645, 112, 0, 0.184109, 

800.645, 113, 0, 0.184109, 

800.645, 114, 0, 0.184109, 

800.645, 115, 0, 0.184109, 

800.645, 116, 0, 0.184109, 

800.645, 117, 0, 0.184109, 

800.645, 118, 0, 0.184109, 

800.645, 119, 0, 0.184109, 

806.075, 0, 0, 0.184109, 

806.075, 1, 0, 0.184109, 

806.075, 2, 0, 0.184109, 

806.075, 3, 0, 0.184109, 

806.075, 4, 0, 0.184109, 

806.075, 5, 0, 0.184109, 

806.075, 6, 0, 0.184109, 

806.075, 7, 0, 0.184109, 

806.075, 8, 0, 0.184109, 

806.075, 9, 0, 0.184109, 

806.075, 10, 0, 0.184109, 

806.075, 11, 0, 0.184109, 

806.075, 12, 0, 0.184109, 

806.075, 13, 0, 0.184109, 

806.075, 14, 0, 0.184109, 

806.075, 15, 0, 0.184109, 

806.075, 16, 0, 0.184109, 

806.075, 17, 0, 0.184109, 

806.075, 18, 0, 0.184109, 

806.075, 19, 0, 0.184109, 

806.075, 20, 0, 0.184109, 

806.075, 21, 0, 0.184109, 

806.075, 22, 0, 0.184109, 

806.075, 23, 0, 0.184109, 

806.075, 24, 0, 0.184109, 

806.075, 25, 0, 0.184109, 

806.075, 26, 0, 0.184109, 

806.075, 27, 0, 0.184109, 

806.075, 28, 0, 0.184109, 

806.075, 29, 0, 0.184109, 

806.075, 30, 0, 0.184109, 

806.075, 31, 0, 0.184109, 

806.075, 32, 0, 0.184109, 

806.075, 33, 0, 0.184109, 

806.075, 34, 0, 0.184109, 

806.075, 35, 0, 0.184109, 

806.075, 36, 0, 0.184109, 

806.075, 37, 0, 0.184109, 

806.075, 38, 0, 0.184109, 

806.075, 39, 0, 0.184109, 

806.075, 40, 0, 0.184109, 

806.075, 41, 0, 0.184109, 

806.075, 42, 0, 0.184109, 

806.075, 43, 0, 0.184109, 

806.075, 44, 0, 0.184109, 

806.075, 45, 0, 0.184109, 

806.075, 46, 0, 0.184109, 

806.075, 47, 0, 0.184109, 

806.075, 48, 0, 0.184109, 

806.075, 49, 0, 0.184109, 

806.075, 50, 0, 0.184109, 

806.075, 51, 0, 0.184109, 

806.075, 52, 0, 0.184109, 

806.075, 53, 0, 0.184109, 

806.075, 54, 0, 0.184109, 

806.075, 55, 0, 0.184109, 

806.075, 56, 0, 0.184109, 

806.075, 57, 0, 0.184109, 

806.075, 58, 0, 0.184109, 

806.075, 59, 0, 0.184109, 

806.075, 60, 0, 0.184109, 

806.075, 61, 0, 0.184109, 

806.075, 62, 0, 0.184109, 

806.075, 63, 0, 0.184109, 

806.075, 64, 0, 0.184109, 

806.075, 65, 0, 0.184109, 

806.075, 66, 0, 0.184109, 

806.075, 67, 0, 0.184109, 

806.075, 68, 0, 0.184109, 

806.075, 69, 0, 0.184109, 

806.075, 70, 0, 0.184109, 

806.075, 71, 0, 0.184109, 

806.075, 72, 0, 0.184109, 

806.075, 73, 0, 0.184109, 

806.075, 74, 0, 0.184109, 

806.075, 75, 0, 0.184109, 

806.075, 76, 0, 0.184109, 

806.075, 77, 0, 0.184109, 

806.075, 78, 0, 0.184109, 

806.075, 79, 0, 0.184109, 

806.075, 80, 0, 0.184109, 

806.075, 81, 0, 0.184109, 

806.075, 82, 0, 0.184109, 

806.075, 83, 0, 0.184109, 

806.075, 84, 0, 0.184109, 

806.075, 85, 0, 0.184109, 

806.075, 86, 0, 0.184109, 

806.075, 87, 0, 0.184109, 

806.075, 88, 0, 0.184109, 

806.075, 89, 0, 0.184109, 

806.075, 90, 0, 0.184109, 

806.075, 91, 0, 0.184109, 

806.075, 92, 0, 0.184109, 

806.075, 93, 0, 0.184109, 

806.075, 94, 0, 0.184109, 

806.075, 95, 0, 0.184109, 

806.075, 96, 0, 0.184109, 

806.075, 97, 0, 0.184109, 

806.075, 98, 0, 0.184109, 

806.075, 99, 0, 0.184109, 

806.075, 100, 0, 0.184109, 

806.075, 101, 0, 0.184109, 

806.075, 102, 0, 0.184109, 

806.075, 103, 0, 0.184109, 

806.075, 104, 0, 0.184109, 

806.075, 105, 0, 0.184109, 

806.075, 106, 0, 0.184109, 

806.075, 107, 0, 0.184109, 

806.075, 108, 0, 0.184109, 

806.075, 109, 0, 0.184109, 

806.075, 110, 0, 0.184109, 

806.075, 111, 0, 0.184109, 

806.075, 112, 0, 0.184109, 

806.075, 113, 0, 0.184109, 

806.075, 114, 0, 0.184109, 

806.075, 115, 0, 0.184109, 

806.075, 116, 0, 0.184109, 

806.075, 117, 0, 0.184109, 

806.075, 118, 0, 0.184109, 

806.075, 119, 0, 0.184109, 

811.505, 0, 0, 0.184109, 

811.505, 1, 0, 0.184109, 

811.505, 2, 0, 0.184109, 

811.505, 3, 0, 0.184109, 

811.505, 4, 0, 0.184109, 

811.505, 5, 0, 0.184109, 

811.505, 6, 0, 0.184109, 

811.505, 7, 0, 0.184109, 

811.505, 8, 0, 0.184109, 

811.505, 9, 0, 0.184109, 

811.505, 10, 0, 0.184109, 

811.505, 11, 0, 0.184109, 

811.505, 12, 0, 0.184109, 

811.505, 13, 0, 0.184109, 

811.505, 14, 0, 0.184109, 

811.505, 15, 0, 0.184109, 

811.505, 16, 0, 0.184109, 

811.505, 17, 0, 0.184109, 

811.505, 18, 0, 0.184109, 

811.505, 19, 0, 0.184109, 

811.505, 20, 0, 0.184109, 

811.505, 21, 0, 0.184109, 

811.505, 22, 0, 0.184109, 

811.505, 23, 0, 0.184109, 

811.505, 24, 0, 0.184109, 

811.505, 25, 0, 0.184109, 

811.505, 26, 0, 0.184109, 

811.505, 27, 0, 0.184109, 

811.505, 28, 0, 0.184109, 

811.505, 29, 0, 0.184109, 

811.505, 30, 0, 0.184109, 

811.505, 31, 0, 0.184109, 

811.505, 32, 0, 0.184109, 

811.505, 33, 0, 0.184109, 

811.505, 34, 0, 0.184109, 

811.505, 35, 0, 0.184109, 

811.505, 36, 0, 0.184109, 

811.505, 37, 0, 0.184109, 

811.505, 38, 0, 0.184109, 

811.505, 39, 0, 0.184109, 

811.505, 40, 0, 0.184109, 

811.505, 41, 0, 0.184109, 

811.505, 42, 0, 0.184109, 

811.505, 43, 0, 0.184109, 

811.505, 44, 0, 0.184109, 

811.505, 45, 0, 0.184109, 

811.505, 46, 0, 0.184109, 

811.505, 47, 0, 0.184109, 

811.505, 48, 0, 0.184109, 

811.505, 49, 0, 0.184109, 

811.505, 50, 0, 0.184109, 

811.505, 51, 0, 0.184109, 

811.505, 52, 0, 0.184109, 

811.505, 53, 0, 0.184109, 

811.505, 54, 0, 0.184109, 

811.505, 55, 0, 0.184109, 

811.505, 56, 0, 0.184109, 

811.505, 57, 0, 0.184109, 

811.505, 58, 0, 0.184109, 

811.505, 59, 0, 0.184109, 

811.505, 60, 0, 0.184109, 

811.505, 61, 0, 0.184109, 

811.505, 62, 0, 0.184109, 

811.505, 63, 0, 0.184109, 

811.505, 64, 0, 0.184109, 

811.505, 65, 0, 0.184109, 

811.505, 66, 0, 0.184109, 

811.505, 67, 0, 0.184109, 

811.505, 68, 0, 0.184109, 

811.505, 69, 0, 0.184109, 

811.505, 70, 0, 0.184109, 

811.505, 71, 0, 0.184109, 

811.505, 72, 0, 0.184109, 

811.505, 73, 0, 0.184109, 

811.505, 74, 0, 0.184109, 

811.505, 75, 0, 0.184109, 

811.505, 76, 0, 0.184109, 

811.505, 77, 0, 0.184109, 

811.505, 78, 0, 0.184109, 

811.505, 79, 0, 0.184109, 

811.505, 80, 0, 0.184109, 

811.505, 81, 0, 0.184109, 

811.505, 82, 0, 0.184109, 

811.505, 83, 0, 0.184109, 

811.505, 84, 0, 0.184109, 

811.505, 85, 0, 0.184109, 

811.505, 86, 0, 0.184109, 

811.505, 87, 0, 0.184109, 

811.505, 88, 0, 0.184109, 

811.505, 89, 0, 0.184109, 

811.505, 90, 0, 0.184109, 

811.505, 91, 0, 0.184109, 

811.505, 92, 0, 0.184109, 

811.505, 93, 0, 0.184109, 

811.505, 94, 0, 0.184109, 

811.505, 95, 0, 0.184109, 

811.505, 96, 0, 0.184109, 

811.505, 97, 0, 0.184109, 

811.505, 98, 0, 0.184109, 

811.505, 99, 0, 0.184109, 

811.505, 100, 0, 0.184109, 

811.505, 101, 0, 0.184109, 

811.505, 102, 0, 0.184109, 

811.505, 103, 0, 0.184109, 

811.505, 104, 0, 0.184109, 

811.505, 105, 0, 0.184109, 

811.505, 106, 0, 0.184109, 

811.505, 107, 0, 0.184109, 

811.505, 108, 0, 0.184109, 

811.505, 109, 0, 0.184109, 

811.505, 110, 0, 0.184109, 

811.505, 111, 0, 0.184109, 

811.505, 112, 0, 0.184109, 

811.505, 113, 0, 0.184109, 

811.505, 114, 0, 0.184109, 

811.505, 115, 0, 0.184109, 

811.505, 116, 0, 0.184109, 

811.505, 117, 0, 0.184109, 

811.505, 118, 0, 0.184109, 

811.505, 119, 0, 0.184109, 

816.936, 0, 0, 0.184109, 

816.936, 1, 0, 0.184109, 

816.936, 2, 0, 0.184109, 

816.936, 3, 0, 0.184109, 

816.936, 4, 0, 0.184109, 

816.936, 5, 0, 0.184109, 

816.936, 6, 0, 0.184109, 

816.936, 7, 0, 0.184109, 

816.936, 8, 0, 0.184109, 

816.936, 9, 0, 0.184109, 

816.936, 10, 0, 0.184109, 

816.936, 11, 0, 0.184109, 

816.936, 12, 0, 0.184109, 

816.936, 13, 0, 0.184109, 

816.936, 14, 0, 0.184109, 

816.936, 15, 0, 0.184109, 

816.936, 16, 0, 0.184109, 

816.936, 17, 0, 0.184109, 

816.936, 18, 0, 0.184109, 

816.936, 19, 0, 0.184109, 

816.936, 20, 0, 0.184109, 

816.936, 21, 0, 0.184109, 

816.936, 22, 0, 0.184109, 

816.936, 23, 0, 0.184109, 

816.936, 24, 0, 0.184109, 

816.936, 25, 0, 0.184109, 

816.936, 26, 0, 0.184109, 

816.936, 27, 0, 0.184109, 

816.936, 28, 0, 0.184109, 

816.936, 29, 0, 0.184109, 

816.936, 30, 0, 0.184109, 

816.936, 31, 0, 0.184109, 

816.936, 32, 0, 0.184109, 

816.936, 33, 0, 0.184109, 

816.936, 34, 0, 0.184109, 

816.936, 35, 0, 0.184109, 

816.936, 36, 0, 0.184109, 

816.936, 37, 0, 0.184109, 

816.936, 38, 0, 0.184109, 

816.936, 39, 0, 0.184109, 

816.936, 40, 0, 0.184109, 

816.936, 41, 0, 0.184109, 

816.936, 42, 0, 0.184109, 

816.936, 43, 0, 0.184109, 

816.936, 44, 0, 0.184109, 

816.936, 45, 0, 0.184109, 

816.936, 46, 0, 0.184109, 

816.936, 47, 0, 0.184109, 

816.936, 48, 0, 0.184109, 

816.936, 49, 0, 0.184109, 

816.936, 50, 0, 0.184109, 

816.936, 51, 0, 0.184109, 

816.936, 52, 0, 0.184109, 

816.936, 53, 0, 0.184109, 

816.936, 54, 0, 0.184109, 

816.936, 55, 0, 0.184109, 

816.936, 56, 0, 0.184109, 

816.936, 57, 0, 0.184109, 

816.936, 58, 0, 0.184109, 

816.936, 59, 0, 0.184109, 

816.936, 60, 0, 0.184109, 

816.936, 61, 0, 0.184109, 

816.936, 62, 0, 0.184109, 

816.936, 63, 0, 0.184109, 

816.936, 64, 0, 0.184109, 

816.936, 65, 0, 0.184109, 

816.936, 66, 0, 0.184109, 

816.936, 67, 0, 0.184109, 

816.936, 68, 0, 0.184109, 

816.936, 69, 0, 0.184109, 

816.936, 70, 0, 0.184109, 

816.936, 71, 0, 0.184109, 

816.936, 72, 0, 0.184109, 

816.936, 73, 0, 0.184109, 

816.936, 74, 0, 0.184109, 

816.936, 75, 0, 0.184109, 

816.936, 76, 0, 0.184109, 

816.936, 77, 0, 0.184109, 

816.936, 78, 0, 0.184109, 

816.936, 79, 0, 0.184109, 

816.936, 80, 0, 0.184109, 

816.936, 81, 0, 0.184109, 

816.936, 82, 0, 0.184109, 

816.936, 83, 0, 0.184109, 

816.936, 84, 0, 0.184109, 

816.936, 85, 0, 0.184109, 

816.936, 86, 0, 0.184109, 

816.936, 87, 0, 0.184109, 

816.936, 88, 0, 0.184109, 

816.936, 89, 0, 0.184109, 

816.936, 90, 0, 0.184109, 

816.936, 91, 0, 0.184109, 

816.936, 92, 0, 0.184109, 

816.936, 93, 0, 0.184109, 

816.936, 94, 0, 0.184109, 

816.936, 95, 0, 0.184109, 

816.936, 96, 0, 0.184109, 

816.936, 97, 0, 0.184109, 

816.936, 98, 0, 0.184109, 

816.936, 99, 0, 0.184109, 

816.936, 100, 0, 0.184109, 

816.936, 101, 0, 0.184109, 

816.936, 102, 0, 0.184109, 

816.936, 103, 0, 0.184109, 

816.936, 104, 0, 0.184109, 

816.936, 105, 0, 0.184109, 

816.936, 106, 0, 0.184109, 

816.936, 107, 0, 0.184109, 

816.936, 108, 0, 0.184109, 

816.936, 109, 0, 0.184109, 

816.936, 110, 0, 0.184109, 

816.936, 111, 0, 0.184109, 

816.936, 112, 0, 0.184109, 

816.936, 113, 0, 0.184109, 

816.936, 114, 0, 0.184109, 

816.936, 115, 0, 0.184109, 

816.936, 116, 0, 0.184109, 

816.936, 117, 0, 0.184109, 

816.936, 118, 0, 0.184109, 

816.936, 119, 0, 0.184109, 

822.366, 0, 0, 0.184109, 

822.366, 1, 0, 0.184109, 

822.366, 2, 0, 0.184109, 

822.366, 3, 0, 0.184109, 

822.366, 4, 0, 0.184109, 

822.366, 5, 0, 0.184109, 

822.366, 6, 0, 0.184109, 

822.366, 7, 0, 0.184109, 

822.366, 8, 0, 0.184109, 

822.366, 9, 0, 0.184109, 

822.366, 10, 0, 0.184109, 

822.366, 11, 0, 0.184109, 

822.366, 12, 0, 0.184109, 

822.366, 13, 0, 0.184109, 

822.366, 14, 0, 0.184109, 

822.366, 15, 0, 0.184109, 

822.366, 16, 0, 0.184109, 

822.366, 17, 0, 0.184109, 

822.366, 18, 0, 0.184109, 

822.366, 19, 0, 0.184109, 

822.366, 20, 0, 0.184109, 

822.366, 21, 0, 0.184109, 

822.366, 22, 0, 0.184109, 

822.366, 23, 0, 0.184109, 

822.366, 24, 0, 0.184109, 

822.366, 25, 0, 0.184109, 

822.366, 26, 0, 0.184109, 

822.366, 27, 0, 0.184109, 

822.366, 28, 0, 0.184109, 

822.366, 29, 0, 0.184109, 

822.366, 30, 0, 0.184109, 

822.366, 31, 0, 0.184109, 

822.366, 32, 0, 0.184109, 

822.366, 33, 0, 0.184109, 

822.366, 34, 0, 0.184109, 

822.366, 35, 0, 0.184109, 

822.366, 36, 0, 0.184109, 

822.366, 37, 0, 0.184109, 

822.366, 38, 0, 0.184109, 

822.366, 39, 0, 0.184109, 

822.366, 40, 0, 0.184109, 

822.366, 41, 0, 0.184109, 

822.366, 42, 0, 0.184109, 

822.366, 43, 0, 0.184109, 

822.366, 44, 0, 0.184109, 

822.366, 45, 0, 0.184109, 

822.366, 46, 0, 0.184109, 

822.366, 47, 0, 0.184109, 

822.366, 48, 0, 0.184109, 

822.366, 49, 0, 0.184109, 

822.366, 50, 0, 0.184109, 

822.366, 51, 0, 0.184109, 

822.366, 52, 0, 0.184109, 

822.366, 53, 0, 0.184109, 

822.366, 54, 0, 0.184109, 

822.366, 55, 0, 0.184109, 

822.366, 56, 0, 0.184109, 

822.366, 57, 0, 0.184109, 

822.366, 58, 0, 0.184109, 

822.366, 59, 0, 0.184109, 

822.366, 60, 0, 0.184109, 

822.366, 61, 0, 0.184109, 

822.366, 62, 0, 0.184109, 

822.366, 63, 0, 0.184109, 

822.366, 64, 0, 0.184109, 

822.366, 65, 0, 0.184109, 

822.366, 66, 0, 0.184109, 

822.366, 67, 0, 0.184109, 

822.366, 68, 0, 0.184109, 

822.366, 69, 0, 0.184109, 

822.366, 70, 0, 0.184109, 

822.366, 71, 0, 0.184109, 

822.366, 72, 0, 0.184109, 

822.366, 73, 0, 0.184109, 

822.366, 74, 0, 0.184109, 

822.366, 75, 0, 0.184109, 

822.366, 76, 0, 0.184109, 

822.366, 77, 0, 0.184109, 

822.366, 78, 0, 0.184109, 

822.366, 79, 0, 0.184109, 

822.366, 80, 0, 0.184109, 

822.366, 81, 0, 0.184109, 

822.366, 82, 0, 0.184109, 

822.366, 83, 0, 0.184109, 

822.366, 84, 0, 0.184109, 

822.366, 85, 0, 0.184109, 

822.366, 86, 0, 0.184109, 

822.366, 87, 0, 0.184109, 

822.366, 88, 0, 0.184109, 

822.366, 89, 0, 0.184109, 

822.366, 90, 0, 0.184109, 

822.366, 91, 0, 0.184109, 

822.366, 92, 0, 0.184109, 

822.366, 93, 0, 0.184109, 

822.366, 94, 0, 0.184109, 

822.366, 95, 0, 0.184109, 

822.366, 96, 0, 0.184109, 

822.366, 97, 0, 0.184109, 

822.366, 98, 0, 0.184109, 

822.366, 99, 0, 0.184109, 

822.366, 100, 0, 0.184109, 

822.366, 101, 0, 0.184109, 

822.366, 102, 0, 0.184109, 

822.366, 103, 0, 0.184109, 

822.366, 104, 0, 0.184109, 

822.366, 105, 0, 0.184109, 

822.366, 106, 0, 0.184109, 

822.366, 107, 0, 0.184109, 

822.366, 108, 0, 0.184109, 

822.366, 109, 0, 0.184109, 

822.366, 110, 0, 0.184109, 

822.366, 111, 0, 0.184109, 

822.366, 112, 0, 0.184109, 

822.366, 113, 0, 0.184109, 

822.366, 114, 0, 0.184109, 

822.366, 115, 0, 0.184109, 

822.366, 116, 0, 0.184109, 

822.366, 117, 0, 0.184109, 

822.366, 118, 0, 0.184109, 

822.366, 119, 0, 0.184109, 

827.797, 0, 0, 0.184109, 

827.797, 1, 0, 0.184109, 

827.797, 2, 0, 0.184109, 

827.797, 3, 0, 0.184109, 

827.797, 4, 0, 0.184109, 

827.797, 5, 0, 0.184109, 

827.797, 6, 0, 0.184109, 

827.797, 7, 0, 0.184109, 

827.797, 8, 0, 0.184109, 

827.797, 9, 0, 0.184109, 

827.797, 10, 0, 0.184109, 

827.797, 11, 0, 0.184109, 

827.797, 12, 0, 0.184109, 

827.797, 13, 0, 0.184109, 

827.797, 14, 0, 0.184109, 

827.797, 15, 0, 0.184109, 

827.797, 16, 0, 0.184109, 

827.797, 17, 0, 0.184109, 

827.797, 18, 0, 0.184109, 

827.797, 19, 0, 0.184109, 

827.797, 20, 0, 0.184109, 

827.797, 21, 0, 0.184109, 

827.797, 22, 0, 0.184109, 

827.797, 23, 0, 0.184109, 

827.797, 24, 0, 0.184109, 

827.797, 25, 0, 0.184109, 

827.797, 26, 0, 0.184109, 

827.797, 27, 0, 0.184109, 

827.797, 28, 0, 0.184109, 

827.797, 29, 0, 0.184109, 

827.797, 30, 0, 0.184109, 

827.797, 31, 0, 0.184109, 

827.797, 32, 0, 0.184109, 

827.797, 33, 0, 0.184109, 

827.797, 34, 0, 0.184109, 

827.797, 35, 0, 0.184109, 

827.797, 36, 0, 0.184109, 

827.797, 37, 0, 0.184109, 

827.797, 38, 0, 0.184109, 

827.797, 39, 0, 0.184109, 

827.797, 40, 0, 0.184109, 

827.797, 41, 0, 0.184109, 

827.797, 42, 0, 0.184109, 

827.797, 43, 0, 0.184109, 

827.797, 44, 0, 0.184109, 

827.797, 45, 0, 0.184109, 

827.797, 46, 0, 0.184109, 

827.797, 47, 0, 0.184109, 

827.797, 48, 0, 0.184109, 

827.797, 49, 0, 0.184109, 

827.797, 50, 0, 0.184109, 

827.797, 51, 0, 0.184109, 

827.797, 52, 0, 0.184109, 

827.797, 53, 0, 0.184109, 

827.797, 54, 0, 0.184109, 

827.797, 55, 0, 0.184109, 

827.797, 56, 0, 0.184109, 

827.797, 57, 0, 0.184109, 

827.797, 58, 0, 0.184109, 

827.797, 59, 0, 0.184109, 

827.797, 60, 0, 0.184109, 

827.797, 61, 0, 0.184109, 

827.797, 62, 0, 0.184109, 

827.797, 63, 0, 0.184109, 

827.797, 64, 0, 0.184109, 

827.797, 65, 0, 0.184109, 

827.797, 66, 0, 0.184109, 

827.797, 67, 0, 0.184109, 

827.797, 68, 0, 0.184109, 

827.797, 69, 0, 0.184109, 

827.797, 70, 0, 0.184109, 

827.797, 71, 0, 0.184109, 

827.797, 72, 0, 0.184109, 

827.797, 73, 0, 0.184109, 

827.797, 74, 0, 0.184109, 

827.797, 75, 0, 0.184109, 

827.797, 76, 0, 0.184109, 

827.797, 77, 0, 0.184109, 

827.797, 78, 0, 0.184109, 

827.797, 79, 0, 0.184109, 

827.797, 80, 0, 0.184109, 

827.797, 81, 0, 0.184109, 

827.797, 82, 0, 0.184109, 

827.797, 83, 0, 0.184109, 

827.797, 84, 0, 0.184109, 

827.797, 85, 0, 0.184109, 

827.797, 86, 0, 0.184109, 

827.797, 87, 0, 0.184109, 

827.797, 88, 0, 0.184109, 

827.797, 89, 0, 0.184109, 

827.797, 90, 0, 0.184109, 

827.797, 91, 0, 0.184109, 

827.797, 92, 0, 0.184109, 

827.797, 93, 0, 0.184109, 

827.797, 94, 0, 0.184109, 

827.797, 95, 0, 0.184109, 

827.797, 96, 0, 0.184109, 

827.797, 97, 0, 0.184109, 

827.797, 98, 0, 0.184109, 

827.797, 99, 0, 0.184109, 

827.797, 100, 0, 0.184109, 

827.797, 101, 0, 0.184109, 

827.797, 102, 0, 0.184109, 

827.797, 103, 0, 0.184109, 

827.797, 104, 0, 0.184109, 

827.797, 105, 0, 0.184109, 

827.797, 106, 0, 0.184109, 

827.797, 107, 0, 0.184109, 

827.797, 108, 0, 0.184109, 

827.797, 109, 0, 0.184109, 

827.797, 110, 0, 0.184109, 

827.797, 111, 0, 0.184109, 

827.797, 112, 0, 0.184109, 

827.797, 113, 0, 0.184109, 

827.797, 114, 0, 0.184109, 

827.797, 115, 0, 0.184109, 

827.797, 116, 0, 0.184109, 

827.797, 117, 0, 0.184109, 

827.797, 118, 0, 0.184109, 

827.797, 119, 0, 0.184109, 

833.227, 0, 0, 0.184109, 

833.227, 1, 0, 0.184109, 

833.227, 2, 0, 0.184109, 

833.227, 3, 0, 0.184109, 

833.227, 4, 0, 0.184109, 

833.227, 5, 0, 0.184109, 

833.227, 6, 0, 0.184109, 

833.227, 7, 0, 0.184109, 

833.227, 8, 0, 0.184109, 

833.227, 9, 0, 0.184109, 

833.227, 10, 0, 0.184109, 

833.227, 11, 0, 0.184109, 

833.227, 12, 0, 0.184109, 

833.227, 13, 0, 0.184109, 

833.227, 14, 0, 0.184109, 

833.227, 15, 0, 0.184109, 

833.227, 16, 0, 0.184109, 

833.227, 17, 0, 0.184109, 

833.227, 18, 0, 0.184109, 

833.227, 19, 0, 0.184109, 

833.227, 20, 0, 0.184109, 

833.227, 21, 0, 0.184109, 

833.227, 22, 0, 0.184109, 

833.227, 23, 0, 0.184109, 

833.227, 24, 0, 0.184109, 

833.227, 25, 0, 0.184109, 

833.227, 26, 0, 0.184109, 

833.227, 27, 0, 0.184109, 

833.227, 28, 0, 0.184109, 

833.227, 29, 0, 0.184109, 

833.227, 30, 0, 0.184109, 

833.227, 31, 0, 0.184109, 

833.227, 32, 0, 0.184109, 

833.227, 33, 0, 0.184109, 

833.227, 34, 0, 0.184109, 

833.227, 35, 0, 0.184109, 

833.227, 36, 0, 0.184109, 

833.227, 37, 0, 0.184109, 

833.227, 38, 0, 0.184109, 

833.227, 39, 0, 0.184109, 

833.227, 40, 0, 0.184109, 

833.227, 41, 0, 0.184109, 

833.227, 42, 0, 0.184109, 

833.227, 43, 0, 0.184109, 

833.227, 44, 0, 0.184109, 

833.227, 45, 0, 0.184109, 

833.227, 46, 0, 0.184109, 

833.227, 47, 0, 0.184109, 

833.227, 48, 0, 0.184109, 

833.227, 49, 0, 0.184109, 

833.227, 50, 0, 0.184109, 

833.227, 51, 0, 0.184109, 

833.227, 52, 0, 0.184109, 

833.227, 53, 0, 0.184109, 

833.227, 54, 0, 0.184109, 

833.227, 55, 0, 0.184109, 

833.227, 56, 0, 0.184109, 

833.227, 57, 0, 0.184109, 

833.227, 58, 0, 0.184109, 

833.227, 59, 0, 0.184109, 

833.227, 60, 0, 0.184109, 

833.227, 61, 0, 0.184109, 

833.227, 62, 0, 0.184109, 

833.227, 63, 0, 0.184109, 

833.227, 64, 0, 0.184109, 

833.227, 65, 0, 0.184109, 

833.227, 66, 0, 0.184109, 

833.227, 67, 0, 0.184109, 

833.227, 68, 0, 0.184109, 

833.227, 69, 0, 0.184109, 

833.227, 70, 0, 0.184109, 

833.227, 71, 0, 0.184109, 

833.227, 72, 0, 0.184109, 

833.227, 73, 0, 0.184109, 

833.227, 74, 0, 0.184109, 

833.227, 75, 0, 0.184109, 

833.227, 76, 0, 0.184109, 

833.227, 77, 0, 0.184109, 

833.227, 78, 0, 0.184109, 

833.227, 79, 0, 0.184109, 

833.227, 80, 0, 0.184109, 

833.227, 81, 0, 0.184109, 

833.227, 82, 0, 0.184109, 

833.227, 83, 0, 0.184109, 

833.227, 84, 0, 0.184109, 

833.227, 85, 0, 0.184109, 

833.227, 86, 0, 0.184109, 

833.227, 87, 0, 0.184109, 

833.227, 88, 0, 0.184109, 

833.227, 89, 0, 0.184109, 

833.227, 90, 0, 0.184109, 

833.227, 91, 0, 0.184109, 

833.227, 92, 0, 0.184109, 

833.227, 93, 0, 0.184109, 

833.227, 94, 0, 0.184109, 

833.227, 95, 0, 0.184109, 

833.227, 96, 0, 0.184109, 

833.227, 97, 0, 0.184109, 

833.227, 98, 0, 0.184109, 

833.227, 99, 0, 0.184109, 

833.227, 100, 0, 0.184109, 

833.227, 101, 0, 0.184109, 

833.227, 102, 0, 0.184109, 

833.227, 103, 0, 0.184109, 

833.227, 104, 0, 0.184109, 

833.227, 105, 0, 0.184109, 

833.227, 106, 0, 0.184109, 

833.227, 107, 0, 0.184109, 

833.227, 108, 0, 0.184109, 

833.227, 109, 0, 0.184109, 

833.227, 110, 0, 0.184109, 

833.227, 111, 0, 0.184109, 

833.227, 112, 0, 0.184109, 

833.227, 113, 0, 0.184109, 

833.227, 114, 0, 0.184109, 

833.227, 115, 0, 0.184109, 

833.227, 116, 0, 0.184109, 

833.227, 117, 0, 0.184109, 

833.227, 118, 0, 0.184109, 

833.227, 119, 0, 0.184109, 

838.657, 0, 0, 0.184109, 

838.657, 1, 0, 0.184109, 

838.657, 2, 0, 0.184109, 

838.657, 3, 0, 0.184109, 

838.657, 4, 0, 0.184109, 

838.657, 5, 0, 0.184109, 

838.657, 6, 0, 0.184109, 

838.657, 7, 0, 0.184109, 

838.657, 8, 0, 0.184109, 

838.657, 9, 0, 0.184109, 

838.657, 10, 0, 0.184109, 

838.657, 11, 0, 0.184109, 

838.657, 12, 0, 0.184109, 

838.657, 13, 0, 0.184109, 

838.657, 14, 0, 0.184109, 

838.657, 15, 0, 0.184109, 

838.657, 16, 0, 0.184109, 

838.657, 17, 0, 0.184109, 

838.657, 18, 0, 0.184109, 

838.657, 19, 0, 0.184109, 

838.657, 20, 0, 0.184109, 

838.657, 21, 0, 0.184109, 

838.657, 22, 0, 0.184109, 

838.657, 23, 0, 0.184109, 

838.657, 24, 0, 0.184109, 

838.657, 25, 0, 0.184109, 

838.657, 26, 0, 0.184109, 

838.657, 27, 0, 0.184109, 

838.657, 28, 0, 0.184109, 

838.657, 29, 0, 0.184109, 

838.657, 30, 0, 0.184109, 

838.657, 31, 0, 0.184109, 

838.657, 32, 0, 0.184109, 

838.657, 33, 0, 0.184109, 

838.657, 34, 0, 0.184109, 

838.657, 35, 0, 0.184109, 

838.657, 36, 0, 0.184109, 

838.657, 37, 0, 0.184109, 

838.657, 38, 0, 0.184109, 

838.657, 39, 0, 0.184109, 

838.657, 40, 0, 0.184109, 

838.657, 41, 0, 0.184109, 

838.657, 42, 0, 0.184109, 

838.657, 43, 0, 0.184109, 

838.657, 44, 0, 0.184109, 

838.657, 45, 0, 0.184109, 

838.657, 46, 0, 0.184109, 

838.657, 47, 0, 0.184109, 

838.657, 48, 0, 0.184109, 

838.657, 49, 0, 0.184109, 

838.657, 50, 0, 0.184109, 

838.657, 51, 0, 0.184109, 

838.657, 52, 0, 0.184109, 

838.657, 53, 0, 0.184109, 

838.657, 54, 0, 0.184109, 

838.657, 55, 0, 0.184109, 

838.657, 56, 0, 0.184109, 

838.657, 57, 0, 0.184109, 

838.657, 58, 0, 0.184109, 

838.657, 59, 0, 0.184109, 

838.657, 60, 0, 0.184109, 

838.657, 61, 0, 0.184109, 

838.657, 62, 0, 0.184109, 

838.657, 63, 0, 0.184109, 

838.657, 64, 0, 0.184109, 

838.657, 65, 0, 0.184109, 

838.657, 66, 0, 0.184109, 

838.657, 67, 0, 0.184109, 

838.657, 68, 0, 0.184109, 

838.657, 69, 0, 0.184109, 

838.657, 70, 0, 0.184109, 

838.657, 71, 0, 0.184109, 

838.657, 72, 0, 0.184109, 

838.657, 73, 0, 0.184109, 

838.657, 74, 0, 0.184109, 

838.657, 75, 0, 0.184109, 

838.657, 76, 0, 0.184109, 

838.657, 77, 0, 0.184109, 

838.657, 78, 0, 0.184109, 

838.657, 79, 0, 0.184109, 

838.657, 80, 0, 0.184109, 

838.657, 81, 0, 0.184109, 

838.657, 82, 0, 0.184109, 

838.657, 83, 0, 0.184109, 

838.657, 84, 0, 0.184109, 

838.657, 85, 0, 0.184109, 

838.657, 86, 0, 0.184109, 

838.657, 87, 0, 0.184109, 

838.657, 88, 0, 0.184109, 

838.657, 89, 0, 0.184109, 

838.657, 90, 0, 0.184109, 

838.657, 91, 0, 0.184109, 

838.657, 92, 0, 0.184109, 

838.657, 93, 0, 0.184109, 

838.657, 94, 0, 0.184109, 

838.657, 95, 0, 0.184109, 

838.657, 96, 0, 0.184109, 

838.657, 97, 0, 0.184109, 

838.657, 98, 0, 0.184109, 

838.657, 99, 0, 0.184109, 

838.657, 100, 0, 0.184109, 

838.657, 101, 0, 0.184109, 

838.657, 102, 0, 0.184109, 

838.657, 103, 0, 0.184109, 

838.657, 104, 0, 0.184109, 

838.657, 105, 0, 0.184109, 

838.657, 106, 0, 0.184109, 

838.657, 107, 0, 0.184109, 

838.657, 108, 0, 0.184109, 

838.657, 109, 0, 0.184109, 

838.657, 110, 0, 0.184109, 

838.657, 111, 0, 0.184109, 

838.657, 112, 0, 0.184109, 

838.657, 113, 0, 0.184109, 

838.657, 114, 0, 0.184109, 

838.657, 115, 0, 0.184109, 

838.657, 116, 0, 0.184109, 

838.657, 117, 0, 0.184109, 

838.657, 118, 0, 0.184109, 

838.657, 119, 0, 0.184109, 

844.088, 0, 0, 0.184109, 

844.088, 1, 0, 0.184109, 

844.088, 2, 0, 0.184109, 

844.088, 3, 0, 0.184109, 

844.088, 4, 0, 0.184109, 

844.088, 5, 0, 0.184109, 

844.088, 6, 0, 0.184109, 

844.088, 7, 0, 0.184109, 

844.088, 8, 0, 0.184109, 

844.088, 9, 0, 0.184109, 

844.088, 10, 0, 0.184109, 

844.088, 11, 0, 0.184109, 

844.088, 12, 0, 0.184109, 

844.088, 13, 0, 0.184109, 

844.088, 14, 0, 0.184109, 

844.088, 15, 0, 0.184109, 

844.088, 16, 0, 0.184109, 

844.088, 17, 0, 0.184109, 

844.088, 18, 0, 0.184109, 

844.088, 19, 0, 0.184109, 

844.088, 20, 0, 0.184109, 

844.088, 21, 0, 0.184109, 

844.088, 22, 0, 0.184109, 

844.088, 23, 0, 0.184109, 

844.088, 24, 0, 0.184109, 

844.088, 25, 0, 0.184109, 

844.088, 26, 0, 0.184109, 

844.088, 27, 0, 0.184109, 

844.088, 28, 0, 0.184109, 

844.088, 29, 0, 0.184109, 

844.088, 30, 0, 0.184109, 

844.088, 31, 0, 0.184109, 

844.088, 32, 0, 0.184109, 

844.088, 33, 0, 0.184109, 

844.088, 34, 0, 0.184109, 

844.088, 35, 0, 0.184109, 

844.088, 36, 0, 0.184109, 

844.088, 37, 0, 0.184109, 

844.088, 38, 0, 0.184109, 

844.088, 39, 0, 0.184109, 

844.088, 40, 0, 0.184109, 

844.088, 41, 0, 0.184109, 

844.088, 42, 0, 0.184109, 

844.088, 43, 0, 0.184109, 

844.088, 44, 0, 0.184109, 

844.088, 45, 0, 0.184109, 

844.088, 46, 0, 0.184109, 

844.088, 47, 0, 0.184109, 

844.088, 48, 0, 0.184109, 

844.088, 49, 0, 0.184109, 

844.088, 50, 0, 0.184109, 

844.088, 51, 0, 0.184109, 

844.088, 52, 0, 0.184109, 

844.088, 53, 0, 0.184109, 

844.088, 54, 0, 0.184109, 

844.088, 55, 0, 0.184109, 

844.088, 56, 0, 0.184109, 

844.088, 57, 0, 0.184109, 

844.088, 58, 0, 0.184109, 

844.088, 59, 0, 0.184109, 

844.088, 60, 0, 0.184109, 

844.088, 61, 0, 0.184109, 

844.088, 62, 0, 0.184109, 

844.088, 63, 0, 0.184109, 

844.088, 64, 0, 0.184109, 

844.088, 65, 0, 0.184109, 

844.088, 66, 0, 0.184109, 

844.088, 67, 0, 0.184109, 

844.088, 68, 0, 0.184109, 

844.088, 69, 0, 0.184109, 

844.088, 70, 0, 0.184109, 

844.088, 71, 0, 0.184109, 

844.088, 72, 0, 0.184109, 

844.088, 73, 0, 0.184109, 

844.088, 74, 0, 0.184109, 

844.088, 75, 0, 0.184109, 

844.088, 76, 0, 0.184109, 

844.088, 77, 0, 0.184109, 

844.088, 78, 0, 0.184109, 

844.088, 79, 0, 0.184109, 

844.088, 80, 0, 0.184109, 

844.088, 81, 0, 0.184109, 

844.088, 82, 0, 0.184109, 

844.088, 83, 0, 0.184109, 

844.088, 84, 0, 0.184109, 

844.088, 85, 0, 0.184109, 

844.088, 86, 0, 0.184109, 

844.088, 87, 0, 0.184109, 

844.088, 88, 0, 0.184109, 

844.088, 89, 0, 0.184109, 

844.088, 90, 0, 0.184109, 

844.088, 91, 0, 0.184109, 

844.088, 92, 0, 0.184109, 

844.088, 93, 0, 0.184109, 

844.088, 94, 0, 0.184109, 

844.088, 95, 0, 0.184109, 

844.088, 96, 0, 0.184109, 

844.088, 97, 0, 0.184109, 

844.088, 98, 0, 0.184109, 

844.088, 99, 0, 0.184109, 

844.088, 100, 0, 0.184109, 

844.088, 101, 0, 0.184109, 

844.088, 102, 0, 0.184109, 

844.088, 103, 0, 0.184109, 

844.088, 104, 0, 0.184109, 

844.088, 105, 0, 0.184109, 

844.088, 106, 0, 0.184109, 

844.088, 107, 0, 0.184109, 

844.088, 108, 0, 0.184109, 

844.088, 109, 0, 0.184109, 

844.088, 110, 0, 0.184109, 

844.088, 111, 0, 0.184109, 

844.088, 112, 0, 0.184109, 

844.088, 113, 0, 0.184109, 

844.088, 114, 0, 0.184109, 

844.088, 115, 0, 0.184109, 

844.088, 116, 0, 0.184109, 

844.088, 117, 0, 0.184109, 

844.088, 118, 0, 0.184109, 

844.088, 119, 0, 0.184109, 

849.518, 0, 0, 0.184109, 

849.518, 1, 0, 0.184109, 

849.518, 2, 0, 0.184109, 

849.518, 3, 0, 0.184109, 

849.518, 4, 0, 0.184109, 

849.518, 5, 0, 0.184109, 

849.518, 6, 0, 0.184109, 

849.518, 7, 0, 0.184109, 

849.518, 8, 0, 0.184109, 

849.518, 9, 0, 0.184109, 

849.518, 10, 0, 0.184109, 

849.518, 11, 0, 0.184109, 

849.518, 12, 0, 0.184109, 

849.518, 13, 0, 0.184109, 

849.518, 14, 0, 0.184109, 

849.518, 15, 0, 0.184109, 

849.518, 16, 0, 0.184109, 

849.518, 17, 0, 0.184109, 

849.518, 18, 0, 0.184109, 

849.518, 19, 0, 0.184109, 

849.518, 20, 0, 0.184109, 

849.518, 21, 0, 0.184109, 

849.518, 22, 0, 0.184109, 

849.518, 23, 0, 0.184109, 

849.518, 24, 0, 0.184109, 

849.518, 25, 0, 0.184109, 

849.518, 26, 0, 0.184109, 

849.518, 27, 0, 0.184109, 

849.518, 28, 0, 0.184109, 

849.518, 29, 0, 0.184109, 

849.518, 30, 0, 0.184109, 

849.518, 31, 0, 0.184109, 

849.518, 32, 0, 0.184109, 

849.518, 33, 0, 0.184109, 

849.518, 34, 0, 0.184109, 

849.518, 35, 0, 0.184109, 

849.518, 36, 0, 0.184109, 

849.518, 37, 0, 0.184109, 

849.518, 38, 0, 0.184109, 

849.518, 39, 0, 0.184109, 

849.518, 40, 0, 0.184109, 

849.518, 41, 0, 0.184109, 

849.518, 42, 0, 0.184109, 

849.518, 43, 0, 0.184109, 

849.518, 44, 0, 0.184109, 

849.518, 45, 0, 0.184109, 

849.518, 46, 0, 0.184109, 

849.518, 47, 0, 0.184109, 

849.518, 48, 0, 0.184109, 

849.518, 49, 0, 0.184109, 

849.518, 50, 0, 0.184109, 

849.518, 51, 0, 0.184109, 

849.518, 52, 0, 0.184109, 

849.518, 53, 0, 0.184109, 

849.518, 54, 0, 0.184109, 

849.518, 55, 0, 0.184109, 

849.518, 56, 0, 0.184109, 

849.518, 57, 0, 0.184109, 

849.518, 58, 0, 0.184109, 

849.518, 59, 0, 0.184109, 

849.518, 60, 0, 0.184109, 

849.518, 61, 0, 0.184109, 

849.518, 62, 0, 0.184109, 

849.518, 63, 0, 0.184109, 

849.518, 64, 0, 0.184109, 

849.518, 65, 0, 0.184109, 

849.518, 66, 0, 0.184109, 

849.518, 67, 0, 0.184109, 

849.518, 68, 0, 0.184109, 

849.518, 69, 0, 0.184109, 

849.518, 70, 0, 0.184109, 

849.518, 71, 0, 0.184109, 

849.518, 72, 0, 0.184109, 

849.518, 73, 0, 0.184109, 

849.518, 74, 0, 0.184109, 

849.518, 75, 0, 0.184109, 

849.518, 76, 0, 0.184109, 

849.518, 77, 0, 0.184109, 

849.518, 78, 0, 0.184109, 

849.518, 79, 0, 0.184109, 

849.518, 80, 0, 0.184109, 

849.518, 81, 0, 0.184109, 

849.518, 82, 0, 0.184109, 

849.518, 83, 0, 0.184109, 

849.518, 84, 0, 0.184109, 

849.518, 85, 0, 0.184109, 

849.518, 86, 0, 0.184109, 

849.518, 87, 0, 0.184109, 

849.518, 88, 0, 0.184109, 

849.518, 89, 0, 0.184109, 

849.518, 90, 0, 0.184109, 

849.518, 91, 0, 0.184109, 

849.518, 92, 0, 0.184109, 

849.518, 93, 0, 0.184109, 

849.518, 94, 0, 0.184109, 

849.518, 95, 0, 0.184109, 

849.518, 96, 0, 0.184109, 

849.518, 97, 0, 0.184109, 

849.518, 98, 0, 0.184109, 

849.518, 99, 0, 0.184109, 

849.518, 100, 0, 0.184109, 

849.518, 101, 0, 0.184109, 

849.518, 102, 0, 0.184109, 

849.518, 103, 0, 0.184109, 

849.518, 104, 0, 0.184109, 

849.518, 105, 0, 0.184109, 

849.518, 106, 0, 0.184109, 

849.518, 107, 0, 0.184109, 

849.518, 108, 0, 0.184109, 

849.518, 109, 0, 0.184109, 

849.518, 110, 0, 0.184109, 

849.518, 111, 0, 0.184109, 

849.518, 112, 0, 0.184109, 

849.518, 113, 0, 0.184109, 

849.518, 114, 0, 0.184109, 

849.518, 115, 0, 0.184109, 

849.518, 116, 0, 0.184109, 

849.518, 117, 0, 0.184109, 

849.518, 118, 0, 0.184109, 

849.518, 119, 0, 0.184109, 

854.948, 0, 0, 0.184109, 

854.948, 1, 0, 0.184109, 

854.948, 2, 0, 0.184109, 

854.948, 3, 0, 0.184109, 

854.948, 4, 0, 0.184109, 

854.948, 5, 0, 0.184109, 

854.948, 6, 0, 0.184109, 

854.948, 7, 0, 0.184109, 

854.948, 8, 0, 0.184109, 

854.948, 9, 0, 0.184109, 

854.948, 10, 0, 0.184109, 

854.948, 11, 0, 0.184109, 

854.948, 12, 0, 0.184109, 

854.948, 13, 0, 0.184109, 

854.948, 14, 0, 0.184109, 

854.948, 15, 0, 0.184109, 

854.948, 16, 0, 0.184109, 

854.948, 17, 0, 0.184109, 

854.948, 18, 0, 0.184109, 

854.948, 19, 0, 0.184109, 

854.948, 20, 0, 0.184109, 

854.948, 21, 0, 0.184109, 

854.948, 22, 0, 0.184109, 

854.948, 23, 0, 0.184109, 

854.948, 24, 0, 0.184109, 

854.948, 25, 0, 0.184109, 

854.948, 26, 0, 0.184109, 

854.948, 27, 0, 0.184109, 

854.948, 28, 0, 0.184109, 

854.948, 29, 0, 0.184109, 

854.948, 30, 0, 0.184109, 

854.948, 31, 0, 0.184109, 

854.948, 32, 0, 0.184109, 

854.948, 33, 0, 0.184109, 

854.948, 34, 0, 0.184109, 

854.948, 35, 0, 0.184109, 

854.948, 36, 0, 0.184109, 

854.948, 37, 0, 0.184109, 

854.948, 38, 0, 0.184109, 

854.948, 39, 0, 0.184109, 

854.948, 40, 0, 0.184109, 

854.948, 41, 0, 0.184109, 

854.948, 42, 0, 0.184109, 

854.948, 43, 0, 0.184109, 

854.948, 44, 0, 0.184109, 

854.948, 45, 0, 0.184109, 

854.948, 46, 0, 0.184109, 

854.948, 47, 0, 0.184109, 

854.948, 48, 0, 0.184109, 

854.948, 49, 0, 0.184109, 

854.948, 50, 0, 0.184109, 

854.948, 51, 0, 0.184109, 

854.948, 52, 0, 0.184109, 

854.948, 53, 0, 0.184109, 

854.948, 54, 0, 0.184109, 

854.948, 55, 0, 0.184109, 

854.948, 56, 0, 0.184109, 

854.948, 57, 0, 0.184109, 

854.948, 58, 0, 0.184109, 

854.948, 59, 0, 0.184109, 

854.948, 60, 0, 0.184109, 

854.948, 61, 0, 0.184109, 

854.948, 62, 0, 0.184109, 

854.948, 63, 0, 0.184109, 

854.948, 64, 0, 0.184109, 

854.948, 65, 0, 0.184109, 

854.948, 66, 0, 0.184109, 

854.948, 67, 0, 0.184109, 

854.948, 68, 0, 0.184109, 

854.948, 69, 0, 0.184109, 

854.948, 70, 0, 0.184109, 

854.948, 71, 0, 0.184109, 

854.948, 72, 0, 0.184109, 

854.948, 73, 0, 0.184109, 

854.948, 74, 0, 0.184109, 

854.948, 75, 0, 0.184109, 

854.948, 76, 0, 0.184109, 

854.948, 77, 0, 0.184109, 

854.948, 78, 0, 0.184109, 

854.948, 79, 0, 0.184109, 

854.948, 80, 0, 0.184109, 

854.948, 81, 0, 0.184109, 

854.948, 82, 0, 0.184109, 

854.948, 83, 0, 0.184109, 

854.948, 84, 0, 0.184109, 

854.948, 85, 0, 0.184109, 

854.948, 86, 0, 0.184109, 

854.948, 87, 0, 0.184109, 

854.948, 88, 0, 0.184109, 

854.948, 89, 0, 0.184109, 

854.948, 90, 0, 0.184109, 

854.948, 91, 0, 0.184109, 

854.948, 92, 0, 0.184109, 

854.948, 93, 0, 0.184109, 

854.948, 94, 0, 0.184109, 

854.948, 95, 0, 0.184109, 

854.948, 96, 0, 0.184109, 

854.948, 97, 0, 0.184109, 

854.948, 98, 0, 0.184109, 

854.948, 99, 0, 0.184109, 

854.948, 100, 0, 0.184109, 

854.948, 101, 0, 0.184109, 

854.948, 102, 0, 0.184109, 

854.948, 103, 0, 0.184109, 

854.948, 104, 0, 0.184109, 

854.948, 105, 0, 0.184109, 

854.948, 106, 0, 0.184109, 

854.948, 107, 0, 0.184109, 

854.948, 108, 0, 0.184109, 

854.948, 109, 0, 0.184109, 

854.948, 110, 0, 0.184109, 

854.948, 111, 0, 0.184109, 

854.948, 112, 0, 0.184109, 

854.948, 113, 0, 0.184109, 

854.948, 114, 0, 0.184109, 

854.948, 115, 0, 0.184109, 

854.948, 116, 0, 0.184109, 

854.948, 117, 0, 0.184109, 

854.948, 118, 0, 0.184109, 

854.948, 119, 0, 0.184109, 

860.379, 0, 0, 0.184109, 

860.379, 1, 0, 0.184109, 

860.379, 2, 0, 0.184109, 

860.379, 3, 0, 0.184109, 

860.379, 4, 0, 0.184109, 

860.379, 5, 0, 0.184109, 

860.379, 6, 0, 0.184109, 

860.379, 7, 0, 0.184109, 

860.379, 8, 0, 0.184109, 

860.379, 9, 0, 0.184109, 

860.379, 10, 0, 0.184109, 

860.379, 11, 0, 0.184109, 

860.379, 12, 0, 0.184109, 

860.379, 13, 0, 0.184109, 

860.379, 14, 0, 0.184109, 

860.379, 15, 0, 0.184109, 

860.379, 16, 0, 0.184109, 

860.379, 17, 0, 0.184109, 

860.379, 18, 0, 0.184109, 

860.379, 19, 0, 0.184109, 

860.379, 20, 0, 0.184109, 

860.379, 21, 0, 0.184109, 

860.379, 22, 0, 0.184109, 

860.379, 23, 0, 0.184109, 

860.379, 24, 0, 0.184109, 

860.379, 25, 0, 0.184109, 

860.379, 26, 0, 0.184109, 

860.379, 27, 0, 0.184109, 

860.379, 28, 0, 0.184109, 

860.379, 29, 0, 0.184109, 

860.379, 30, 0, 0.184109, 

860.379, 31, 0, 0.184109, 

860.379, 32, 0, 0.184109, 

860.379, 33, 0, 0.184109, 

860.379, 34, 0, 0.184109, 

860.379, 35, 0, 0.184109, 

860.379, 36, 0, 0.184109, 

860.379, 37, 0, 0.184109, 

860.379, 38, 0, 0.184109, 

860.379, 39, 0, 0.184109, 

860.379, 40, 0, 0.184109, 

860.379, 41, 0, 0.184109, 

860.379, 42, 0, 0.184109, 

860.379, 43, 0, 0.184109, 

860.379, 44, 0, 0.184109, 

860.379, 45, 0, 0.184109, 

860.379, 46, 0, 0.184109, 

860.379, 47, 0, 0.184109, 

860.379, 48, 0, 0.184109, 

860.379, 49, 0, 0.184109, 

860.379, 50, 0, 0.184109, 

860.379, 51, 0, 0.184109, 

860.379, 52, 0, 0.184109, 

860.379, 53, 0, 0.184109, 

860.379, 54, 0, 0.184109, 

860.379, 55, 0, 0.184109, 

860.379, 56, 0, 0.184109, 

860.379, 57, 0, 0.184109, 

860.379, 58, 0, 0.184109, 

860.379, 59, 0, 0.184109, 

860.379, 60, 0, 0.184109, 

860.379, 61, 0, 0.184109, 

860.379, 62, 0, 0.184109, 

860.379, 63, 0, 0.184109, 

860.379, 64, 0, 0.184109, 

860.379, 65, 0, 0.184109, 

860.379, 66, 0, 0.184109, 

860.379, 67, 0, 0.184109, 

860.379, 68, 0, 0.184109, 

860.379, 69, 0, 0.184109, 

860.379, 70, 0, 0.184109, 

860.379, 71, 0, 0.184109, 

860.379, 72, 0, 0.184109, 

860.379, 73, 0, 0.184109, 

860.379, 74, 0, 0.184109, 

860.379, 75, 0, 0.184109, 

860.379, 76, 0, 0.184109, 

860.379, 77, 0, 0.184109, 

860.379, 78, 0, 0.184109, 

860.379, 79, 0, 0.184109, 

860.379, 80, 0, 0.184109, 

860.379, 81, 0, 0.184109, 

860.379, 82, 0, 0.184109, 

860.379, 83, 0, 0.184109, 

860.379, 84, 0, 0.184109, 

860.379, 85, 0, 0.184109, 

860.379, 86, 0, 0.184109, 

860.379, 87, 0, 0.184109, 

860.379, 88, 0, 0.184109, 

860.379, 89, 0, 0.184109, 

860.379, 90, 0, 0.184109, 

860.379, 91, 0, 0.184109, 

860.379, 92, 0, 0.184109, 

860.379, 93, 0, 0.184109, 

860.379, 94, 0, 0.184109, 

860.379, 95, 0, 0.184109, 

860.379, 96, 0, 0.184109, 

860.379, 97, 0, 0.184109, 

860.379, 98, 0, 0.184109, 

860.379, 99, 0, 0.184109, 

860.379, 100, 0, 0.184109, 

860.379, 101, 0, 0.184109, 

860.379, 102, 0, 0.184109, 

860.379, 103, 0, 0.184109, 

860.379, 104, 0, 0.184109, 

860.379, 105, 0, 0.184109, 

860.379, 106, 0, 0.184109, 

860.379, 107, 0, 0.184109, 

860.379, 108, 0, 0.184109, 

860.379, 109, 0, 0.184109, 

860.379, 110, 0, 0.184109, 

860.379, 111, 0, 0.184109, 

860.379, 112, 0, 0.184109, 

860.379, 113, 0, 0.184109, 

860.379, 114, 0, 0.184109, 

860.379, 115, 0, 0.184109, 

860.379, 116, 0, 0.184109, 

860.379, 117, 0, 0.184109, 

860.379, 118, 0, 0.184109, 

860.379, 119, 0, 0.184109, 

865.809, 0, 0, 0.184109, 

865.809, 1, 0, 0.184109, 

865.809, 2, 0, 0.184109, 

865.809, 3, 0, 0.184109, 

865.809, 4, 0, 0.184109, 

865.809, 5, 0, 0.184109, 

865.809, 6, 0, 0.184109, 

865.809, 7, 0, 0.184109, 

865.809, 8, 0, 0.184109, 

865.809, 9, 0, 0.184109, 

865.809, 10, 0, 0.184109, 

865.809, 11, 0, 0.184109, 

865.809, 12, 0, 0.184109, 

865.809, 13, 0, 0.184109, 

865.809, 14, 0, 0.184109, 

865.809, 15, 0, 0.184109, 

865.809, 16, 0, 0.184109, 

865.809, 17, 0, 0.184109, 

865.809, 18, 0, 0.184109, 

865.809, 19, 0, 0.184109, 

865.809, 20, 0, 0.184109, 

865.809, 21, 0, 0.184109, 

865.809, 22, 0, 0.184109, 

865.809, 23, 0, 0.184109, 

865.809, 24, 0, 0.184109, 

865.809, 25, 0, 0.184109, 

865.809, 26, 0, 0.184109, 

865.809, 27, 0, 0.184109, 

865.809, 28, 0, 0.184109, 

865.809, 29, 0, 0.184109, 

865.809, 30, 0, 0.184109, 

865.809, 31, 0, 0.184109, 

865.809, 32, 0, 0.184109, 

865.809, 33, 0, 0.184109, 

865.809, 34, 0, 0.184109, 

865.809, 35, 0, 0.184109, 

865.809, 36, 0, 0.184109, 

865.809, 37, 0, 0.184109, 

865.809, 38, 0, 0.184109, 

865.809, 39, 0, 0.184109, 

865.809, 40, 0, 0.184109, 

865.809, 41, 0, 0.184109, 

865.809, 42, 0, 0.184109, 

865.809, 43, 0, 0.184109, 

865.809, 44, 0, 0.184109, 

865.809, 45, 0, 0.184109, 

865.809, 46, 0, 0.184109, 

865.809, 47, 0, 0.184109, 

865.809, 48, 0, 0.184109, 

865.809, 49, 0, 0.184109, 

865.809, 50, 0, 0.184109, 

865.809, 51, 0, 0.184109, 

865.809, 52, 0, 0.184109, 

865.809, 53, 0, 0.184109, 

865.809, 54, 0, 0.184109, 

865.809, 55, 0, 0.184109, 

865.809, 56, 0, 0.184109, 

865.809, 57, 0, 0.184109, 

865.809, 58, 0, 0.184109, 

865.809, 59, 0, 0.184109, 

865.809, 60, 0, 0.184109, 

865.809, 61, 0, 0.184109, 

865.809, 62, 0, 0.184109, 

865.809, 63, 0, 0.184109, 

865.809, 64, 0, 0.184109, 

865.809, 65, 0, 0.184109, 

865.809, 66, 0, 0.184109, 

865.809, 67, 0, 0.184109, 

865.809, 68, 0, 0.184109, 

865.809, 69, 0, 0.184109, 

865.809, 70, 0, 0.184109, 

865.809, 71, 0, 0.184109, 

865.809, 72, 0, 0.184109, 

865.809, 73, 0, 0.184109, 

865.809, 74, 0, 0.184109, 

865.809, 75, 0, 0.184109, 

865.809, 76, 0, 0.184109, 

865.809, 77, 0, 0.184109, 

865.809, 78, 0, 0.184109, 

865.809, 79, 0, 0.184109, 

865.809, 80, 0, 0.184109, 

865.809, 81, 0, 0.184109, 

865.809, 82, 0, 0.184109, 

865.809, 83, 0, 0.184109, 

865.809, 84, 0, 0.184109, 

865.809, 85, 0, 0.184109, 

865.809, 86, 0, 0.184109, 

865.809, 87, 0, 0.184109, 

865.809, 88, 0, 0.184109, 

865.809, 89, 0, 0.184109, 

865.809, 90, 0, 0.184109, 

865.809, 91, 0, 0.184109, 

865.809, 92, 0, 0.184109, 

865.809, 93, 0, 0.184109, 

865.809, 94, 0, 0.184109, 

865.809, 95, 0, 0.184109, 

865.809, 96, 0, 0.184109, 

865.809, 97, 0, 0.184109, 

865.809, 98, 0, 0.184109, 

865.809, 99, 0, 0.184109, 

865.809, 100, 0, 0.184109, 

865.809, 101, 0, 0.184109, 

865.809, 102, 0, 0.184109, 

865.809, 103, 0, 0.184109, 

865.809, 104, 0, 0.184109, 

865.809, 105, 0, 0.184109, 

865.809, 106, 0, 0.184109, 

865.809, 107, 0, 0.184109, 

865.809, 108, 0, 0.184109, 

865.809, 109, 0, 0.184109, 

865.809, 110, 0, 0.184109, 

865.809, 111, 0, 0.184109, 

865.809, 112, 0, 0.184109, 

865.809, 113, 0, 0.184109, 

865.809, 114, 0, 0.184109, 

865.809, 115, 0, 0.184109, 

865.809, 116, 0, 0.184109, 

865.809, 117, 0, 0.184109, 

865.809, 118, 0, 0.184109, 

865.809, 119, 0, 0.184109, 

871.24, 0, 0, 0.184109, 

871.24, 1, 0, 0.184109, 

871.24, 2, 0, 0.184109, 

871.24, 3, 0, 0.184109, 

871.24, 4, 0, 0.184109, 

871.24, 5, 0, 0.184109, 

871.24, 6, 0, 0.184109, 

871.24, 7, 0, 0.184109, 

871.24, 8, 0, 0.184109, 

871.24, 9, 0, 0.184109, 

871.24, 10, 0, 0.184109, 

871.24, 11, 0, 0.184109, 

871.24, 12, 0, 0.184109, 

871.24, 13, 0, 0.184109, 

871.24, 14, 0, 0.184109, 

871.24, 15, 0, 0.184109, 

871.24, 16, 0, 0.184109, 

871.24, 17, 0, 0.184109, 

871.24, 18, 0, 0.184109, 

871.24, 19, 0, 0.184109, 

871.24, 20, 0, 0.184109, 

871.24, 21, 0, 0.184109, 

871.24, 22, 0, 0.184109, 

871.24, 23, 0, 0.184109, 

871.24, 24, 0, 0.184109, 

871.24, 25, 0, 0.184109, 

871.24, 26, 0, 0.184109, 

871.24, 27, 0, 0.184109, 

871.24, 28, 0, 0.184109, 

871.24, 29, 0, 0.184109, 

871.24, 30, 0, 0.184109, 

871.24, 31, 0, 0.184109, 

871.24, 32, 0, 0.184109, 

871.24, 33, 0, 0.184109, 

871.24, 34, 0, 0.184109, 

871.24, 35, 0, 0.184109, 

871.24, 36, 0, 0.184109, 

871.24, 37, 0, 0.184109, 

871.24, 38, 0, 0.184109, 

871.24, 39, 0, 0.184109, 

871.24, 40, 0, 0.184109, 

871.24, 41, 0, 0.184109, 

871.24, 42, 0, 0.184109, 

871.24, 43, 0, 0.184109, 

871.24, 44, 0, 0.184109, 

871.24, 45, 0, 0.184109, 

871.24, 46, 0, 0.184109, 

871.24, 47, 0, 0.184109, 

871.24, 48, 0, 0.184109, 

871.24, 49, 0, 0.184109, 

871.24, 50, 0, 0.184109, 

871.24, 51, 0, 0.184109, 

871.24, 52, 0, 0.184109, 

871.24, 53, 0, 0.184109, 

871.24, 54, 0, 0.184109, 

871.24, 55, 0, 0.184109, 

871.24, 56, 0, 0.184109, 

871.24, 57, 0, 0.184109, 

871.24, 58, 0, 0.184109, 

871.24, 59, 0, 0.184109, 

871.24, 60, 0, 0.184109, 

871.24, 61, 0, 0.184109, 

871.24, 62, 0, 0.184109, 

871.24, 63, 0, 0.184109, 

871.24, 64, 0, 0.184109, 

871.24, 65, 0, 0.184109, 

871.24, 66, 0, 0.184109, 

871.24, 67, 0, 0.184109, 

871.24, 68, 0, 0.184109, 

871.24, 69, 0, 0.184109, 

871.24, 70, 0, 0.184109, 

871.24, 71, 0, 0.184109, 

871.24, 72, 0, 0.184109, 

871.24, 73, 0, 0.184109, 

871.24, 74, 0, 0.184109, 

871.24, 75, 0, 0.184109, 

871.24, 76, 0, 0.184109, 

871.24, 77, 0, 0.184109, 

871.24, 78, 0, 0.184109, 

871.24, 79, 0, 0.184109, 

871.24, 80, 0, 0.184109, 

871.24, 81, 0, 0.184109, 

871.24, 82, 0, 0.184109, 

871.24, 83, 0, 0.184109, 

871.24, 84, 0, 0.184109, 

871.24, 85, 0, 0.184109, 

871.24, 86, 0, 0.184109, 

871.24, 87, 0, 0.184109, 

871.24, 88, 0, 0.184109, 

871.24, 89, 0, 0.184109, 

871.24, 90, 0, 0.184109, 

871.24, 91, 0, 0.184109, 

871.24, 92, 0, 0.184109, 

871.24, 93, 0, 0.184109, 

871.24, 94, 0, 0.184109, 

871.24, 95, 0, 0.184109, 

871.24, 96, 0, 0.184109, 

871.24, 97, 0, 0.184109, 

871.24, 98, 0, 0.184109, 

871.24, 99, 0, 0.184109, 

871.24, 100, 0, 0.184109, 

871.24, 101, 0, 0.184109, 

871.24, 102, 0, 0.184109, 

871.24, 103, 0, 0.184109, 

871.24, 104, 0, 0.184109, 

871.24, 105, 0, 0.184109, 

871.24, 106, 0, 0.184109, 

871.24, 107, 0, 0.184109, 

871.24, 108, 0, 0.184109, 

871.24, 109, 0, 0.184109, 

871.24, 110, 0, 0.184109, 

871.24, 111, 0, 0.184109, 

871.24, 112, 0, 0.184109, 

871.24, 113, 0, 0.184109, 

871.24, 114, 0, 0.184109, 

871.24, 115, 0, 0.184109, 

871.24, 116, 0, 0.184109, 

871.24, 117, 0, 0.184109, 

871.24, 118, 0, 0.184109, 

871.24, 119, 0, 0.184109, 

876.67, 0, 0, 0.184109, 

876.67, 1, 0, 0.184109, 

876.67, 2, 0, 0.184109, 

876.67, 3, 0, 0.184109, 

876.67, 4, 0, 0.184109, 

876.67, 5, 0, 0.184109, 

876.67, 6, 0, 0.184109, 

876.67, 7, 0, 0.184109, 

876.67, 8, 0, 0.184109, 

876.67, 9, 0, 0.184109, 

876.67, 10, 0, 0.184109, 

876.67, 11, 0, 0.184109, 

876.67, 12, 0, 0.184109, 

876.67, 13, 0, 0.184109, 

876.67, 14, 0, 0.184109, 

876.67, 15, 0, 0.184109, 

876.67, 16, 0, 0.184109, 

876.67, 17, 0, 0.184109, 

876.67, 18, 0, 0.184109, 

876.67, 19, 0, 0.184109, 

876.67, 20, 0, 0.184109, 

876.67, 21, 0, 0.184109, 

876.67, 22, 0, 0.184109, 

876.67, 23, 0, 0.184109, 

876.67, 24, 0, 0.184109, 

876.67, 25, 0, 0.184109, 

876.67, 26, 0, 0.184109, 

876.67, 27, 0, 0.184109, 

876.67, 28, 0, 0.184109, 

876.67, 29, 0, 0.184109, 

876.67, 30, 0, 0.184109, 

876.67, 31, 0, 0.184109, 

876.67, 32, 0, 0.184109, 

876.67, 33, 0, 0.184109, 

876.67, 34, 0, 0.184109, 

876.67, 35, 0, 0.184109, 

876.67, 36, 0, 0.184109, 

876.67, 37, 0, 0.184109, 

876.67, 38, 0, 0.184109, 

876.67, 39, 0, 0.184109, 

876.67, 40, 0, 0.184109, 

876.67, 41, 0, 0.184109, 

876.67, 42, 0, 0.184109, 

876.67, 43, 0, 0.184109, 

876.67, 44, 0, 0.184109, 

876.67, 45, 0, 0.184109, 

876.67, 46, 0, 0.184109, 

876.67, 47, 0, 0.184109, 

876.67, 48, 0, 0.184109, 

876.67, 49, 0, 0.184109, 

876.67, 50, 0, 0.184109, 

876.67, 51, 0, 0.184109, 

876.67, 52, 0, 0.184109, 

876.67, 53, 0, 0.184109, 

876.67, 54, 0, 0.184109, 

876.67, 55, 0, 0.184109, 

876.67, 56, 0, 0.184109, 

876.67, 57, 0, 0.184109, 

876.67, 58, 0, 0.184109, 

876.67, 59, 0, 0.184109, 

876.67, 60, 0, 0.184109, 

876.67, 61, 0, 0.184109, 

876.67, 62, 0, 0.184109, 

876.67, 63, 0, 0.184109, 

876.67, 64, 0, 0.184109, 

876.67, 65, 0, 0.184109, 

876.67, 66, 0, 0.184109, 

876.67, 67, 0, 0.184109, 

876.67, 68, 0, 0.184109, 

876.67, 69, 0, 0.184109, 

876.67, 70, 0, 0.184109, 

876.67, 71, 0, 0.184109, 

876.67, 72, 0, 0.184109, 

876.67, 73, 0, 0.184109, 

876.67, 74, 0, 0.184109, 

876.67, 75, 0, 0.184109, 

876.67, 76, 0, 0.184109, 

876.67, 77, 0, 0.184109, 

876.67, 78, 0, 0.184109, 

876.67, 79, 0, 0.184109, 

876.67, 80, 0, 0.184109, 

876.67, 81, 0, 0.184109, 

876.67, 82, 0, 0.184109, 

876.67, 83, 0, 0.184109, 

876.67, 84, 0, 0.184109, 

876.67, 85, 0, 0.184109, 

876.67, 86, 0, 0.184109, 

876.67, 87, 0, 0.184109, 

876.67, 88, 0, 0.184109, 

876.67, 89, 0, 0.184109, 

876.67, 90, 0, 0.184109, 

876.67, 91, 0, 0.184109, 

876.67, 92, 0, 0.184109, 

876.67, 93, 0, 0.184109, 

876.67, 94, 0, 0.184109, 

876.67, 95, 0, 0.184109, 

876.67, 96, 0, 0.184109, 

876.67, 97, 0, 0.184109, 

876.67, 98, 0, 0.184109, 

876.67, 99, 0, 0.184109, 

876.67, 100, 0, 0.184109, 

876.67, 101, 0, 0.184109, 

876.67, 102, 0, 0.184109, 

876.67, 103, 0, 0.184109, 

876.67, 104, 0, 0.184109, 

876.67, 105, 0, 0.184109, 

876.67, 106, 0, 0.184109, 

876.67, 107, 0, 0.184109, 

876.67, 108, 0, 0.184109, 

876.67, 109, 0, 0.184109, 

876.67, 110, 0, 0.184109, 

876.67, 111, 0, 0.184109, 

876.67, 112, 0, 0.184109, 

876.67, 113, 0, 0.184109, 

876.67, 114, 0, 0.184109, 

876.67, 115, 0, 0.184109, 

876.67, 116, 0, 0.184109, 

876.67, 117, 0, 0.184109, 

876.67, 118, 0, 0.184109, 

876.67, 119, 0, 0.184109, 

882.1, 0, 0, 0.184109, 

882.1, 1, 0, 0.184109, 

882.1, 2, 0, 0.184109, 

882.1, 3, 0, 0.184109, 

882.1, 4, 0, 0.184109, 

882.1, 5, 0, 0.184109, 

882.1, 6, 0, 0.184109, 

882.1, 7, 0, 0.184109, 

882.1, 8, 0, 0.184109, 

882.1, 9, 0, 0.184109, 

882.1, 10, 0, 0.184109, 

882.1, 11, 0, 0.184109, 

882.1, 12, 0, 0.184109, 

882.1, 13, 0, 0.184109, 

882.1, 14, 0, 0.184109, 

882.1, 15, 0, 0.184109, 

882.1, 16, 0, 0.184109, 

882.1, 17, 0, 0.184109, 

882.1, 18, 0, 0.184109, 

882.1, 19, 0, 0.184109, 

882.1, 20, 0, 0.184109, 

882.1, 21, 0, 0.184109, 

882.1, 22, 0, 0.184109, 

882.1, 23, 0, 0.184109, 

882.1, 24, 0, 0.184109, 

882.1, 25, 0, 0.184109, 

882.1, 26, 0, 0.184109, 

882.1, 27, 0, 0.184109, 

882.1, 28, 0, 0.184109, 

882.1, 29, 0, 0.184109, 

882.1, 30, 0, 0.184109, 

882.1, 31, 0, 0.184109, 

882.1, 32, 0, 0.184109, 

882.1, 33, 0, 0.184109, 

882.1, 34, 0, 0.184109, 

882.1, 35, 0, 0.184109, 

882.1, 36, 0, 0.184109, 

882.1, 37, 0, 0.184109, 

882.1, 38, 0, 0.184109, 

882.1, 39, 0, 0.184109, 

882.1, 40, 0, 0.184109, 

882.1, 41, 0, 0.184109, 

882.1, 42, 0, 0.184109, 

882.1, 43, 0, 0.184109, 

882.1, 44, 0, 0.184109, 

882.1, 45, 0, 0.184109, 

882.1, 46, 0, 0.184109, 

882.1, 47, 0, 0.184109, 

882.1, 48, 0, 0.184109, 

882.1, 49, 0, 0.184109, 

882.1, 50, 0, 0.184109, 

882.1, 51, 0, 0.184109, 

882.1, 52, 0, 0.184109, 

882.1, 53, 0, 0.184109, 

882.1, 54, 0, 0.184109, 

882.1, 55, 0, 0.184109, 

882.1, 56, 0, 0.184109, 

882.1, 57, 0, 0.184109, 

882.1, 58, 0, 0.184109, 

882.1, 59, 0, 0.184109, 

882.1, 60, 0, 0.184109, 

882.1, 61, 0, 0.184109, 

882.1, 62, 0, 0.184109, 

882.1, 63, 0, 0.184109, 

882.1, 64, 0, 0.184109, 

882.1, 65, 0, 0.184109, 

882.1, 66, 0, 0.184109, 

882.1, 67, 0, 0.184109, 

882.1, 68, 0, 0.184109, 

882.1, 69, 0, 0.184109, 

882.1, 70, 0, 0.184109, 

882.1, 71, 0, 0.184109, 

882.1, 72, 0, 0.184109, 

882.1, 73, 0, 0.184109, 

882.1, 74, 0, 0.184109, 

882.1, 75, 0, 0.184109, 

882.1, 76, 0, 0.184109, 

882.1, 77, 0, 0.184109, 

882.1, 78, 0, 0.184109, 

882.1, 79, 0, 0.184109, 

882.1, 80, 0, 0.184109, 

882.1, 81, 0, 0.184109, 

882.1, 82, 0, 0.184109, 

882.1, 83, 0, 0.184109, 

882.1, 84, 0, 0.184109, 

882.1, 85, 0, 0.184109, 

882.1, 86, 0, 0.184109, 

882.1, 87, 0, 0.184109, 

882.1, 88, 0, 0.184109, 

882.1, 89, 0, 0.184109, 

882.1, 90, 0, 0.184109, 

882.1, 91, 0, 0.184109, 

882.1, 92, 0, 0.184109, 

882.1, 93, 0, 0.184109, 

882.1, 94, 0, 0.184109, 

882.1, 95, 0, 0.184109, 

882.1, 96, 0, 0.184109, 

882.1, 97, 0, 0.184109, 

882.1, 98, 0, 0.184109, 

882.1, 99, 0, 0.184109, 

882.1, 100, 0, 0.184109, 

882.1, 101, 0, 0.184109, 

882.1, 102, 0, 0.184109, 

882.1, 103, 0, 0.184109, 

882.1, 104, 0, 0.184109, 

882.1, 105, 0, 0.184109, 

882.1, 106, 0, 0.184109, 

882.1, 107, 0, 0.184109, 

882.1, 108, 0, 0.184109, 

882.1, 109, 0, 0.184109, 

882.1, 110, 0, 0.184109, 

882.1, 111, 0, 0.184109, 

882.1, 112, 0, 0.184109, 

882.1, 113, 0, 0.184109, 

882.1, 114, 0, 0.184109, 

882.1, 115, 0, 0.184109, 

882.1, 116, 0, 0.184109, 

882.1, 117, 0, 0.184109, 

882.1, 118, 0, 0.184109, 

882.1, 119, 0, 0.184109, 

887.531, 0, 0, 0.184109, 

887.531, 1, 0, 0.184109, 

887.531, 2, 0, 0.184109, 

887.531, 3, 0, 0.184109, 

887.531, 4, 0, 0.184109, 

887.531, 5, 0, 0.184109, 

887.531, 6, 0, 0.184109, 

887.531, 7, 0, 0.184109, 

887.531, 8, 0, 0.184109, 

887.531, 9, 0, 0.184109, 

887.531, 10, 0, 0.184109, 

887.531, 11, 0, 0.184109, 

887.531, 12, 0, 0.184109, 

887.531, 13, 0, 0.184109, 

887.531, 14, 0, 0.184109, 

887.531, 15, 0, 0.184109, 

887.531, 16, 0, 0.184109, 

887.531, 17, 0, 0.184109, 

887.531, 18, 0, 0.184109, 

887.531, 19, 0, 0.184109, 

887.531, 20, 0, 0.184109, 

887.531, 21, 0, 0.184109, 

887.531, 22, 0, 0.184109, 

887.531, 23, 0, 0.184109, 

887.531, 24, 0, 0.184109, 

887.531, 25, 0, 0.184109, 

887.531, 26, 0, 0.184109, 

887.531, 27, 0, 0.184109, 

887.531, 28, 0, 0.184109, 

887.531, 29, 0, 0.184109, 

887.531, 30, 0, 0.184109, 

887.531, 31, 0, 0.184109, 

887.531, 32, 0, 0.184109, 

887.531, 33, 0, 0.184109, 

887.531, 34, 0, 0.184109, 

887.531, 35, 0, 0.184109, 

887.531, 36, 0, 0.184109, 

887.531, 37, 0, 0.184109, 

887.531, 38, 0, 0.184109, 

887.531, 39, 0, 0.184109, 

887.531, 40, 0, 0.184109, 

887.531, 41, 0, 0.184109, 

887.531, 42, 0, 0.184109, 

887.531, 43, 0, 0.184109, 

887.531, 44, 0, 0.184109, 

887.531, 45, 0, 0.184109, 

887.531, 46, 0, 0.184109, 

887.531, 47, 0, 0.184109, 

887.531, 48, 0, 0.184109, 

887.531, 49, 0, 0.184109, 

887.531, 50, 0, 0.184109, 

887.531, 51, 0, 0.184109, 

887.531, 52, 0, 0.184109, 

887.531, 53, 0, 0.184109, 

887.531, 54, 0, 0.184109, 

887.531, 55, 0, 0.184109, 

887.531, 56, 0, 0.184109, 

887.531, 57, 0, 0.184109, 

887.531, 58, 0, 0.184109, 

887.531, 59, 0, 0.184109, 

887.531, 60, 0, 0.184109, 

887.531, 61, 0, 0.184109, 

887.531, 62, 0, 0.184109, 

887.531, 63, 0, 0.184109, 

887.531, 64, 0, 0.184109, 

887.531, 65, 0, 0.184109, 

887.531, 66, 0, 0.184109, 

887.531, 67, 0, 0.184109, 

887.531, 68, 0, 0.184109, 

887.531, 69, 0, 0.184109, 

887.531, 70, 0, 0.184109, 

887.531, 71, 0, 0.184109, 

887.531, 72, 0, 0.184109, 

887.531, 73, 0, 0.184109, 

887.531, 74, 0, 0.184109, 

887.531, 75, 0, 0.184109, 

887.531, 76, 0, 0.184109, 

887.531, 77, 0, 0.184109, 

887.531, 78, 0, 0.184109, 

887.531, 79, 0, 0.184109, 

887.531, 80, 0, 0.184109, 

887.531, 81, 0, 0.184109, 

887.531, 82, 0, 0.184109, 

887.531, 83, 0, 0.184109, 

887.531, 84, 0, 0.184109, 

887.531, 85, 0, 0.184109, 

887.531, 86, 0, 0.184109, 

887.531, 87, 0, 0.184109, 

887.531, 88, 0, 0.184109, 

887.531, 89, 0, 0.184109, 

887.531, 90, 0, 0.184109, 

887.531, 91, 0, 0.184109, 

887.531, 92, 0, 0.184109, 

887.531, 93, 0, 0.184109, 

887.531, 94, 0, 0.184109, 

887.531, 95, 0, 0.184109, 

887.531, 96, 0, 0.184109, 

887.531, 97, 0, 0.184109, 

887.531, 98, 0, 0.184109, 

887.531, 99, 0, 0.184109, 

887.531, 100, 0, 0.184109, 

887.531, 101, 0, 0.184109, 

887.531, 102, 0, 0.184109, 

887.531, 103, 0, 0.184109, 

887.531, 104, 0, 0.184109, 

887.531, 105, 0, 0.184109, 

887.531, 106, 0, 0.184109, 

887.531, 107, 0, 0.184109, 

887.531, 108, 0, 0.184109, 

887.531, 109, 0, 0.184109, 

887.531, 110, 0, 0.184109, 

887.531, 111, 0, 0.184109, 

887.531, 112, 0, 0.184109, 

887.531, 113, 0, 0.184109, 

887.531, 114, 0, 0.184109, 

887.531, 115, 0, 0.184109, 

887.531, 116, 0, 0.184109, 

887.531, 117, 0, 0.184109, 

887.531, 118, 0, 0.184109, 

887.531, 119, 0, 0.184109, 

892.961, 0, 0, 0.184109, 

892.961, 1, 0, 0.184109, 

892.961, 2, 0, 0.184109, 

892.961, 3, 0, 0.184109, 

892.961, 4, 0, 0.184109, 

892.961, 5, 0, 0.184109, 

892.961, 6, 0, 0.184109, 

892.961, 7, 0, 0.184109, 

892.961, 8, 0, 0.184109, 

892.961, 9, 0, 0.184109, 

892.961, 10, 0, 0.184109, 

892.961, 11, 0, 0.184109, 

892.961, 12, 0, 0.184109, 

892.961, 13, 0, 0.184109, 

892.961, 14, 0, 0.184109, 

892.961, 15, 0, 0.184109, 

892.961, 16, 0, 0.184109, 

892.961, 17, 0, 0.184109, 

892.961, 18, 0, 0.184109, 

892.961, 19, 0, 0.184109, 

892.961, 20, 0, 0.184109, 

892.961, 21, 0, 0.184109, 

892.961, 22, 0, 0.184109, 

892.961, 23, 0, 0.184109, 

892.961, 24, 0, 0.184109, 

892.961, 25, 0, 0.184109, 

892.961, 26, 0, 0.184109, 

892.961, 27, 0, 0.184109, 

892.961, 28, 0, 0.184109, 

892.961, 29, 0, 0.184109, 

892.961, 30, 0, 0.184109, 

892.961, 31, 0, 0.184109, 

892.961, 32, 0, 0.184109, 

892.961, 33, 0, 0.184109, 

892.961, 34, 0, 0.184109, 

892.961, 35, 0, 0.184109, 

892.961, 36, 0, 0.184109, 

892.961, 37, 0, 0.184109, 

892.961, 38, 0, 0.184109, 

892.961, 39, 0, 0.184109, 

892.961, 40, 0, 0.184109, 

892.961, 41, 0, 0.184109, 

892.961, 42, 0, 0.184109, 

892.961, 43, 0, 0.184109, 

892.961, 44, 0, 0.184109, 

892.961, 45, 0, 0.184109, 

892.961, 46, 0, 0.184109, 

892.961, 47, 0, 0.184109, 

892.961, 48, 0, 0.184109, 

892.961, 49, 0, 0.184109, 

892.961, 50, 0, 0.184109, 

892.961, 51, 0, 0.184109, 

892.961, 52, 0, 0.184109, 

892.961, 53, 0, 0.184109, 

892.961, 54, 0, 0.184109, 

892.961, 55, 0, 0.184109, 

892.961, 56, 0, 0.184109, 

892.961, 57, 0, 0.184109, 

892.961, 58, 0, 0.184109, 

892.961, 59, 0, 0.184109, 

892.961, 60, 0, 0.184109, 

892.961, 61, 0, 0.184109, 

892.961, 62, 0, 0.184109, 

892.961, 63, 0, 0.184109, 

892.961, 64, 0, 0.184109, 

892.961, 65, 0, 0.184109, 

892.961, 66, 0, 0.184109, 

892.961, 67, 0, 0.184109, 

892.961, 68, 0, 0.184109, 

892.961, 69, 0, 0.184109, 

892.961, 70, 0, 0.184109, 

892.961, 71, 0, 0.184109, 

892.961, 72, 0, 0.184109, 

892.961, 73, 0, 0.184109, 

892.961, 74, 0, 0.184109, 

892.961, 75, 0, 0.184109, 

892.961, 76, 0, 0.184109, 

892.961, 77, 0, 0.184109, 

892.961, 78, 0, 0.184109, 

892.961, 79, 0, 0.184109, 

892.961, 80, 0, 0.184109, 

892.961, 81, 0, 0.184109, 

892.961, 82, 0, 0.184109, 

892.961, 83, 0, 0.184109, 

892.961, 84, 0, 0.184109, 

892.961, 85, 0, 0.184109, 

892.961, 86, 0, 0.184109, 

892.961, 87, 0, 0.184109, 

892.961, 88, 0, 0.184109, 

892.961, 89, 0, 0.184109, 

892.961, 90, 0, 0.184109, 

892.961, 91, 0, 0.184109, 

892.961, 92, 0, 0.184109, 

892.961, 93, 0, 0.184109, 

892.961, 94, 0, 0.184109, 

892.961, 95, 0, 0.184109, 

892.961, 96, 0, 0.184109, 

892.961, 97, 0, 0.184109, 

892.961, 98, 0, 0.184109, 

892.961, 99, 0, 0.184109, 

892.961, 100, 0, 0.184109, 

892.961, 101, 0, 0.184109, 

892.961, 102, 0, 0.184109, 

892.961, 103, 0, 0.184109, 

892.961, 104, 0, 0.184109, 

892.961, 105, 0, 0.184109, 

892.961, 106, 0, 0.184109, 

892.961, 107, 0, 0.184109, 

892.961, 108, 0, 0.184109, 

892.961, 109, 0, 0.184109, 

892.961, 110, 0, 0.184109, 

892.961, 111, 0, 0.184109, 

892.961, 112, 0, 0.184109, 

892.961, 113, 0, 0.184109, 

892.961, 114, 0, 0.184109, 

892.961, 115, 0, 0.184109, 

892.961, 116, 0, 0.184109, 

892.961, 117, 0, 0.184109, 

892.961, 118, 0, 0.184109, 

892.961, 119, 0, 0.184109, 

898.391, 0, 0, 0.184109, 

898.391, 1, 0, 0.184109, 

898.391, 2, 0, 0.184109, 

898.391, 3, 0, 0.184109, 

898.391, 4, 0, 0.184109, 

898.391, 5, 0, 0.184109, 

898.391, 6, 0, 0.184109, 

898.391, 7, 0, 0.184109, 

898.391, 8, 0, 0.184109, 

898.391, 9, 0, 0.184109, 

898.391, 10, 0, 0.184109, 

898.391, 11, 0, 0.184109, 

898.391, 12, 0, 0.184109, 

898.391, 13, 0, 0.184109, 

898.391, 14, 0, 0.184109, 

898.391, 15, 0, 0.184109, 

898.391, 16, 0, 0.184109, 

898.391, 17, 0, 0.184109, 

898.391, 18, 0, 0.184109, 

898.391, 19, 0, 0.184109, 

898.391, 20, 0, 0.184109, 

898.391, 21, 0, 0.184109, 

898.391, 22, 0, 0.184109, 

898.391, 23, 0, 0.184109, 

898.391, 24, 0, 0.184109, 

898.391, 25, 0, 0.184109, 

898.391, 26, 0, 0.184109, 

898.391, 27, 0, 0.184109, 

898.391, 28, 0, 0.184109, 

898.391, 29, 0, 0.184109, 

898.391, 30, 0, 0.184109, 

898.391, 31, 0, 0.184109, 

898.391, 32, 0, 0.184109, 

898.391, 33, 0, 0.184109, 

898.391, 34, 0, 0.184109, 

898.391, 35, 0, 0.184109, 

898.391, 36, 0, 0.184109, 

898.391, 37, 0, 0.184109, 

898.391, 38, 0, 0.184109, 

898.391, 39, 0, 0.184109, 

898.391, 40, 0, 0.184109, 

898.391, 41, 0, 0.184109, 

898.391, 42, 0, 0.184109, 

898.391, 43, 0, 0.184109, 

898.391, 44, 0, 0.184109, 

898.391, 45, 0, 0.184109, 

898.391, 46, 0, 0.184109, 

898.391, 47, 0, 0.184109, 

898.391, 48, 0, 0.184109, 

898.391, 49, 0, 0.184109, 

898.391, 50, 0, 0.184109, 

898.391, 51, 0, 0.184109, 

898.391, 52, 0, 0.184109, 

898.391, 53, 0, 0.184109, 

898.391, 54, 0, 0.184109, 

898.391, 55, 0, 0.184109, 

898.391, 56, 0, 0.184109, 

898.391, 57, 0, 0.184109, 

898.391, 58, 0, 0.184109, 

898.391, 59, 0, 0.184109, 

898.391, 60, 0, 0.184109, 

898.391, 61, 0, 0.184109, 

898.391, 62, 0, 0.184109, 

898.391, 63, 0, 0.184109, 

898.391, 64, 0, 0.184109, 

898.391, 65, 0, 0.184109, 

898.391, 66, 0, 0.184109, 

898.391, 67, 0, 0.184109, 

898.391, 68, 0, 0.184109, 

898.391, 69, 0, 0.184109, 

898.391, 70, 0, 0.184109, 

898.391, 71, 0, 0.184109, 

898.391, 72, 0, 0.184109, 

898.391, 73, 0, 0.184109, 

898.391, 74, 0, 0.184109, 

898.391, 75, 0, 0.184109, 

898.391, 76, 0, 0.184109, 

898.391, 77, 0, 0.184109, 

898.391, 78, 0, 0.184109, 

898.391, 79, 0, 0.184109, 

898.391, 80, 0, 0.184109, 

898.391, 81, 0, 0.184109, 

898.391, 82, 0, 0.184109, 

898.391, 83, 0, 0.184109, 

898.391, 84, 0, 0.184109, 

898.391, 85, 0, 0.184109, 

898.391, 86, 0, 0.184109, 

898.391, 87, 0, 0.184109, 

898.391, 88, 0, 0.184109, 

898.391, 89, 0, 0.184109, 

898.391, 90, 0, 0.184109, 

898.391, 91, 0, 0.184109, 

898.391, 92, 0, 0.184109, 

898.391, 93, 0, 0.184109, 

898.391, 94, 0, 0.184109, 

898.391, 95, 0, 0.184109, 

898.391, 96, 0, 0.184109, 

898.391, 97, 0, 0.184109, 

898.391, 98, 0, 0.184109, 

898.391, 99, 0, 0.184109, 

898.391, 100, 0, 0.184109, 

898.391, 101, 0, 0.184109, 

898.391, 102, 0, 0.184109, 

898.391, 103, 0, 0.184109, 

898.391, 104, 0, 0.184109, 

898.391, 105, 0, 0.184109, 

898.391, 106, 0, 0.184109, 

898.391, 107, 0, 0.184109, 

898.391, 108, 0, 0.184109, 

898.391, 109, 0, 0.184109, 

898.391, 110, 0, 0.184109, 

898.391, 111, 0, 0.184109, 

898.391, 112, 0, 0.184109, 

898.391, 113, 0, 0.184109, 

898.391, 114, 0, 0.184109, 

898.391, 115, 0, 0.184109, 

898.391, 116, 0, 0.184109, 

898.391, 117, 0, 0.184109, 

898.391, 118, 0, 0.184109, 

898.391, 119, 0, 0.184109, 

903.822, 0, 0, 0.184109, 

903.822, 1, 0, 0.184109, 

903.822, 2, 0, 0.184109, 

903.822, 3, 0, 0.184109, 

903.822, 4, 0, 0.184109, 

903.822, 5, 0, 0.184109, 

903.822, 6, 0, 0.184109, 

903.822, 7, 0, 0.184109, 

903.822, 8, 0, 0.184109, 

903.822, 9, 0, 0.184109, 

903.822, 10, 0, 0.184109, 

903.822, 11, 0, 0.184109, 

903.822, 12, 0, 0.184109, 

903.822, 13, 0, 0.184109, 

903.822, 14, 0, 0.184109, 

903.822, 15, 0, 0.184109, 

903.822, 16, 0, 0.184109, 

903.822, 17, 0, 0.184109, 

903.822, 18, 0, 0.184109, 

903.822, 19, 0, 0.184109, 

903.822, 20, 0, 0.184109, 

903.822, 21, 0, 0.184109, 

903.822, 22, 0, 0.184109, 

903.822, 23, 0, 0.184109, 

903.822, 24, 0, 0.184109, 

903.822, 25, 0, 0.184109, 

903.822, 26, 0, 0.184109, 

903.822, 27, 0, 0.184109, 

903.822, 28, 0, 0.184109, 

903.822, 29, 0, 0.184109, 

903.822, 30, 0, 0.184109, 

903.822, 31, 0, 0.184109, 

903.822, 32, 0, 0.184109, 

903.822, 33, 0, 0.184109, 

903.822, 34, 0, 0.184109, 

903.822, 35, 0, 0.184109, 

903.822, 36, 0, 0.184109, 

903.822, 37, 0, 0.184109, 

903.822, 38, 0, 0.184109, 

903.822, 39, 0, 0.184109, 

903.822, 40, 0, 0.184109, 

903.822, 41, 0, 0.184109, 

903.822, 42, 0, 0.184109, 

903.822, 43, 0, 0.184109, 

903.822, 44, 0, 0.184109, 

903.822, 45, 0, 0.184109, 

903.822, 46, 0, 0.184109, 

903.822, 47, 0, 0.184109, 

903.822, 48, 0, 0.184109, 

903.822, 49, 0, 0.184109, 

903.822, 50, 0, 0.184109, 

903.822, 51, 0, 0.184109, 

903.822, 52, 0, 0.184109, 

903.822, 53, 0, 0.184109, 

903.822, 54, 0, 0.184109, 

903.822, 55, 0, 0.184109, 

903.822, 56, 0, 0.184109, 

903.822, 57, 0, 0.184109, 

903.822, 58, 0, 0.184109, 

903.822, 59, 0, 0.184109, 

903.822, 60, 0, 0.184109, 

903.822, 61, 0, 0.184109, 

903.822, 62, 0, 0.184109, 

903.822, 63, 0, 0.184109, 

903.822, 64, 0, 0.184109, 

903.822, 65, 0, 0.184109, 

903.822, 66, 0, 0.184109, 

903.822, 67, 0, 0.184109, 

903.822, 68, 0, 0.184109, 

903.822, 69, 0, 0.184109, 

903.822, 70, 0, 0.184109, 

903.822, 71, 0, 0.184109, 

903.822, 72, 0, 0.184109, 

903.822, 73, 0, 0.184109, 

903.822, 74, 0, 0.184109, 

903.822, 75, 0, 0.184109, 

903.822, 76, 0, 0.184109, 

903.822, 77, 0, 0.184109, 

903.822, 78, 0, 0.184109, 

903.822, 79, 0, 0.184109, 

903.822, 80, 0, 0.184109, 

903.822, 81, 0, 0.184109, 

903.822, 82, 0, 0.184109, 

903.822, 83, 0, 0.184109, 

903.822, 84, 0, 0.184109, 

903.822, 85, 0, 0.184109, 

903.822, 86, 0, 0.184109, 

903.822, 87, 0, 0.184109, 

903.822, 88, 0, 0.184109, 

903.822, 89, 0, 0.184109, 

903.822, 90, 0, 0.184109, 

903.822, 91, 0, 0.184109, 

903.822, 92, 0, 0.184109, 

903.822, 93, 0, 0.184109, 

903.822, 94, 0, 0.184109, 

903.822, 95, 0, 0.184109, 

903.822, 96, 0, 0.184109, 

903.822, 97, 0, 0.184109, 

903.822, 98, 0, 0.184109, 

903.822, 99, 0, 0.184109, 

903.822, 100, 0, 0.184109, 

903.822, 101, 0, 0.184109, 

903.822, 102, 0, 0.184109, 

903.822, 103, 0, 0.184109, 

903.822, 104, 0, 0.184109, 

903.822, 105, 0, 0.184109, 

903.822, 106, 0, 0.184109, 

903.822, 107, 0, 0.184109, 

903.822, 108, 0, 0.184109, 

903.822, 109, 0, 0.184109, 

903.822, 110, 0, 0.184109, 

903.822, 111, 0, 0.184109, 

903.822, 112, 0, 0.184109, 

903.822, 113, 0, 0.184109, 

903.822, 114, 0, 0.184109, 

903.822, 115, 0, 0.184109, 

903.822, 116, 0, 0.184109, 

903.822, 117, 0, 0.184109, 

903.822, 118, 0, 0.184109, 

903.822, 119, 0, 0.184109, 

909.252, 0, 0, 0.184109, 

909.252, 1, 0, 0.184109, 

909.252, 2, 0, 0.184109, 

909.252, 3, 0, 0.184109, 

909.252, 4, 0, 0.184109, 

909.252, 5, 0, 0.184109, 

909.252, 6, 0, 0.184109, 

909.252, 7, 0, 0.184109, 

909.252, 8, 0, 0.184109, 

909.252, 9, 0, 0.184109, 

909.252, 10, 0, 0.184109, 

909.252, 11, 0, 0.184109, 

909.252, 12, 0, 0.184109, 

909.252, 13, 0, 0.184109, 

909.252, 14, 0, 0.184109, 

909.252, 15, 0, 0.184109, 

909.252, 16, 0, 0.184109, 

909.252, 17, 0, 0.184109, 

909.252, 18, 0, 0.184109, 

909.252, 19, 0, 0.184109, 

909.252, 20, 0, 0.184109, 

909.252, 21, 0, 0.184109, 

909.252, 22, 0, 0.184109, 

909.252, 23, 0, 0.184109, 

909.252, 24, 0, 0.184109, 

909.252, 25, 0, 0.184109, 

909.252, 26, 0, 0.184109, 

909.252, 27, 0, 0.184109, 

909.252, 28, 0, 0.184109, 

909.252, 29, 0, 0.184109, 

909.252, 30, 0, 0.184109, 

909.252, 31, 0, 0.184109, 

909.252, 32, 0, 0.184109, 

909.252, 33, 0, 0.184109, 

909.252, 34, 0, 0.184109, 

909.252, 35, 0, 0.184109, 

909.252, 36, 0, 0.184109, 

909.252, 37, 0, 0.184109, 

909.252, 38, 0, 0.184109, 

909.252, 39, 0, 0.184109, 

909.252, 40, 0, 0.184109, 

909.252, 41, 0, 0.184109, 

909.252, 42, 0, 0.184109, 

909.252, 43, 0, 0.184109, 

909.252, 44, 0, 0.184109, 

909.252, 45, 0, 0.184109, 

909.252, 46, 0, 0.184109, 

909.252, 47, 0, 0.184109, 

909.252, 48, 0, 0.184109, 

909.252, 49, 0, 0.184109, 

909.252, 50, 0, 0.184109, 

909.252, 51, 0, 0.184109, 

909.252, 52, 0, 0.184109, 

909.252, 53, 0, 0.184109, 

909.252, 54, 0, 0.184109, 

909.252, 55, 0, 0.184109, 

909.252, 56, 0, 0.184109, 

909.252, 57, 0, 0.184109, 

909.252, 58, 0, 0.184109, 

909.252, 59, 0, 0.184109, 

909.252, 60, 0, 0.184109, 

909.252, 61, 0, 0.184109, 

909.252, 62, 0, 0.184109, 

909.252, 63, 0, 0.184109, 

909.252, 64, 0, 0.184109, 

909.252, 65, 0, 0.184109, 

909.252, 66, 0, 0.184109, 

909.252, 67, 0, 0.184109, 

909.252, 68, 0, 0.184109, 

909.252, 69, 0, 0.184109, 

909.252, 70, 0, 0.184109, 

909.252, 71, 0, 0.184109, 

909.252, 72, 0, 0.184109, 

909.252, 73, 0, 0.184109, 

909.252, 74, 0, 0.184109, 

909.252, 75, 0, 0.184109, 

909.252, 76, 0, 0.184109, 

909.252, 77, 0, 0.184109, 

909.252, 78, 0, 0.184109, 

909.252, 79, 0, 0.184109, 

909.252, 80, 0, 0.184109, 

909.252, 81, 0, 0.184109, 

909.252, 82, 0, 0.184109, 

909.252, 83, 0, 0.184109, 

909.252, 84, 0, 0.184109, 

909.252, 85, 0, 0.184109, 

909.252, 86, 0, 0.184109, 

909.252, 87, 0, 0.184109, 

909.252, 88, 0, 0.184109, 

909.252, 89, 0, 0.184109, 

909.252, 90, 0, 0.184109, 

909.252, 91, 0, 0.184109, 

909.252, 92, 0, 0.184109, 

909.252, 93, 0, 0.184109, 

909.252, 94, 0, 0.184109, 

909.252, 95, 0, 0.184109, 

909.252, 96, 0, 0.184109, 

909.252, 97, 0, 0.184109, 

909.252, 98, 0, 0.184109, 

909.252, 99, 0, 0.184109, 

909.252, 100, 0, 0.184109, 

909.252, 101, 0, 0.184109, 

909.252, 102, 0, 0.184109, 

909.252, 103, 0, 0.184109, 

909.252, 104, 0, 0.184109, 

909.252, 105, 0, 0.184109, 

909.252, 106, 0, 0.184109, 

909.252, 107, 0, 0.184109, 

909.252, 108, 0, 0.184109, 

909.252, 109, 0, 0.184109, 

909.252, 110, 0, 0.184109, 

909.252, 111, 0, 0.184109, 

909.252, 112, 0, 0.184109, 

909.252, 113, 0, 0.184109, 

909.252, 114, 0, 0.184109, 

909.252, 115, 0, 0.184109, 

909.252, 116, 0, 0.184109, 

909.252, 117, 0, 0.184109, 

909.252, 118, 0, 0.184109, 

909.252, 119, 0, 0.184109, 

914.683, 0, 0, 0.184109, 

914.683, 1, 0, 0.184109, 

914.683, 2, 0, 0.184109, 

914.683, 3, 0, 0.184109, 

914.683, 4, 0, 0.184109, 

914.683, 5, 0, 0.184109, 

914.683, 6, 0, 0.184109, 

914.683, 7, 0, 0.184109, 

914.683, 8, 0, 0.184109, 

914.683, 9, 0, 0.184109, 

914.683, 10, 0, 0.184109, 

914.683, 11, 0, 0.184109, 

914.683, 12, 0, 0.184109, 

914.683, 13, 0, 0.184109, 

914.683, 14, 0, 0.184109, 

914.683, 15, 0, 0.184109, 

914.683, 16, 0, 0.184109, 

914.683, 17, 0, 0.184109, 

914.683, 18, 0, 0.184109, 

914.683, 19, 0, 0.184109, 

914.683, 20, 0, 0.184109, 

914.683, 21, 0, 0.184109, 

914.683, 22, 0, 0.184109, 

914.683, 23, 0, 0.184109, 

914.683, 24, 0, 0.184109, 

914.683, 25, 0, 0.184109, 

914.683, 26, 0, 0.184109, 

914.683, 27, 0, 0.184109, 

914.683, 28, 0, 0.184109, 

914.683, 29, 0, 0.184109, 

914.683, 30, 0, 0.184109, 

914.683, 31, 0, 0.184109, 

914.683, 32, 0, 0.184109, 

914.683, 33, 0, 0.184109, 

914.683, 34, 0, 0.184109, 

914.683, 35, 0, 0.184109, 

914.683, 36, 0, 0.184109, 

914.683, 37, 0, 0.184109, 

914.683, 38, 0, 0.184109, 

914.683, 39, 0, 0.184109, 

914.683, 40, 0, 0.184109, 

914.683, 41, 0, 0.184109, 

914.683, 42, 0, 0.184109, 

914.683, 43, 0, 0.184109, 

914.683, 44, 0, 0.184109, 

914.683, 45, 0, 0.184109, 

914.683, 46, 0, 0.184109, 

914.683, 47, 0, 0.184109, 

914.683, 48, 0, 0.184109, 

914.683, 49, 0, 0.184109, 

914.683, 50, 0, 0.184109, 

914.683, 51, 0, 0.184109, 

914.683, 52, 0, 0.184109, 

914.683, 53, 0, 0.184109, 

914.683, 54, 0, 0.184109, 

914.683, 55, 0, 0.184109, 

914.683, 56, 0, 0.184109, 

914.683, 57, 0, 0.184109, 

914.683, 58, 0, 0.184109, 

914.683, 59, 0, 0.184109, 

914.683, 60, 0, 0.184109, 

914.683, 61, 0, 0.184109, 

914.683, 62, 0, 0.184109, 

914.683, 63, 0, 0.184109, 

914.683, 64, 0, 0.184109, 

914.683, 65, 0, 0.184109, 

914.683, 66, 0, 0.184109, 

914.683, 67, 0, 0.184109, 

914.683, 68, 0, 0.184109, 

914.683, 69, 0, 0.184109, 

914.683, 70, 0, 0.184109, 

914.683, 71, 0, 0.184109, 

914.683, 72, 0, 0.184109, 

914.683, 73, 0, 0.184109, 

914.683, 74, 0, 0.184109, 

914.683, 75, 0, 0.184109, 

914.683, 76, 0, 0.184109, 

914.683, 77, 0, 0.184109, 

914.683, 78, 0, 0.184109, 

914.683, 79, 0, 0.184109, 

914.683, 80, 0, 0.184109, 

914.683, 81, 0, 0.184109, 

914.683, 82, 0, 0.184109, 

914.683, 83, 0, 0.184109, 

914.683, 84, 0, 0.184109, 

914.683, 85, 0, 0.184109, 

914.683, 86, 0, 0.184109, 

914.683, 87, 0, 0.184109, 

914.683, 88, 0, 0.184109, 

914.683, 89, 0, 0.184109, 

914.683, 90, 0, 0.184109, 

914.683, 91, 0, 0.184109, 

914.683, 92, 0, 0.184109, 

914.683, 93, 0, 0.184109, 

914.683, 94, 0, 0.184109, 

914.683, 95, 0, 0.184109, 

914.683, 96, 0, 0.184109, 

914.683, 97, 0, 0.184109, 

914.683, 98, 0, 0.184109, 

914.683, 99, 0, 0.184109, 

914.683, 100, 0, 0.184109, 

914.683, 101, 0, 0.184109, 

914.683, 102, 0, 0.184109, 

914.683, 103, 0, 0.184109, 

914.683, 104, 0, 0.184109, 

914.683, 105, 0, 0.184109, 

914.683, 106, 0, 0.184109, 

914.683, 107, 0, 0.184109, 

914.683, 108, 0, 0.184109, 

914.683, 109, 0, 0.184109, 

914.683, 110, 0, 0.184109, 

914.683, 111, 0, 0.184109, 

914.683, 112, 0, 0.184109, 

914.683, 113, 0, 0.184109, 

914.683, 114, 0, 0.184109, 

914.683, 115, 0, 0.184109, 

914.683, 116, 0, 0.184109, 

914.683, 117, 0, 0.184109, 

914.683, 118, 0, 0.184109, 

914.683, 119, 0, 0.184109, 

920.113, 0, 0, 0.184109, 

920.113, 1, 0, 0.184109, 

920.113, 2, 0, 0.184109, 

920.113, 3, 0, 0.184109, 

920.113, 4, 0, 0.184109, 

920.113, 5, 0, 0.184109, 

920.113, 6, 0, 0.184109, 

920.113, 7, 0, 0.184109, 

920.113, 8, 0, 0.184109, 

920.113, 9, 0, 0.184109, 

920.113, 10, 0, 0.184109, 

920.113, 11, 0, 0.184109, 

920.113, 12, 0, 0.184109, 

920.113, 13, 0, 0.184109, 

920.113, 14, 0, 0.184109, 

920.113, 15, 0, 0.184109, 

920.113, 16, 0, 0.184109, 

920.113, 17, 0, 0.184109, 

920.113, 18, 0, 0.184109, 

920.113, 19, 0, 0.184109, 

920.113, 20, 0, 0.184109, 

920.113, 21, 0, 0.184109, 

920.113, 22, 0, 0.184109, 

920.113, 23, 0, 0.184109, 

920.113, 24, 0, 0.184109, 

920.113, 25, 0, 0.184109, 

920.113, 26, 0, 0.184109, 

920.113, 27, 0, 0.184109, 

920.113, 28, 0, 0.184109, 

920.113, 29, 0, 0.184109, 

920.113, 30, 0, 0.184109, 

920.113, 31, 0, 0.184109, 

920.113, 32, 0, 0.184109, 

920.113, 33, 0, 0.184109, 

920.113, 34, 0, 0.184109, 

920.113, 35, 0, 0.184109, 

920.113, 36, 0, 0.184109, 

920.113, 37, 0, 0.184109, 

920.113, 38, 0, 0.184109, 

920.113, 39, 0, 0.184109, 

920.113, 40, 0, 0.184109, 

920.113, 41, 0, 0.184109, 

920.113, 42, 0, 0.184109, 

920.113, 43, 0, 0.184109, 

920.113, 44, 0, 0.184109, 

920.113, 45, 0, 0.184109, 

920.113, 46, 0, 0.184109, 

920.113, 47, 0, 0.184109, 

920.113, 48, 0, 0.184109, 

920.113, 49, 0, 0.184109, 

920.113, 50, 0, 0.184109, 

920.113, 51, 0, 0.184109, 

920.113, 52, 0, 0.184109, 

920.113, 53, 0, 0.184109, 

920.113, 54, 0, 0.184109, 

920.113, 55, 0, 0.184109, 

920.113, 56, 0, 0.184109, 

920.113, 57, 0, 0.184109, 

920.113, 58, 0, 0.184109, 

920.113, 59, 0, 0.184109, 

920.113, 60, 0, 0.184109, 

920.113, 61, 0, 0.184109, 

920.113, 62, 0, 0.184109, 

920.113, 63, 0, 0.184109, 

920.113, 64, 0, 0.184109, 

920.113, 65, 0, 0.184109, 

920.113, 66, 0, 0.184109, 

920.113, 67, 0, 0.184109, 

920.113, 68, 0, 0.184109, 

920.113, 69, 0, 0.184109, 

920.113, 70, 0, 0.184109, 

920.113, 71, 0, 0.184109, 

920.113, 72, 0, 0.184109, 

920.113, 73, 0, 0.184109, 

920.113, 74, 0, 0.184109, 

920.113, 75, 0, 0.184109, 

920.113, 76, 0, 0.184109, 

920.113, 77, 0, 0.184109, 

920.113, 78, 0, 0.184109, 

920.113, 79, 0, 0.184109, 

920.113, 80, 0, 0.184109, 

920.113, 81, 0, 0.184109, 

920.113, 82, 0, 0.184109, 

920.113, 83, 0, 0.184109, 

920.113, 84, 0, 0.184109, 

920.113, 85, 0, 0.184109, 

920.113, 86, 0, 0.184109, 

920.113, 87, 0, 0.184109, 

920.113, 88, 0, 0.184109, 

920.113, 89, 0, 0.184109, 

920.113, 90, 0, 0.184109, 

920.113, 91, 0, 0.184109, 

920.113, 92, 0, 0.184109, 

920.113, 93, 0, 0.184109, 

920.113, 94, 0, 0.184109, 

920.113, 95, 0, 0.184109, 

920.113, 96, 0, 0.184109, 

920.113, 97, 0, 0.184109, 

920.113, 98, 0, 0.184109, 

920.113, 99, 0, 0.184109, 

920.113, 100, 0, 0.184109, 

920.113, 101, 0, 0.184109, 

920.113, 102, 0, 0.184109, 

920.113, 103, 0, 0.184109, 

920.113, 104, 0, 0.184109, 

920.113, 105, 0, 0.184109, 

920.113, 106, 0, 0.184109, 

920.113, 107, 0, 0.184109, 

920.113, 108, 0, 0.184109, 

920.113, 109, 0, 0.184109, 

920.113, 110, 0, 0.184109, 

920.113, 111, 0, 0.184109, 

920.113, 112, 0, 0.184109, 

920.113, 113, 0, 0.184109, 

920.113, 114, 0, 0.184109, 

920.113, 115, 0, 0.184109, 

920.113, 116, 0, 0.184109, 

920.113, 117, 0, 0.184109, 

920.113, 118, 0, 0.184109, 

920.113, 119, 0, 0.184109, 

925.543, 0, 0, 0.184109, 

925.543, 1, 0, 0.184109, 

925.543, 2, 0, 0.184109, 

925.543, 3, 0, 0.184109, 

925.543, 4, 0, 0.184109, 

925.543, 5, 0, 0.184109, 

925.543, 6, 0, 0.184109, 

925.543, 7, 0, 0.184109, 

925.543, 8, 0, 0.184109, 

925.543, 9, 0, 0.184109, 

925.543, 10, 0, 0.184109, 

925.543, 11, 0, 0.184109, 

925.543, 12, 0, 0.184109, 

925.543, 13, 0, 0.184109, 

925.543, 14, 0, 0.184109, 

925.543, 15, 0, 0.184109, 

925.543, 16, 0, 0.184109, 

925.543, 17, 0, 0.184109, 

925.543, 18, 0, 0.184109, 

925.543, 19, 0, 0.184109, 

925.543, 20, 0, 0.184109, 

925.543, 21, 0, 0.184109, 

925.543, 22, 0, 0.184109, 

925.543, 23, 0, 0.184109, 

925.543, 24, 0, 0.184109, 

925.543, 25, 0, 0.184109, 

925.543, 26, 0, 0.184109, 

925.543, 27, 0, 0.184109, 

925.543, 28, 0, 0.184109, 

925.543, 29, 0, 0.184109, 

925.543, 30, 0, 0.184109, 

925.543, 31, 0, 0.184109, 

925.543, 32, 0, 0.184109, 

925.543, 33, 0, 0.184109, 

925.543, 34, 0, 0.184109, 

925.543, 35, 0, 0.184109, 

925.543, 36, 0, 0.184109, 

925.543, 37, 0, 0.184109, 

925.543, 38, 0, 0.184109, 

925.543, 39, 0, 0.184109, 

925.543, 40, 0, 0.184109, 

925.543, 41, 0, 0.184109, 

925.543, 42, 0, 0.184109, 

925.543, 43, 0, 0.184109, 

925.543, 44, 0, 0.184109, 

925.543, 45, 0, 0.184109, 

925.543, 46, 0, 0.184109, 

925.543, 47, 0, 0.184109, 

925.543, 48, 0, 0.184109, 

925.543, 49, 0, 0.184109, 

925.543, 50, 0, 0.184109, 

925.543, 51, 0, 0.184109, 

925.543, 52, 0, 0.184109, 

925.543, 53, 0, 0.184109, 

925.543, 54, 0, 0.184109, 

925.543, 55, 0, 0.184109, 

925.543, 56, 0, 0.184109, 

925.543, 57, 0, 0.184109, 

925.543, 58, 0, 0.184109, 

925.543, 59, 0, 0.184109, 

925.543, 60, 0, 0.184109, 

925.543, 61, 0, 0.184109, 

925.543, 62, 0, 0.184109, 

925.543, 63, 0, 0.184109, 

925.543, 64, 0, 0.184109, 

925.543, 65, 0, 0.184109, 

925.543, 66, 0, 0.184109, 

925.543, 67, 0, 0.184109, 

925.543, 68, 0, 0.184109, 

925.543, 69, 0, 0.184109, 

925.543, 70, 0, 0.184109, 

925.543, 71, 0, 0.184109, 

925.543, 72, 0, 0.184109, 

925.543, 73, 0, 0.184109, 

925.543, 74, 0, 0.184109, 

925.543, 75, 0, 0.184109, 

925.543, 76, 0, 0.184109, 

925.543, 77, 0, 0.184109, 

925.543, 78, 0, 0.184109, 

925.543, 79, 0, 0.184109, 

925.543, 80, 0, 0.184109, 

925.543, 81, 0, 0.184109, 

925.543, 82, 0, 0.184109, 

925.543, 83, 0, 0.184109, 

925.543, 84, 0, 0.184109, 

925.543, 85, 0, 0.184109, 

925.543, 86, 0, 0.184109, 

925.543, 87, 0, 0.184109, 

925.543, 88, 0, 0.184109, 

925.543, 89, 0, 0.184109, 

925.543, 90, 0, 0.184109, 

925.543, 91, 0, 0.184109, 

925.543, 92, 0, 0.184109, 

925.543, 93, 0, 0.184109, 

925.543, 94, 0, 0.184109, 

925.543, 95, 0, 0.184109, 

925.543, 96, 0, 0.184109, 

925.543, 97, 0, 0.184109, 

925.543, 98, 0, 0.184109, 

925.543, 99, 0, 0.184109, 

925.543, 100, 0, 0.184109, 

925.543, 101, 0, 0.184109, 

925.543, 102, 0, 0.184109, 

925.543, 103, 0, 0.184109, 

925.543, 104, 0, 0.184109, 

925.543, 105, 0, 0.184109, 

925.543, 106, 0, 0.184109, 

925.543, 107, 0, 0.184109, 

925.543, 108, 0, 0.184109, 

925.543, 109, 0, 0.184109, 

925.543, 110, 0, 0.184109, 

925.543, 111, 0, 0.184109, 

925.543, 112, 0, 0.184109, 

925.543, 113, 0, 0.184109, 

925.543, 114, 0, 0.184109, 

925.543, 115, 0, 0.184109, 

925.543, 116, 0, 0.184109, 

925.543, 117, 0, 0.184109, 

925.543, 118, 0, 0.184109, 

925.543, 119, 0, 0.184109, 

930.974, 0, 0, 0.184109, 

930.974, 1, 0, 0.184109, 

930.974, 2, 0, 0.184109, 

930.974, 3, 0, 0.184109, 

930.974, 4, 0, 0.184109, 

930.974, 5, 0, 0.184109, 

930.974, 6, 0, 0.184109, 

930.974, 7, 0, 0.184109, 

930.974, 8, 0, 0.184109, 

930.974, 9, 0, 0.184109, 

930.974, 10, 0, 0.184109, 

930.974, 11, 0, 0.184109, 

930.974, 12, 0, 0.184109, 

930.974, 13, 0, 0.184109, 

930.974, 14, 0, 0.184109, 

930.974, 15, 0, 0.184109, 

930.974, 16, 0, 0.184109, 

930.974, 17, 0, 0.184109, 

930.974, 18, 0, 0.184109, 

930.974, 19, 0, 0.184109, 

930.974, 20, 0, 0.184109, 

930.974, 21, 0, 0.184109, 

930.974, 22, 0, 0.184109, 

930.974, 23, 0, 0.184109, 

930.974, 24, 0, 0.184109, 

930.974, 25, 0, 0.184109, 

930.974, 26, 0, 0.184109, 

930.974, 27, 0, 0.184109, 

930.974, 28, 0, 0.184109, 

930.974, 29, 0, 0.184109, 

930.974, 30, 0, 0.184109, 

930.974, 31, 0, 0.184109, 

930.974, 32, 0, 0.184109, 

930.974, 33, 0, 0.184109, 

930.974, 34, 0, 0.184109, 

930.974, 35, 0, 0.184109, 

930.974, 36, 0, 0.184109, 

930.974, 37, 0, 0.184109, 

930.974, 38, 0, 0.184109, 

930.974, 39, 0, 0.184109, 

930.974, 40, 0, 0.184109, 

930.974, 41, 0, 0.184109, 

930.974, 42, 0, 0.184109, 

930.974, 43, 0, 0.184109, 

930.974, 44, 0, 0.184109, 

930.974, 45, 0, 0.184109, 

930.974, 46, 0, 0.184109, 

930.974, 47, 0, 0.184109, 

930.974, 48, 0, 0.184109, 

930.974, 49, 0, 0.184109, 

930.974, 50, 0, 0.184109, 

930.974, 51, 0, 0.184109, 

930.974, 52, 0, 0.184109, 

930.974, 53, 0, 0.184109, 

930.974, 54, 0, 0.184109, 

930.974, 55, 0, 0.184109, 

930.974, 56, 0, 0.184109, 

930.974, 57, 0, 0.184109, 

930.974, 58, 0, 0.184109, 

930.974, 59, 0, 0.184109, 

930.974, 60, 0, 0.184109, 

930.974, 61, 0, 0.184109, 

930.974, 62, 0, 0.184109, 

930.974, 63, 0, 0.184109, 

930.974, 64, 0, 0.184109, 

930.974, 65, 0, 0.184109, 

930.974, 66, 0, 0.184109, 

930.974, 67, 0, 0.184109, 

930.974, 68, 0, 0.184109, 

930.974, 69, 0, 0.184109, 

930.974, 70, 0, 0.184109, 

930.974, 71, 0, 0.184109, 

930.974, 72, 0, 0.184109, 

930.974, 73, 0, 0.184109, 

930.974, 74, 0, 0.184109, 

930.974, 75, 0, 0.184109, 

930.974, 76, 0, 0.184109, 

930.974, 77, 0, 0.184109, 

930.974, 78, 0, 0.184109, 

930.974, 79, 0, 0.184109, 

930.974, 80, 0, 0.184109, 

930.974, 81, 0, 0.184109, 

930.974, 82, 0, 0.184109, 

930.974, 83, 0, 0.184109, 

930.974, 84, 0, 0.184109, 

930.974, 85, 0, 0.184109, 

930.974, 86, 0, 0.184109, 

930.974, 87, 0, 0.184109, 

930.974, 88, 0, 0.184109, 

930.974, 89, 0, 0.184109, 

930.974, 90, 0, 0.184109, 

930.974, 91, 0, 0.184109, 

930.974, 92, 0, 0.184109, 

930.974, 93, 0, 0.184109, 

930.974, 94, 0, 0.184109, 

930.974, 95, 0, 0.184109, 

930.974, 96, 0, 0.184109, 

930.974, 97, 0, 0.184109, 

930.974, 98, 0, 0.184109, 

930.974, 99, 0, 0.184109, 

930.974, 100, 0, 0.184109, 

930.974, 101, 0, 0.184109, 

930.974, 102, 0, 0.184109, 

930.974, 103, 0, 0.184109, 

930.974, 104, 0, 0.184109, 

930.974, 105, 0, 0.184109, 

930.974, 106, 0, 0.184109, 

930.974, 107, 0, 0.184109, 

930.974, 108, 0, 0.184109, 

930.974, 109, 0, 0.184109, 

930.974, 110, 0, 0.184109, 

930.974, 111, 0, 0.184109, 

930.974, 112, 0, 0.184109, 

930.974, 113, 0, 0.184109, 

930.974, 114, 0, 0.184109, 

930.974, 115, 0, 0.184109, 

930.974, 116, 0, 0.184109, 

930.974, 117, 0, 0.184109, 

930.974, 118, 0, 0.184109, 

930.974, 119, 0, 0.184109, 

936.404, 0, 0, 0.184109, 

936.404, 1, 0, 0.184109, 

936.404, 2, 0, 0.184109, 

936.404, 3, 0, 0.184109, 

936.404, 4, 0, 0.184109, 

936.404, 5, 0, 0.184109, 

936.404, 6, 0, 0.184109, 

936.404, 7, 0, 0.184109, 

936.404, 8, 0, 0.184109, 

936.404, 9, 0, 0.184109, 

936.404, 10, 0, 0.184109, 

936.404, 11, 0, 0.184109, 

936.404, 12, 0, 0.184109, 

936.404, 13, 0, 0.184109, 

936.404, 14, 0, 0.184109, 

936.404, 15, 0, 0.184109, 

936.404, 16, 0, 0.184109, 

936.404, 17, 0, 0.184109, 

936.404, 18, 0, 0.184109, 

936.404, 19, 0, 0.184109, 

936.404, 20, 0, 0.184109, 

936.404, 21, 0, 0.184109, 

936.404, 22, 0, 0.184109, 

936.404, 23, 0, 0.184109, 

936.404, 24, 0, 0.184109, 

936.404, 25, 0, 0.184109, 

936.404, 26, 0, 0.184109, 

936.404, 27, 0, 0.184109, 

936.404, 28, 0, 0.184109, 

936.404, 29, 0, 0.184109, 

936.404, 30, 0, 0.184109, 

936.404, 31, 0, 0.184109, 

936.404, 32, 0, 0.184109, 

936.404, 33, 0, 0.184109, 

936.404, 34, 0, 0.184109, 

936.404, 35, 0, 0.184109, 

936.404, 36, 0, 0.184109, 

936.404, 37, 0, 0.184109, 

936.404, 38, 0, 0.184109, 

936.404, 39, 0, 0.184109, 

936.404, 40, 0, 0.184109, 

936.404, 41, 0, 0.184109, 

936.404, 42, 0, 0.184109, 

936.404, 43, 0, 0.184109, 

936.404, 44, 0, 0.184109, 

936.404, 45, 0, 0.184109, 

936.404, 46, 0, 0.184109, 

936.404, 47, 0, 0.184109, 

936.404, 48, 0, 0.184109, 

936.404, 49, 0, 0.184109, 

936.404, 50, 0, 0.184109, 

936.404, 51, 0, 0.184109, 

936.404, 52, 0, 0.184109, 

936.404, 53, 0, 0.184109, 

936.404, 54, 0, 0.184109, 

936.404, 55, 0, 0.184109, 

936.404, 56, 0, 0.184109, 

936.404, 57, 0, 0.184109, 

936.404, 58, 0, 0.184109, 

936.404, 59, 0, 0.184109, 

936.404, 60, 0, 0.184109, 

936.404, 61, 0, 0.184109, 

936.404, 62, 0, 0.184109, 

936.404, 63, 0, 0.184109, 

936.404, 64, 0, 0.184109, 

936.404, 65, 0, 0.184109, 

936.404, 66, 0, 0.184109, 

936.404, 67, 0, 0.184109, 

936.404, 68, 0, 0.184109, 

936.404, 69, 0, 0.184109, 

936.404, 70, 0, 0.184109, 

936.404, 71, 0, 0.184109, 

936.404, 72, 0, 0.184109, 

936.404, 73, 0, 0.184109, 

936.404, 74, 0, 0.184109, 

936.404, 75, 0, 0.184109, 

936.404, 76, 0, 0.184109, 

936.404, 77, 0, 0.184109, 

936.404, 78, 0, 0.184109, 

936.404, 79, 0, 0.184109, 

936.404, 80, 0, 0.184109, 

936.404, 81, 0, 0.184109, 

936.404, 82, 0, 0.184109, 

936.404, 83, 0, 0.184109, 

936.404, 84, 0, 0.184109, 

936.404, 85, 0, 0.184109, 

936.404, 86, 0, 0.184109, 

936.404, 87, 0, 0.184109, 

936.404, 88, 0, 0.184109, 

936.404, 89, 0, 0.184109, 

936.404, 90, 0, 0.184109, 

936.404, 91, 0, 0.184109, 

936.404, 92, 0, 0.184109, 

936.404, 93, 0, 0.184109, 

936.404, 94, 0, 0.184109, 

936.404, 95, 0, 0.184109, 

936.404, 96, 0, 0.184109, 

936.404, 97, 0, 0.184109, 

936.404, 98, 0, 0.184109, 

936.404, 99, 0, 0.184109, 

936.404, 100, 0, 0.184109, 

936.404, 101, 0, 0.184109, 

936.404, 102, 0, 0.184109, 

936.404, 103, 0, 0.184109, 

936.404, 104, 0, 0.184109, 

936.404, 105, 0, 0.184109, 

936.404, 106, 0, 0.184109, 

936.404, 107, 0, 0.184109, 

936.404, 108, 0, 0.184109, 

936.404, 109, 0, 0.184109, 

936.404, 110, 0, 0.184109, 

936.404, 111, 0, 0.184109, 

936.404, 112, 0, 0.184109, 

936.404, 113, 0, 0.184109, 

936.404, 114, 0, 0.184109, 

936.404, 115, 0, 0.184109, 

936.404, 116, 0, 0.184109, 

936.404, 117, 0, 0.184109, 

936.404, 118, 0, 0.184109, 

936.404, 119, 0, 0.184109, 

941.834, 0, 0, 0.184109, 

941.834, 1, 0, 0.184109, 

941.834, 2, 0, 0.184109, 

941.834, 3, 0, 0.184109, 

941.834, 4, 0, 0.184109, 

941.834, 5, 0, 0.184109, 

941.834, 6, 0, 0.184109, 

941.834, 7, 0, 0.184109, 

941.834, 8, 0, 0.184109, 

941.834, 9, 0, 0.184109, 

941.834, 10, 0, 0.184109, 

941.834, 11, 0, 0.184109, 

941.834, 12, 0, 0.184109, 

941.834, 13, 0, 0.184109, 

941.834, 14, 0, 0.184109, 

941.834, 15, 0, 0.184109, 

941.834, 16, 0, 0.184109, 

941.834, 17, 0, 0.184109, 

941.834, 18, 0, 0.184109, 

941.834, 19, 0, 0.184109, 

941.834, 20, 0, 0.184109, 

941.834, 21, 0, 0.184109, 

941.834, 22, 0, 0.184109, 

941.834, 23, 0, 0.184109, 

941.834, 24, 0, 0.184109, 

941.834, 25, 0, 0.184109, 

941.834, 26, 0, 0.184109, 

941.834, 27, 0, 0.184109, 

941.834, 28, 0, 0.184109, 

941.834, 29, 0, 0.184109, 

941.834, 30, 0, 0.184109, 

941.834, 31, 0, 0.184109, 

941.834, 32, 0, 0.184109, 

941.834, 33, 0, 0.184109, 

941.834, 34, 0, 0.184109, 

941.834, 35, 0, 0.184109, 

941.834, 36, 0, 0.184109, 

941.834, 37, 0, 0.184109, 

941.834, 38, 0, 0.184109, 

941.834, 39, 0, 0.184109, 

941.834, 40, 0, 0.184109, 

941.834, 41, 0, 0.184109, 

941.834, 42, 0, 0.184109, 

941.834, 43, 0, 0.184109, 

941.834, 44, 0, 0.184109, 

941.834, 45, 0, 0.184109, 

941.834, 46, 0, 0.184109, 

941.834, 47, 0, 0.184109, 

941.834, 48, 0, 0.184109, 

941.834, 49, 0, 0.184109, 

941.834, 50, 0, 0.184109, 

941.834, 51, 0, 0.184109, 

941.834, 52, 0, 0.184109, 

941.834, 53, 0, 0.184109, 

941.834, 54, 0, 0.184109, 

941.834, 55, 0, 0.184109, 

941.834, 56, 0, 0.184109, 

941.834, 57, 0, 0.184109, 

941.834, 58, 0, 0.184109, 

941.834, 59, 0, 0.184109, 

941.834, 60, 0, 0.184109, 

941.834, 61, 0, 0.184109, 

941.834, 62, 0, 0.184109, 

941.834, 63, 0, 0.184109, 

941.834, 64, 0, 0.184109, 

941.834, 65, 0, 0.184109, 

941.834, 66, 0, 0.184109, 

941.834, 67, 0, 0.184109, 

941.834, 68, 0, 0.184109, 

941.834, 69, 0, 0.184109, 

941.834, 70, 0, 0.184109, 

941.834, 71, 0, 0.184109, 

941.834, 72, 0, 0.184109, 

941.834, 73, 0, 0.184109, 

941.834, 74, 0, 0.184109, 

941.834, 75, 0, 0.184109, 

941.834, 76, 0, 0.184109, 

941.834, 77, 0, 0.184109, 

941.834, 78, 0, 0.184109, 

941.834, 79, 0, 0.184109, 

941.834, 80, 0, 0.184109, 

941.834, 81, 0, 0.184109, 

941.834, 82, 0, 0.184109, 

941.834, 83, 0, 0.184109, 

941.834, 84, 0, 0.184109, 

941.834, 85, 0, 0.184109, 

941.834, 86, 0, 0.184109, 

941.834, 87, 0, 0.184109, 

941.834, 88, 0, 0.184109, 

941.834, 89, 0, 0.184109, 

941.834, 90, 0, 0.184109, 

941.834, 91, 0, 0.184109, 

941.834, 92, 0, 0.184109, 

941.834, 93, 0, 0.184109, 

941.834, 94, 0, 0.184109, 

941.834, 95, 0, 0.184109, 

941.834, 96, 0, 0.184109, 

941.834, 97, 0, 0.184109, 

941.834, 98, 0, 0.184109, 

941.834, 99, 0, 0.184109, 

941.834, 100, 0, 0.184109, 

941.834, 101, 0, 0.184109, 

941.834, 102, 0, 0.184109, 

941.834, 103, 0, 0.184109, 

941.834, 104, 0, 0.184109, 

941.834, 105, 0, 0.184109, 

941.834, 106, 0, 0.184109, 

941.834, 107, 0, 0.184109, 

941.834, 108, 0, 0.184109, 

941.834, 109, 0, 0.184109, 

941.834, 110, 0, 0.184109, 

941.834, 111, 0, 0.184109, 

941.834, 112, 0, 0.184109, 

941.834, 113, 0, 0.184109, 

941.834, 114, 0, 0.184109, 

941.834, 115, 0, 0.184109, 

941.834, 116, 0, 0.184109, 

941.834, 117, 0, 0.184109, 

941.834, 118, 0, 0.184109, 

941.834, 119, 0, 0.184109, 

947.265, 0, 0, 0.184109, 

947.265, 1, 0, 0.184109, 

947.265, 2, 0, 0.184109, 

947.265, 3, 0, 0.184109, 

947.265, 4, 0, 0.184109, 

947.265, 5, 0, 0.184109, 

947.265, 6, 0, 0.184109, 

947.265, 7, 0, 0.184109, 

947.265, 8, 0, 0.184109, 

947.265, 9, 0, 0.184109, 

947.265, 10, 0, 0.184109, 

947.265, 11, 0, 0.184109, 

947.265, 12, 0, 0.184109, 

947.265, 13, 0, 0.184109, 

947.265, 14, 0, 0.184109, 

947.265, 15, 0, 0.184109, 

947.265, 16, 0, 0.184109, 

947.265, 17, 0, 0.184109, 

947.265, 18, 0, 0.184109, 

947.265, 19, 0, 0.184109, 

947.265, 20, 0, 0.184109, 

947.265, 21, 0, 0.184109, 

947.265, 22, 0, 0.184109, 

947.265, 23, 0, 0.184109, 

947.265, 24, 0, 0.184109, 

947.265, 25, 0, 0.184109, 

947.265, 26, 0, 0.184109, 

947.265, 27, 0, 0.184109, 

947.265, 28, 0, 0.184109, 

947.265, 29, 0, 0.184109, 

947.265, 30, 0, 0.184109, 

947.265, 31, 0, 0.184109, 

947.265, 32, 0, 0.184109, 

947.265, 33, 0, 0.184109, 

947.265, 34, 0, 0.184109, 

947.265, 35, 0, 0.184109, 

947.265, 36, 0, 0.184109, 

947.265, 37, 0, 0.184109, 

947.265, 38, 0, 0.184109, 

947.265, 39, 0, 0.184109, 

947.265, 40, 0, 0.184109, 

947.265, 41, 0, 0.184109, 

947.265, 42, 0, 0.184109, 

947.265, 43, 0, 0.184109, 

947.265, 44, 0, 0.184109, 

947.265, 45, 0, 0.184109, 

947.265, 46, 0, 0.184109, 

947.265, 47, 0, 0.184109, 

947.265, 48, 0, 0.184109, 

947.265, 49, 0, 0.184109, 

947.265, 50, 0, 0.184109, 

947.265, 51, 0, 0.184109, 

947.265, 52, 0, 0.184109, 

947.265, 53, 0, 0.184109, 

947.265, 54, 0, 0.184109, 

947.265, 55, 0, 0.184109, 

947.265, 56, 0, 0.184109, 

947.265, 57, 0, 0.184109, 

947.265, 58, 0, 0.184109, 

947.265, 59, 0, 0.184109, 

947.265, 60, 0, 0.184109, 

947.265, 61, 0, 0.184109, 

947.265, 62, 0, 0.184109, 

947.265, 63, 0, 0.184109, 

947.265, 64, 0, 0.184109, 

947.265, 65, 0, 0.184109, 

947.265, 66, 0, 0.184109, 

947.265, 67, 0, 0.184109, 

947.265, 68, 0, 0.184109, 

947.265, 69, 0, 0.184109, 

947.265, 70, 0, 0.184109, 

947.265, 71, 0, 0.184109, 

947.265, 72, 0, 0.184109, 

947.265, 73, 0, 0.184109, 

947.265, 74, 0, 0.184109, 

947.265, 75, 0, 0.184109, 

947.265, 76, 0, 0.184109, 

947.265, 77, 0, 0.184109, 

947.265, 78, 0, 0.184109, 

947.265, 79, 0, 0.184109, 

947.265, 80, 0, 0.184109, 

947.265, 81, 0, 0.184109, 

947.265, 82, 0, 0.184109, 

947.265, 83, 0, 0.184109, 

947.265, 84, 0, 0.184109, 

947.265, 85, 0, 0.184109, 

947.265, 86, 0, 0.184109, 

947.265, 87, 0, 0.184109, 

947.265, 88, 0, 0.184109, 

947.265, 89, 0, 0.184109, 

947.265, 90, 0, 0.184109, 

947.265, 91, 0, 0.184109, 

947.265, 92, 0, 0.184109, 

947.265, 93, 0, 0.184109, 

947.265, 94, 0, 0.184109, 

947.265, 95, 0, 0.184109, 

947.265, 96, 0, 0.184109, 

947.265, 97, 0, 0.184109, 

947.265, 98, 0, 0.184109, 

947.265, 99, 0, 0.184109, 

947.265, 100, 0, 0.184109, 

947.265, 101, 0, 0.184109, 

947.265, 102, 0, 0.184109, 

947.265, 103, 0, 0.184109, 

947.265, 104, 0, 0.184109, 

947.265, 105, 0, 0.184109, 

947.265, 106, 0, 0.184109, 

947.265, 107, 0, 0.184109, 

947.265, 108, 0, 0.184109, 

947.265, 109, 0, 0.184109, 

947.265, 110, 0, 0.184109, 

947.265, 111, 0, 0.184109, 

947.265, 112, 0, 0.184109, 

947.265, 113, 0, 0.184109, 

947.265, 114, 0, 0.184109, 

947.265, 115, 0, 0.184109, 

947.265, 116, 0, 0.184109, 

947.265, 117, 0, 0.184109, 

947.265, 118, 0, 0.184109, 

947.265, 119, 0, 0.184109, 

952.695, 0, 0, 0.184109, 

952.695, 1, 0, 0.184109, 

952.695, 2, 0, 0.184109, 

952.695, 3, 0, 0.184109, 

952.695, 4, 0, 0.184109, 

952.695, 5, 0, 0.184109, 

952.695, 6, 0, 0.184109, 

952.695, 7, 0, 0.184109, 

952.695, 8, 0, 0.184109, 

952.695, 9, 0, 0.184109, 

952.695, 10, 0, 0.184109, 

952.695, 11, 0, 0.184109, 

952.695, 12, 0, 0.184109, 

952.695, 13, 0, 0.184109, 

952.695, 14, 0, 0.184109, 

952.695, 15, 0, 0.184109, 

952.695, 16, 0, 0.184109, 

952.695, 17, 0, 0.184109, 

952.695, 18, 0, 0.184109, 

952.695, 19, 0, 0.184109, 

952.695, 20, 0, 0.184109, 

952.695, 21, 0, 0.184109, 

952.695, 22, 0, 0.184109, 

952.695, 23, 0, 0.184109, 

952.695, 24, 0, 0.184109, 

952.695, 25, 0, 0.184109, 

952.695, 26, 0, 0.184109, 

952.695, 27, 0, 0.184109, 

952.695, 28, 0, 0.184109, 

952.695, 29, 0, 0.184109, 

952.695, 30, 0, 0.184109, 

952.695, 31, 0, 0.184109, 

952.695, 32, 0, 0.184109, 

952.695, 33, 0, 0.184109, 

952.695, 34, 0, 0.184109, 

952.695, 35, 0, 0.184109, 

952.695, 36, 0, 0.184109, 

952.695, 37, 0, 0.184109, 

952.695, 38, 0, 0.184109, 

952.695, 39, 0, 0.184109, 

952.695, 40, 0, 0.184109, 

952.695, 41, 0, 0.184109, 

952.695, 42, 0, 0.184109, 

952.695, 43, 0, 0.184109, 

952.695, 44, 0, 0.184109, 

952.695, 45, 0, 0.184109, 

952.695, 46, 0, 0.184109, 

952.695, 47, 0, 0.184109, 

952.695, 48, 0, 0.184109, 

952.695, 49, 0, 0.184109, 

952.695, 50, 0, 0.184109, 

952.695, 51, 0, 0.184109, 

952.695, 52, 0, 0.184109, 

952.695, 53, 0, 0.184109, 

952.695, 54, 0, 0.184109, 

952.695, 55, 0, 0.184109, 

952.695, 56, 0, 0.184109, 

952.695, 57, 0, 0.184109, 

952.695, 58, 0, 0.184109, 

952.695, 59, 0, 0.184109, 

952.695, 60, 0, 0.184109, 

952.695, 61, 0, 0.184109, 

952.695, 62, 0, 0.184109, 

952.695, 63, 0, 0.184109, 

952.695, 64, 0, 0.184109, 

952.695, 65, 0, 0.184109, 

952.695, 66, 0, 0.184109, 

952.695, 67, 0, 0.184109, 

952.695, 68, 0, 0.184109, 

952.695, 69, 0, 0.184109, 

952.695, 70, 0, 0.184109, 

952.695, 71, 0, 0.184109, 

952.695, 72, 0, 0.184109, 

952.695, 73, 0, 0.184109, 

952.695, 74, 0, 0.184109, 

952.695, 75, 0, 0.184109, 

952.695, 76, 0, 0.184109, 

952.695, 77, 0, 0.184109, 

952.695, 78, 0, 0.184109, 

952.695, 79, 0, 0.184109, 

952.695, 80, 0, 0.184109, 

952.695, 81, 0, 0.184109, 

952.695, 82, 0, 0.184109, 

952.695, 83, 0, 0.184109, 

952.695, 84, 0, 0.184109, 

952.695, 85, 0, 0.184109, 

952.695, 86, 0, 0.184109, 

952.695, 87, 0, 0.184109, 

952.695, 88, 0, 0.184109, 

952.695, 89, 0, 0.184109, 

952.695, 90, 0, 0.184109, 

952.695, 91, 0, 0.184109, 

952.695, 92, 0, 0.184109, 

952.695, 93, 0, 0.184109, 

952.695, 94, 0, 0.184109, 

952.695, 95, 0, 0.184109, 

952.695, 96, 0, 0.184109, 

952.695, 97, 0, 0.184109, 

952.695, 98, 0, 0.184109, 

952.695, 99, 0, 0.184109, 

952.695, 100, 0, 0.184109, 

952.695, 101, 0, 0.184109, 

952.695, 102, 0, 0.184109, 

952.695, 103, 0, 0.184109, 

952.695, 104, 0, 0.184109, 

952.695, 105, 0, 0.184109, 

952.695, 106, 0, 0.184109, 

952.695, 107, 0, 0.184109, 

952.695, 108, 0, 0.184109, 

952.695, 109, 0, 0.184109, 

952.695, 110, 0, 0.184109, 

952.695, 111, 0, 0.184109, 

952.695, 112, 0, 0.184109, 

952.695, 113, 0, 0.184109, 

952.695, 114, 0, 0.184109, 

952.695, 115, 0, 0.184109, 

952.695, 116, 0, 0.184109, 

952.695, 117, 0, 0.184109, 

952.695, 118, 0, 0.184109, 

952.695, 119, 0, 0.184109, 

958.126, 0, 0, 0.184109, 

958.126, 1, 0, 0.184109, 

958.126, 2, 0, 0.184109, 

958.126, 3, 0, 0.184109, 

958.126, 4, 0, 0.184109, 

958.126, 5, 0, 0.184109, 

958.126, 6, 0, 0.184109, 

958.126, 7, 0, 0.184109, 

958.126, 8, 0, 0.184109, 

958.126, 9, 0, 0.184109, 

958.126, 10, 0, 0.184109, 

958.126, 11, 0, 0.184109, 

958.126, 12, 0, 0.184109, 

958.126, 13, 0, 0.184109, 

958.126, 14, 0, 0.184109, 

958.126, 15, 0, 0.184109, 

958.126, 16, 0, 0.184109, 

958.126, 17, 0, 0.184109, 

958.126, 18, 0, 0.184109, 

958.126, 19, 0, 0.184109, 

958.126, 20, 0, 0.184109, 

958.126, 21, 0, 0.184109, 

958.126, 22, 0, 0.184109, 

958.126, 23, 0, 0.184109, 

958.126, 24, 0, 0.184109, 

958.126, 25, 0, 0.184109, 

958.126, 26, 0, 0.184109, 

958.126, 27, 0, 0.184109, 

958.126, 28, 0, 0.184109, 

958.126, 29, 0, 0.184109, 

958.126, 30, 0, 0.184109, 

958.126, 31, 0, 0.184109, 

958.126, 32, 0, 0.184109, 

958.126, 33, 0, 0.184109, 

958.126, 34, 0, 0.184109, 

958.126, 35, 0, 0.184109, 

958.126, 36, 0, 0.184109, 

958.126, 37, 0, 0.184109, 

958.126, 38, 0, 0.184109, 

958.126, 39, 0, 0.184109, 

958.126, 40, 0, 0.184109, 

958.126, 41, 0, 0.184109, 

958.126, 42, 0, 0.184109, 

958.126, 43, 0, 0.184109, 

958.126, 44, 0, 0.184109, 

958.126, 45, 0, 0.184109, 

958.126, 46, 0, 0.184109, 

958.126, 47, 0, 0.184109, 

958.126, 48, 0, 0.184109, 

958.126, 49, 0, 0.184109, 

958.126, 50, 0, 0.184109, 

958.126, 51, 0, 0.184109, 

958.126, 52, 0, 0.184109, 

958.126, 53, 0, 0.184109, 

958.126, 54, 0, 0.184109, 

958.126, 55, 0, 0.184109, 

958.126, 56, 0, 0.184109, 

958.126, 57, 0, 0.184109, 

958.126, 58, 0, 0.184109, 

958.126, 59, 0, 0.184109, 

958.126, 60, 0, 0.184109, 

958.126, 61, 0, 0.184109, 

958.126, 62, 0, 0.184109, 

958.126, 63, 0, 0.184109, 

958.126, 64, 0, 0.184109, 

958.126, 65, 0, 0.184109, 

958.126, 66, 0, 0.184109, 

958.126, 67, 0, 0.184109, 

958.126, 68, 0, 0.184109, 

958.126, 69, 0, 0.184109, 

958.126, 70, 0, 0.184109, 

958.126, 71, 0, 0.184109, 

958.126, 72, 0, 0.184109, 

958.126, 73, 0, 0.184109, 

958.126, 74, 0, 0.184109, 

958.126, 75, 0, 0.184109, 

958.126, 76, 0, 0.184109, 

958.126, 77, 0, 0.184109, 

958.126, 78, 0, 0.184109, 

958.126, 79, 0, 0.184109, 

958.126, 80, 0, 0.184109, 

958.126, 81, 0, 0.184109, 

958.126, 82, 0, 0.184109, 

958.126, 83, 0, 0.184109, 

958.126, 84, 0, 0.184109, 

958.126, 85, 0, 0.184109, 

958.126, 86, 0, 0.184109, 

958.126, 87, 0, 0.184109, 

958.126, 88, 0, 0.184109, 

958.126, 89, 0, 0.184109, 

958.126, 90, 0, 0.184109, 

958.126, 91, 0, 0.184109, 

958.126, 92, 0, 0.184109, 

958.126, 93, 0, 0.184109, 

958.126, 94, 0, 0.184109, 

958.126, 95, 0, 0.184109, 

958.126, 96, 0, 0.184109, 

958.126, 97, 0, 0.184109, 

958.126, 98, 0, 0.184109, 

958.126, 99, 0, 0.184109, 

958.126, 100, 0, 0.184109, 

958.126, 101, 0, 0.184109, 

958.126, 102, 0, 0.184109, 

958.126, 103, 0, 0.184109, 

958.126, 104, 0, 0.184109, 

958.126, 105, 0, 0.184109, 

958.126, 106, 0, 0.184109, 

958.126, 107, 0, 0.184109, 

958.126, 108, 0, 0.184109, 

958.126, 109, 0, 0.184109, 

958.126, 110, 0, 0.184109, 

958.126, 111, 0, 0.184109, 

958.126, 112, 0, 0.184109, 

958.126, 113, 0, 0.184109, 

958.126, 114, 0, 0.184109, 

958.126, 115, 0, 0.184109, 

958.126, 116, 0, 0.184109, 

958.126, 117, 0, 0.184109, 

958.126, 118, 0, 0.184109, 

958.126, 119, 0, 0.184109, 

963.556, 0, 0, 0.184109, 

963.556, 1, 0, 0.184109, 

963.556, 2, 0, 0.184109, 

963.556, 3, 0, 0.184109, 

963.556, 4, 0, 0.184109, 

963.556, 5, 0, 0.184109, 

963.556, 6, 0, 0.184109, 

963.556, 7, 0, 0.184109, 

963.556, 8, 0, 0.184109, 

963.556, 9, 0, 0.184109, 

963.556, 10, 0, 0.184109, 

963.556, 11, 0, 0.184109, 

963.556, 12, 0, 0.184109, 

963.556, 13, 0, 0.184109, 

963.556, 14, 0, 0.184109, 

963.556, 15, 0, 0.184109, 

963.556, 16, 0, 0.184109, 

963.556, 17, 0, 0.184109, 

963.556, 18, 0, 0.184109, 

963.556, 19, 0, 0.184109, 

963.556, 20, 0, 0.184109, 

963.556, 21, 0, 0.184109, 

963.556, 22, 0, 0.184109, 

963.556, 23, 0, 0.184109, 

963.556, 24, 0, 0.184109, 

963.556, 25, 0, 0.184109, 

963.556, 26, 0, 0.184109, 

963.556, 27, 0, 0.184109, 

963.556, 28, 0, 0.184109, 

963.556, 29, 0, 0.184109, 

963.556, 30, 0, 0.184109, 

963.556, 31, 0, 0.184109, 

963.556, 32, 0, 0.184109, 

963.556, 33, 0, 0.184109, 

963.556, 34, 0, 0.184109, 

963.556, 35, 0, 0.184109, 

963.556, 36, 0, 0.184109, 

963.556, 37, 0, 0.184109, 

963.556, 38, 0, 0.184109, 

963.556, 39, 0, 0.184109, 

963.556, 40, 0, 0.184109, 

963.556, 41, 0, 0.184109, 

963.556, 42, 0, 0.184109, 

963.556, 43, 0, 0.184109, 

963.556, 44, 0, 0.184109, 

963.556, 45, 0, 0.184109, 

963.556, 46, 0, 0.184109, 

963.556, 47, 0, 0.184109, 

963.556, 48, 0, 0.184109, 

963.556, 49, 0, 0.184109, 

963.556, 50, 0, 0.184109, 

963.556, 51, 0, 0.184109, 

963.556, 52, 0, 0.184109, 

963.556, 53, 0, 0.184109, 

963.556, 54, 0, 0.184109, 

963.556, 55, 0, 0.184109, 

963.556, 56, 0, 0.184109, 

963.556, 57, 0, 0.184109, 

963.556, 58, 0, 0.184109, 

963.556, 59, 0, 0.184109, 

963.556, 60, 0, 0.184109, 

963.556, 61, 0, 0.184109, 

963.556, 62, 0, 0.184109, 

963.556, 63, 0, 0.184109, 

963.556, 64, 0, 0.184109, 

963.556, 65, 0, 0.184109, 

963.556, 66, 0, 0.184109, 

963.556, 67, 0, 0.184109, 

963.556, 68, 0, 0.184109, 

963.556, 69, 0, 0.184109, 

963.556, 70, 0, 0.184109, 

963.556, 71, 0, 0.184109, 

963.556, 72, 0, 0.184109, 

963.556, 73, 0, 0.184109, 

963.556, 74, 0, 0.184109, 

963.556, 75, 0, 0.184109, 

963.556, 76, 0, 0.184109, 

963.556, 77, 0, 0.184109, 

963.556, 78, 0, 0.184109, 

963.556, 79, 0, 0.184109, 

963.556, 80, 0, 0.184109, 

963.556, 81, 0, 0.184109, 

963.556, 82, 0, 0.184109, 

963.556, 83, 0, 0.184109, 

963.556, 84, 0, 0.184109, 

963.556, 85, 0, 0.184109, 

963.556, 86, 0, 0.184109, 

963.556, 87, 0, 0.184109, 

963.556, 88, 0, 0.184109, 

963.556, 89, 0, 0.184109, 

963.556, 90, 0, 0.184109, 

963.556, 91, 0, 0.184109, 

963.556, 92, 0, 0.184109, 

963.556, 93, 0, 0.184109, 

963.556, 94, 0, 0.184109, 

963.556, 95, 0, 0.184109, 

963.556, 96, 0, 0.184109, 

963.556, 97, 0, 0.184109, 

963.556, 98, 0, 0.184109, 

963.556, 99, 0, 0.184109, 

963.556, 100, 0, 0.184109, 

963.556, 101, 0, 0.184109, 

963.556, 102, 0, 0.184109, 

963.556, 103, 0, 0.184109, 

963.556, 104, 0, 0.184109, 

963.556, 105, 0, 0.184109, 

963.556, 106, 0, 0.184109, 

963.556, 107, 0, 0.184109, 

963.556, 108, 0, 0.184109, 

963.556, 109, 0, 0.184109, 

963.556, 110, 0, 0.184109, 

963.556, 111, 0, 0.184109, 

963.556, 112, 0, 0.184109, 

963.556, 113, 0, 0.184109, 

963.556, 114, 0, 0.184109, 

963.556, 115, 0, 0.184109, 

963.556, 116, 0, 0.184109, 

963.556, 117, 0, 0.184109, 

963.556, 118, 0, 0.184109, 

963.556, 119, 0, 0.184109, 

0.184109, 

963.556, 107, 0, 0.184109, 

963.556, 108, 0, 0.184109, 

963.556, 109, 0, 0.184109, 

963.556, 110, 0, 0.184109, 

963.556, 111, 0, 0.184109, 

963.556, 112, 0, 0.184109, 

963.556, 113, 0, 0.184109, 

963.556, 114, 0, 0.184109, 

963.556, 115, 0, 0.184109, 

963.556, 116, 0, 0.184109, 

963.556, 117, 0, 0.184109, 

963.556, 118, 0, 0.184109, 

963.556, 119, 0, 0.184109, 

